Inicio: 31-12-1969-20:59:59:999
Fim: 19-12-2018-17:15:51:190
23092682479207,-0.567383,-10.157501,-1.055908,1
23092712477987,-0.638794,-10.137665,-1.085266,1
23092752181356,-0.479309,-10.216217,-0.903564,1
23092781478231,-0.451538,-10.308258,-0.934509,1
23092812728231,-0.449951,-10.095612,-0.882141,1
23092842025106,-0.593567,-9.921051,-0.798035,1
23092871321981,-0.639587,-9.748871,-0.707581,1
23092902571981,-0.715759,-9.795685,-0.613953,1
23092931868856,-0.815735,-9.878998,-0.535400,1
23092941817586,-0.016525,0.083191,-0.069122,4
23092961165731,-0.716553,-10.194000,-0.644104,1
23092971755331,-0.067078,0.079636,-0.079803,4
23092992415731,-0.605469,-10.365387,-0.754395,1
23093001662557,-0.045715,0.078217,-0.104370,4
23093021712606,-0.460266,-10.265411,-0.707581,1
23093031569784,-0.026855,0.080704,-0.116837,4
23093091414754,0.025131,0.102417,-0.090851,4
23093111556356,-0.296814,-10.179718,-0.891663,1
23093121321981,0.039734,0.102417,-0.063080,4
23093140853231,-0.209534,-10.140839,-0.938477,1
23093151229207,0.046844,0.103485,-0.031387,4
23093181166952,0.082809,0.083908,-0.002548,4
23093201400106,0.093567,-9.967072,-1.205872,1
23093211074178,0.096344,0.072876,0.015259,4
23093240981405,0.056458,0.049728,0.025574,4
23093270888631,-0.022217,0.035843,0.036621,4
23093300795858,-0.068512,0.029083,0.040527,4
23093230696981,0.127686,-9.717133,-1.150330,1
23093320540731,0.139587,-10.242401,-1.154297,1
23093381087606,0.105469,-10.370941,-1.041626,1
23093390548055,-0.007629,0.011993,0.009918,4
23093410384481,0.040405,-10.347931,-0.961487,1
23093420455282,0.028687,0.000595,0.009552,4
23093450362508,0.064301,0.007355,0.026642,4
23093439681356,0.003906,-10.204315,-0.969421,1
23093470931356,-0.026245,-10.162262,-1.020203,1
23093480269735,0.047913,0.002380,0.024872,4
23093500228231,-0.010376,-10.129730,-1.028931,1
23093510268514,0.060730,0.017685,0.041245,4
23093529525106,-0.058777,-10.102753,-1.002747,1
23093619368856,-0.045288,-10.129730,-0.826599,1
23093629866903,0.034393,0.024094,0.069016,4
23093648665731,-0.051636,-10.117828,-0.740112,1
23093659774129,0.007324,0.041183,0.077560,4
23093679915731,-0.086548,-10.163055,-0.863892,1
23093689681356,0.003052,0.049011,0.094299,4
23093709212606,-0.187317,-10.407440,-1.042419,1
23093719588582,0.055756,0.069305,0.102478,4
23093749526327,0.204224,0.072876,0.099991,4
23093738509481,-0.292053,-10.698639,-1.078918,1
23093769759481,-0.280945,-10.866852,-0.931335,1
23093779433553,0.390778,0.063263,0.080414,4
23093799056356,-0.140503,-10.413788,-0.549683,1
23093809340780,0.452377,0.062897,0.066879,4
23093828353231,-0.134155,-10.083710,-0.314819,1
23093859603231,-0.365845,-10.004364,-0.271973,1
23093839248006,0.400040,0.102417,0.077209,4
23093869155233,0.323486,0.124146,0.093582,4
23093918196981,-0.819702,-10.255890,-0.279114,1
23093929000204,0.349487,0.093872,0.088242,4
23093958907430,0.424606,0.050079,0.074005,4
23093978743856,-0.854614,-9.651276,0.135071,1
23093988814657,0.351257,0.034424,0.059753,4
23094008040731,-0.942688,-9.803619,0.268372,1
23094018752401,0.259766,0.030151,0.057617,4
23094108474081,0.029053,0.034424,-0.064148,4
23094097884481,-1.149780,-10.051971,0.423096,1
23094129134481,-1.355286,-10.081329,0.538147,1
23094138381307,-0.052124,-0.002609,-0.156006,4
23094187728231,-0.764160,-9.713959,0.269958,1
23094367389930,-0.533264,-10.299530,-0.123596,1
23094427936805,-0.592773,-10.618500,0.031921,1
23094457233680,-0.782410,-10.712128,0.042236,1
23094347767127,-0.117645,0.386185,0.043030,4
23094377704871,-0.123688,0.402924,0.019882,4
23094407612098,-0.054626,0.411819,0.004578,4
23094467426551,0.173248,0.427124,-0.017502,4
23094497333778,0.298218,0.386185,-0.043137,4
23094517780555,-1.144226,-10.351898,0.433411,1
23094527241004,0.349838,0.368744,-0.065918,4
23094557178748,0.408585,0.327087,-0.102600,4
23094576374305,-1.690918,-10.222565,0.569885,1
23094587055457,0.481567,0.229523,-0.180923,4
23094607624305,-1.614746,-9.775055,0.951538,1
23094616993201,0.376892,0.145859,-0.236465,4
23094636921180,-1.617126,-9.572723,1.139587,1
23094646900428,0.295013,0.054352,-0.254623,4
23094666218055,-1.555237,-9.477509,1.230835,1
23094676838172,0.205994,-0.004028,-0.241089,4
23094697468055,-1.343384,-9.635406,1.189575,1
23094706745399,0.117706,-0.041412,-0.217957,4
23094726764930,-0.984741,-9.936127,1.153076,1
23094736652625,0.052551,-0.035370,-0.188400,4
23094756061805,-0.832397,-10.235260,0.869812,1
23094785358680,-0.155579,-10.433624,0.622253,1
23094856281531,0.100250,0.193573,-0.171661,4
23094875202430,-0.107178,-9.904388,0.386597,1
23094886219276,0.015167,0.152985,-0.172729,4
23094906452430,0.156250,-9.426727,0.446899,1
23094916126502,-0.137222,0.162949,-0.148529,4
23094965046180,1.375000,-8.795929,0.657166,1
23094975940955,-0.421692,0.218842,-0.084793,4
23094996296180,1.501160,-9.554474,0.848389,1
23095005848182,-0.613251,0.254807,-0.047409,4
23095095569862,0.233063,0.140518,-0.042419,4
23095115436805,-0.353149,-9.504486,1.735474,1
23095125477088,0.562042,-0.066345,0.033417,4
23095144733680,-0.725281,-9.426727,2.232971,1
23095155414832,1.072952,-0.708984,0.108536,4
23095175983680,0.551392,-8.019135,2.593994,1
23095185291541,0.928406,-0.827545,-0.060944,4
23095205280555,1.259155,-7.063812,2.229004,1
23095215229285,1.142029,-0.670181,0.679260,4
23095234577430,-0.024658,-5.873627,3.669128,1
23095245105994,1.460678,-0.500351,1.611725,4
23095263874305,-2.298706,-5.146820,5.086243,1
23095275043739,0.952606,-0.731781,1.907959,4
23095334919227,-1.020905,-0.575119,2.640320,4
23095295124305,-2.754150,-6.014862,3.044678,1
23095324421180,-3.707092,-8.937164,-0.025208,1
23095353718055,-4.439453,-9.878204,-0.405273,1
23095384968055,-4.578308,-9.301361,0.449280,1
23095414264930,-5.278931,-9.470367,0.289001,1
23095443561805,-6.454834,-9.425934,-0.090271,1
23095454517615,-0.892380,-0.894135,3.174377,4
23095474811805,-7.458557,-8.777679,-0.193420,1
23095574177039,-1.679581,-1.228455,2.924088,4
23095593952430,-8.664612,-6.662323,-1.255066,1
23095604084266,-1.940918,-1.068237,2.747498,4
23095623249305,-8.798706,-5.159515,-1.129700,1
23095633991492,-2.639465,-0.759186,2.541702,4
23095654499305,-9.614380,-4.337494,-1.226501,1
23095663929237,-3.285675,-0.457977,2.364044,4
23095683399451,-10.811707,-4.400177,-1.487549,1
23095693836463,-3.334808,-0.342621,2.234802,4
23095713093055,-11.805115,-4.441437,-1.658142,1
23095723743690,-2.817841,-0.428070,2.075653,4
23095744343055,-11.794800,-4.275604,-1.909668,1
23095753650916,-1.929871,-0.590073,1.805420,4
23095783558143,-0.942581,-0.730713,1.484268,4
23095832233680,-10.159485,-2.886261,-0.625061,1
23095863483680,-9.950806,-2.632355,0.222351,1
23095892780555,-9.485840,-2.529205,0.600830,1
23095873310340,-0.455170,-0.547348,0.651855,4
23095903187049,-1.008453,-0.526337,0.478104,4
23095953327430,-8.469421,-2.796600,0.427856,1
23095963001502,-1.626892,-0.425232,0.231369,4
23095982624305,-8.600342,-2.967987,0.227905,1
23095992908729,-1.479843,-0.349030,0.115662,4
23096022846473,-1.250549,-0.410629,-0.033875,4
23096133014930,-9.008972,-2.850555,1.811646,1
23096142475379,-0.318802,-0.104797,-0.467529,4
23096162311805,-8.580505,-2.810089,2.033020,1
23096172382606,-0.084885,0.056488,-0.429443,4
23096191608680,-8.447998,-2.862457,2.283752,1
23096202289832,0.177521,0.172913,-0.321198,4
23096222858680,-8.266296,-2.868011,2.613831,1
23096232197059,0.444183,0.199265,-0.197662,4
23096262104285,0.613663,0.237717,-0.088348,4
23096281452430,-8.174255,-2.562531,2.377380,1
23096291980994,0.588745,0.320313,0.002441,4
23096310749305,-8.897888,-2.514130,2.126648,1
23096351825965,0.021927,0.208878,0.116730,4
23096371296180,-9.307312,-2.709320,1.625183,1
23096381733192,-0.320587,0.245911,0.113876,4
23096400593055,-10.026978,-3.043365,1.152283,1
23096411640418,-0.551651,0.413239,0.135590,4
23096461139930,-11.928101,-4.143097,0.523865,1
23096501392615,0.350555,0.183960,0.032349,4
23096490436805,-11.720215,-4.499359,0.108887,1
23096521686805,-9.764343,-3.924896,0.136658,1
23096531299842,0.875000,0.014832,-0.320129,4
23096640827430,-10.023804,-2.311798,-0.446533,1
23096650959266,0.680954,0.021240,-0.978455,4
23096670124305,-10.173767,-2.391937,-0.643311,1
23096680866492,0.406097,-0.083069,-0.856689,4
23096701374305,-9.942078,-2.612518,-0.732178,1
23096759968055,-9.300964,-2.951324,-0.519531,1
23096770588172,-0.169983,0.130554,-0.763397,4
23096800495399,-0.192047,0.247681,-0.820724,4
23096791218055,-9.056580,-2.808502,-0.729797,1
23096890217078,0.252289,0.144440,-0.680450,4
23096910358680,-8.743164,-4.033600,-0.426697,1
23096920124305,0.165405,0.074646,-0.489960,4
23096939655555,-8.546387,-3.760651,-0.389404,1
23096950031531,0.109863,0.031921,-0.310883,4
23096968952430,-8.408325,-3.683685,-0.325134,1
23096979969276,0.147247,0.038696,-0.165619,4
23097009876502,0.150101,0.102066,-0.005035,4
23097000202430,-8.705872,-3.517059,-0.403687,1
23097029499305,-8.674133,-3.543243,-0.360840,1
23097039783729,0.177155,0.050446,0.216415,4
23097058796180,-8.351196,-3.680511,0.023987,1
23097090046180,-8.660645,-3.779694,0.115234,1
23097099598182,0.196747,0.216705,0.691727,4
23097119343055,-9.467590,-3.928070,0.074768,1
23097129505408,0.205994,0.219910,0.841263,4
23097148639930,-10.188049,-4.035187,-0.021240,1
23097159504188,0.227356,0.078217,0.890747,4
23097209186805,-10.737122,-3.801117,-0.105347,1
23097219257606,0.378677,-0.152496,0.821686,4
23097238483680,-11.250488,-3.503571,-0.120422,1
23097249164832,0.396484,-0.238663,0.760086,4
23097269733680,-11.200500,-3.306793,0.073975,1
23097308979285,0.184280,-0.419525,0.579224,4
23097328327430,-9.004211,-3.200470,1.045959,1
23097338886512,0.110931,-0.384644,0.445343,4
23097447468055,-8.642395,-2.442719,0.647644,1
23097478718055,-9.217651,-2.154694,0.554016,1
23097368793739,0.127670,-0.324112,0.317169,4
23097398700965,0.208130,-0.231903,0.206451,4
23097428608192,0.243744,-0.252197,0.090378,4
23097458515418,0.174316,-0.312363,-0.016083,4
23097488422645,-0.022934,-0.299194,-0.102600,4
23097508014930,-9.765137,-2.061859,0.638916,1
23097518360389,-0.303131,-0.330521,-0.182709,4
23097608112586,-0.475098,-0.047119,-0.314438,4
23097627155555,-8.468628,-2.298309,1.145142,1
23097638019813,-0.380753,0.018402,-0.241806,4
23097658405555,-8.647949,-2.239594,1.103088,1
23097667927039,-0.366516,0.010208,-0.123245,4
23097687702430,-8.716980,-2.241974,1.168152,1
23097697834266,-0.416000,0.013412,-0.000061,4
23097716999305,-8.961365,-2.258636,1.395874,1
23097727741492,-0.466919,0.056488,0.101776,4
23097748249305,-8.992310,-2.284821,1.508545,1
23097757679237,-0.473679,0.071091,0.201813,4
23097787586463,-0.437363,0.145508,0.287628,4
23097806843055,-8.854248,-2.691071,1.779114,1
23097817493690,-0.236908,0.209946,0.414017,4
23097847431434,-0.064590,0.231308,0.536850,4
23097867389930,-8.841553,-2.628387,2.249634,1
23097877338660,0.055389,0.256943,0.645081,4
23097896686805,-9.135925,-2.575226,2.092529,1
23097907245887,0.055756,0.201401,0.710953,4
23097937153114,-0.140427,0.166870,0.752609,4
23097957233680,-9.543762,-2.615692,1.709290,1
23097967060340,-0.412796,0.169357,0.755814,4
23098015827430,-9.092285,-3.303619,1.593445,1
23098026905311,-0.244751,0.200333,0.725189,4
23098086719764,-0.088089,0.537857,0.782516,4
23098105671180,-12.359741,-4.888153,0.590515,1
23098136921180,-12.293091,-5.634796,0.575439,1
23098166218055,-10.412598,-4.823883,0.382629,1
23098116626990,0.179291,0.355209,0.722351,4
23098146534217,0.611877,0.025162,0.328918,4
23098176471961,1.171936,-0.252548,-0.306961,4
23098195514930,-9.131958,-2.949738,0.523071,1
23098226764930,-9.957153,-2.392731,0.620667,1
23098236286414,1.063690,-0.037506,-1.417084,4
23098256061805,-10.518921,-2.149933,0.206482,1
23098266224158,0.475159,-0.278534,-1.732544,4
23098285358680,-10.537170,-1.766693,0.027954,1
23098296131385,-0.287827,-0.314499,-1.924088,4
23098385853065,-0.421692,-0.269287,-1.801971,4
23098406452430,-9.752441,-2.400665,-0.646484,1
23098415790809,-0.373993,-0.313080,-1.622528,4
23098435749305,-8.836792,-2.499847,-0.405273,1
23098445698035,-0.430237,-0.214447,-1.434891,4
23098496296180,-8.554321,-3.113190,-0.078369,1
23098475605262,-0.783081,-0.013290,-1.296036,4
23098505543006,-1.426437,0.296112,-1.199554,4
23098525593055,-8.897095,-3.691620,-0.394958,1
23098554889930,-8.788391,-4.180389,-0.714722,1
23098565326942,-1.711975,0.381561,-1.045029,4
23098584186805,-7.924316,-5.073822,-0.916260,1
23098655079139,-0.001221,-0.004745,-0.368195,4
23098674030555,-7.034058,-5.238068,-0.412415,1
23098684986365,0.304977,-0.222992,-0.083008,4
23098705280555,-6.757141,-4.854828,-0.083130,1
23098714893592,0.320282,-0.313080,0.259491,4
23098744831336,-0.001221,-0.346542,0.524033,4
23098763874305,-7.911621,-3.994720,-1.059875,1
23098774708045,-0.539185,-0.450150,0.785004,4
23098795124305,-8.302002,-4.248627,-1.312195,1
23098804645789,-0.638519,-0.455490,1.057022,4
23098824421180,-8.854248,-4.412872,-1.070190,1
23098894367469,1.604523,-0.254684,2.174988,4
23098914264930,-11.275085,-4.257355,-0.281494,1
23098943561805,-12.823120,-3.375824,-0.427490,1
23098974811805,-12.658081,-2.983856,0.501648,1
23099004108680,-10.224548,-2.448273,2.106812,1
23099033405555,-8.573364,-1.830170,2.487671,1
23099093952430,-9.882568,-2.399078,0.680176,1
23098924274696,2.426605,-0.157135,2.388611,4
23098954181922,2.582199,-0.097672,2.444153,4
23098984150184,2.206940,-0.387482,2.174622,4
23099013996375,1.346741,-0.403870,1.717834,4
23099043934119,0.152237,-0.184540,1.174164,4
23099133625281,-1.558167,-0.347961,0.263412,4
23099152546180,-9.554871,-3.209991,0.193787,1
23099163563026,-1.585938,-0.415619,0.119934,4
23099183796180,-9.000244,-3.410736,0.450867,1
23099193470252,-1.326385,-0.377167,-0.024261,4
23099213093055,-8.384521,-3.419464,0.914246,1
23099223377479,-0.871017,-0.250412,-0.145325,4
23099253284705,-0.360107,-0.107285,-0.210831,4
23099302936805,-8.334534,-2.674408,1.045959,1
23099283191932,-0.027557,-0.053528,-0.232544,4
23099313129676,0.009827,0.000946,-0.230408,4
23099363483680,-8.965332,-2.264984,1.126892,1
23099343036903,-0.030762,-0.002609,-0.230774,4
23099372944129,-0.189911,-0.031097,-0.238251,4
23099392780555,-8.960571,-2.324493,1.236389,1
23099402881873,-0.365448,0.011276,-0.341858,4
23099422077430,-9.093872,-2.683929,0.978516,1
23099453327430,-9.149414,-2.366547,1.152283,1
23099462696326,-0.011536,0.165085,-0.384216,4
23099482624305,-9.151794,-2.394318,1.260193,1
23099511921180,-8.994690,-2.282440,1.370483,1
23099522510780,0.281128,0.235580,-0.213684,4
23099552448524,0.288956,0.267975,-0.101532,4
23099601764930,-8.587646,-2.243561,1.562500,1
23099582325233,0.235901,0.296463,0.045517,4
23099612262977,0.182495,0.354858,0.231369,4
23099631061805,-8.762207,-2.387970,1.540283,1
23099642200721,0.121262,0.373016,0.418640,4
23099691608680,-9.174805,-2.882294,1.197510,1
23099672107947,0.079605,0.385834,0.560699,4
23099702015174,0.118408,0.426056,0.672501,4
23099731922401,0.194244,0.498688,0.747269,4
23099761860145,0.296783,0.631851,0.826309,4
23099781452430,-12.826294,-3.917755,0.579407,1
23099791767371,0.487976,0.521484,0.797119,4
23099810749305,-12.830261,-4.431915,0.350891,1
23099821674598,0.679169,0.080704,0.459229,4
23099841999305,-10.587952,-4.232758,0.190613,1
23099851612342,1.017761,-0.125443,-0.087280,4
23099871296180,-9.419189,-2.920380,0.244568,1
23099881489051,1.321106,0.011993,-0.643768,4
23099900593055,-9.550110,-2.330048,0.123169,1
23099911426795,1.213943,0.006287,-1.093445,4
23099931843055,-10.247559,-2.130890,-0.100586,1
23100031055701,-0.495041,-0.423798,-1.665253,4
23100050983680,-9.300171,-2.277679,-0.798035,1
23100060993446,-0.546661,-0.383926,-1.587982,4
23100080280555,-8.477356,-2.619659,-0.508423,1
23100090900672,-0.386810,-0.247559,-1.397858,4
23100111530555,-8.194885,-3.237762,-0.887695,1
23100120807899,-0.094498,-0.002609,-1.080276,4
23100140827430,-8.427368,-4.907990,-2.238159,1
23100150715125,1.306519,0.128052,-0.597488,4
23100240497840,2.614960,0.235931,-0.170593,4
23100289264930,-8.617798,-2.823578,0.884888,1
23100300312293,1.381638,0.178253,0.001724,4
23100320514930,-8.551147,-2.818817,0.564331,1
23100330219520,1.123505,0.109192,0.134521,4
23100349811805,-8.739197,-2.623627,0.596069,1
23100360157264,0.968277,0.012344,0.270538,4
23100390064490,0.672760,-0.031799,0.407959,4
23100410358680,-9.155762,-2.048370,1.552979,1
23100419971717,0.218460,0.046173,0.526520,4
23100439655555,-9.632629,-1.876190,1.854492,1
23100449878944,-0.350128,0.156540,0.599869,4
23100468952430,-9.730225,-1.858734,2.009216,1
23100479816688,-0.843964,0.212799,0.650421,4
23100500202430,-10.201538,-1.642914,1.750549,1
23100529499305,-11.553589,-1.770660,1.050720,1
23100539631141,-1.695953,0.371582,0.881500,4
23100558796180,-12.178833,-2.294342,0.876953,1
23100569538367,-1.897476,0.099930,0.961609,4
23100590046180,-10.668091,-2.829132,1.331604,1
23100599445594,-1.785324,-0.245422,0.877228,4
23100619343055,-8.324219,-2.963226,1.351440,1
23100629352821,-1.478424,-0.287796,0.703476,4
23100679889930,-8.922485,-3.012421,1.107056,1
23100689197791,-0.579071,0.071091,0.553223,4
23100709186805,-9.830200,-2.991791,0.817444,1
23100719105018,-0.298859,-0.150360,0.536850,4
23100738483680,-10.006348,-2.556183,0.620667,1
23100778919471,-0.695496,-0.377518,0.292252,4
23100808918250,-0.923706,-0.294556,0.099991,4
23100767780555,-9.690552,-2.435577,0.779358,1
23100799030555,-8.922485,-2.506989,0.977722,1
23100828327430,-8.404358,-2.557770,0.990417,1
23100838764442,-1.011292,-0.152145,-0.063080,4
23100868671668,-1.012360,-0.030731,-0.126801,4
23100888874305,-8.399597,-2.806122,0.608765,1
23100918171180,-8.432129,-2.823578,0.647644,1
23100928486121,-0.638168,0.006287,0.030212,4
23100947468055,-8.852661,-2.816437,0.871399,1
23101008014930,-9.043884,-2.758514,1.427612,1
23101018268836,-0.267883,0.137314,0.228882,4
23101037311805,-8.943909,-2.700592,1.547424,1
23101048176063,-0.217682,0.257294,0.195404,4
23101068561805,-9.020081,-2.724396,1.791016,1
23101097858680,-8.910583,-2.805328,2.011597,1
23101108021033,-0.004425,0.324585,0.198608,4
23101158405555,-9.336670,-2.728363,1.875122,1
23101167835487,0.019440,0.333496,0.287979,4
23101187702430,-9.319214,-2.947357,1.874329,1
23101197773231,-0.024719,0.294327,0.351349,4
23101216999305,-9.387451,-3.198883,1.700562,1
23101227680457,-0.049286,0.279724,0.372711,4
23101257618201,0.004486,0.443512,0.429688,4
23101277546180,-11.700378,-4.185150,0.699219,1
23101287525428,0.201721,0.567764,0.508728,4
23101306843055,-13.219055,-5.564178,0.544495,1
23101317432655,0.749664,0.312836,0.427185,4
23101338093055,-11.767822,-5.840302,0.315186,1
23101347339881,1.536163,-0.180634,-0.015717,4
23101377247108,2.171692,-0.176712,-0.526276,4
23101396686805,-9.376343,-2.172943,0.613525,1
23101407184852,2.028915,-0.132202,-1.001236,4
23101437092078,1.397659,-0.267151,-1.234436,4
23101457233680,-10.108704,-2.199127,0.328674,1
23101466999305,0.817322,-0.320190,-1.293182,4
23101486530555,-11.036255,-2.438751,-0.068848,1
23101496937049,0.378677,-0.530258,-1.320251,4
23101515827430,-10.798218,-2.627594,-0.374329,1
23101526844276,0.123047,-0.755981,-1.353714,4
23101547077430,-9.947632,-2.553009,-0.394165,1
23101636921180,-9.186707,-2.131683,0.035889,1
23101646503699,0.131592,-0.201996,-1.202759,4
23101666218055,-8.703491,-2.485565,-0.168823,1
23101676410926,0.094559,-0.058151,-1.051788,4
23101695514930,-8.484497,-2.453827,-0.171997,1
23101706348670,0.201019,0.044739,-0.789749,4
23101726764930,-8.453552,-2.421295,-0.193420,1
23101736255897,0.418549,-0.014359,-0.482849,4
23101756061805,-8.127441,-2.256256,-0.004578,1
23101766163123,0.440628,-0.054596,-0.179138,4
23101785358680,-7.868774,-2.363373,0.500854,1
23101796100867,0.377609,0.042603,0.140228,4
23101816608680,-8.160767,-2.354645,0.866638,1
23101825977576,0.400040,0.182526,0.439651,4
23101845905555,-8.472595,-2.278473,0.959473,1
23101875202430,-8.727295,-2.432404,1.108643,1
23101855915321,0.319931,0.245544,0.726624,4
23101885822547,0.240540,0.353073,1.011093,4
23101915729774,0.248367,0.438171,1.289520,4
23101935749305,-9.869873,-2.772003,1.584717,1
23101945667518,0.293945,0.404694,1.540878,4
23101994343055,-11.540894,-2.628387,1.210205,1
23102005481971,0.014450,0.364822,1.729935,4
23102025593055,-12.808838,-2.586334,0.907898,1
23102035389197,-0.389297,0.153687,1.539093,4
23102084186805,-10.388000,-2.848969,1.879089,1
23102095234168,-0.799454,-0.264297,0.771484,4
23102115436805,-8.541626,-2.475250,1.771973,1
23102155079139,-1.030167,0.086044,0.080048,4
23102174030555,-9.144653,-2.983856,1.128479,1
23102205280555,-9.162109,-2.917206,1.085632,1
23102214893592,-0.592957,-0.161407,-0.076965,4
23102234577430,-9.142273,-2.707733,0.917419,1
23102244800819,-0.568024,-0.249344,-0.084793,4
23102263874305,-8.857422,-2.583954,0.994385,1
23102295124305,-8.378174,-2.595856,1.168945,1
23102304615272,-0.702972,-0.210892,-0.145325,4
23102324421180,-8.283752,-2.566498,1.104675,1
23102334553016,-0.733582,-0.069183,-0.177719,4
23102353718055,-8.376587,-2.725983,0.860291,1
23102364460242,-0.677689,0.011993,-0.169891,4
23102384968055,-8.405945,-2.916412,0.517517,1
23102394367469,-0.480804,0.082123,-0.139267,4
23102414264930,-8.593201,-3.125885,0.303284,1
23102424274696,-0.028625,0.247681,-0.105438,4
23102443561805,-9.210510,-2.971161,1.000732,1
23102484119666,0.908463,0.330994,-0.177002,4
23102514026893,0.912735,0.375153,-0.189117,4
23102573871864,0.508987,0.455612,-0.061646,4
23102474811805,-9.173218,-2.525238,1.278442,1
23102533405555,-8.613831,-1.711151,1.965576,1
23102564655555,-8.865356,-1.469147,2.216309,1
23102603779090,0.203857,0.461670,0.059402,4
23102623249305,-9.651672,-1.750824,2.230591,1
23102633777869,-0.014740,0.446350,0.178680,4
23102652546180,-10.180115,-1.788910,2.236145,1
23102663624061,-0.238693,0.343811,0.270172,4
23102713093055,-10.377686,-2.292755,1.960815,1
23102723438514,-0.399628,0.318176,0.322510,4
23102742389930,-11.316345,-2.563324,1.298279,1
23102802936805,-11.778931,-4.093903,1.413330,1
23102813221229,0.128021,-0.120819,0.368088,4
23102832233680,-9.828613,-3.454376,1.595825,1
23102843128455,0.246231,-0.339783,0.071503,4
23102863483680,-9.139099,-3.152863,0.952332,1
23102873035682,0.382233,-0.303467,-0.258896,4
23102892780555,-9.345398,-2.730743,0.760315,1
23102902942908,0.459854,-0.443024,-0.558685,4
23102922077430,-9.362854,-2.487152,0.629395,1
23102932880653,0.374405,-0.487183,-0.707153,4
23102953327430,-10.049194,-2.454620,0.313599,1
23102962787879,0.255127,-0.534531,-0.753082,4
23102982624305,-10.355469,-2.338776,-0.056152,1
23103052540076,-0.173889,-0.651672,-0.828918,4
23103072468055,-8.968506,-2.363373,-0.541748,1
23103082447303,-0.229431,-0.532745,-0.866653,4
23103101764930,-8.637634,-2.332428,-0.623474,1
23103133014930,-8.412292,-2.605377,-0.569519,1
23103112354530,-0.251862,-0.404221,-0.846008,4
23103162311805,-8.492432,-2.620453,-0.331482,1
23103172168983,0.080322,-0.131851,-0.514893,4
23103191608680,-8.471802,-2.649811,0.150940,1
23103202106727,0.079956,0.006287,-0.259964,4
23103220905555,-8.713806,-2.470490,0.177917,1
23103232013953,-0.069214,0.120941,0.001724,4
23103281452430,-8.590027,-3.156830,-0.009338,1
23103291858924,-0.214127,0.317474,0.284058,4
23103310749305,-9.124817,-3.063202,-0.137085,1
23103321766151,-0.014389,0.333130,0.404404,4
23103341999305,-9.773865,-3.095734,-0.026001,1
23103371296180,-10.274536,-2.984650,0.284241,1
23103381580604,0.404663,0.170425,0.529724,4
23103411487830,0.397903,0.074295,0.462433,4
23103431843055,-10.434021,-2.103912,0.850769,1
23103441425574,0.203506,0.123428,0.413666,4
23103461139930,-11.859863,-1.979340,0.745239,1
23103531147254,-0.947205,-0.330170,0.372711,4
23103550983680,-7.938599,-2.653778,2.208374,1
23103561054481,-0.923004,-0.328384,0.117081,4
23103580280555,-6.708740,-2.598236,2.043335,1
23103590961707,-0.699768,0.056137,-0.032806,4
23103670124305,-9.850830,-2.108673,0.731750,1
23103701374305,-9.691345,-1.911102,0.784912,1
23103650806678,-0.043579,-0.054230,0.018463,4
23103680713905,-0.218048,-0.272125,0.036255,4
23103710590614,-0.530640,-0.425934,-0.023911,4
23103740528358,-0.793045,-0.315567,-0.105804,4
23103770435584,-0.824371,-0.135056,-0.164185,4
23103730671180,-8.874878,-2.126129,1.181641,1
23103759968055,-8.534485,-2.376068,1.294312,1
23103789264930,-8.312317,-2.591888,1.057861,1
23103800342811,-0.732162,-0.020767,-0.139984,4
23103820514930,-8.228210,-2.757721,0.790466,1
23103830250037,-0.488983,0.056854,-0.021774,4
23103860157264,-0.219116,0.073227,0.123489,4
23103849811805,-8.325012,-2.700592,0.828552,1
23103879108680,-8.444031,-2.564911,1.053101,1
23103890095008,-0.111588,0.131256,0.249878,4
23103919971717,-0.100189,0.194641,0.336044,4
23103939655555,-8.723328,-2.642670,1.395874,1
23103949909461,-0.113724,0.247681,0.384460,4
23103968952430,-8.820129,-2.814850,1.508545,1
23103979816688,-0.068146,0.348083,0.430038,4
23104000202430,-9.137512,-2.887848,1.573608,1
23104009723914,0.046494,0.382629,0.488068,4
23104029499305,-9.397766,-2.987823,1.685486,1
23104039631141,0.166840,0.375854,0.543259,4
23104058796180,-9.731018,-2.972748,1.677551,1
23104069538367,0.231277,0.369446,0.565689,4
23104090046180,-9.990479,-2.920380,1.645813,1
23104099476112,0.191406,0.303589,0.517975,4
23104148639930,-9.737366,-3.094940,1.404602,1
23104159290565,-0.072418,0.271545,0.279083,4
23104179889930,-10.752197,-3.259979,0.932495,1
23104189197791,-0.175674,0.489441,0.232086,4
23104238483680,-12.327209,-5.072235,0.625427,1
23104219105018,-0.101624,0.400070,0.261276,4
23104249012244,0.411789,0.062195,0.199326,4
23104299035864,-8.837585,-3.497223,0.441345,1
23104278924780,1.080780,-0.126862,-0.086212,4
23104308832006,1.483459,0.044739,-0.427307,4
23104328332739,-9.116882,-2.870392,0.451660,1
23104338769751,1.508743,-0.039642,-0.692200,4
23104357629614,-9.174805,-2.810883,0.452454,1
23104368646460,1.368103,-0.128647,-0.791168,4
23104418176489,-10.690308,-2.537933,-0.268799,1
23104398584204,1.165161,-0.216583,-0.824280,4
23104508020239,-9.694519,-2.381622,-0.671082,1
23104488305883,0.305328,-0.537384,-1.006927,4
23104518182592,0.184998,-0.491089,-1.098083,4
23104537317114,-9.245422,-2.410980,-0.479065,1
23104568567114,-8.981995,-2.495087,-0.536194,1
23104578027563,0.173599,-0.251480,-1.063187,4
23104597863989,-8.878052,-2.525238,-0.614746,1
23104607934790,0.292160,-0.163177,-0.907242,4
23104627160864,-8.640808,-2.522858,-0.377502,1
23104697656469,0.561325,0.047592,-0.203705,4
23104748254614,-8.264709,-2.474457,0.581787,1
23104727563696,0.483002,0.069672,0.025940,4
23104757470923,0.333817,0.091736,0.224960,4
23104777551489,-8.832825,-2.499847,0.461975,1
23104806848364,-9.593750,-2.563324,0.506409,1
23104817254858,0.030823,0.119873,0.579926,4
23104847192602,-0.018661,0.086044,0.700623,4
23104867395239,-10.131714,-2.835480,0.803955,1
23104877099829,-0.035400,0.056854,0.744415,4
23104896692114,-10.149170,-2.729156,1.126892,1
23104925988989,-10.801392,-2.333221,0.988831,1
23104936914282,-0.347992,0.128769,0.670715,4
23104966790991,-0.799103,0.042969,0.611618,4
23104957238989,-11.664673,-2.115814,0.600830,1
23104986535864,-10.928345,-2.454620,1.037231,1
23105015832739,-9.127991,-2.860077,1.562500,1
23104996728735,-1.128082,-0.097321,0.566757,4
23105026635962,-1.115967,-0.121521,0.525818,4
23105047082739,-7.489502,-3.081451,1.718018,1
23105056543188,-0.836487,-0.027176,0.538635,4
23105105676489,-8.600342,-3.314728,1.469666,1
23105116327124,-0.046783,0.194275,0.713440,4
23105136926489,-9.781799,-2.976715,0.916626,1
23105224817114,-9.105774,-2.550629,1.299866,1
23105206079321,-0.551651,-0.277466,0.223541,4
23105235986548,-0.825806,-0.204834,-0.089066,4
23105256067114,-8.480530,-2.519684,1.105469,1
23105265863256,-1.012360,-0.007233,-0.319427,4
23105285363989,-8.428162,-2.692657,0.675415,1
23105295801001,-1.041565,0.091736,-0.365356,4
23105314660864,-8.489258,-2.851349,0.535767,1
23105325708227,-0.873154,0.119156,-0.273132,4
23105345910864,-8.551941,-2.929901,0.580994,1
23105355615454,-0.635681,0.144073,-0.115417,4
23105375207739,-8.797913,-2.865631,0.808716,1
23105385492163,-0.445908,0.166870,0.017746,4
23105435754614,-8.682861,-2.728363,1.380005,1
23105445306616,-0.228363,0.283997,0.140228,4
23105465051489,-8.700317,-2.848175,1.509338,1
23105475213842,-0.100555,0.395081,0.201462,4
23105494348364,-9.058167,-2.968781,1.671997,1
23105505121069,0.144043,0.434601,0.307556,4
23105525598364,-9.347778,-3.010040,1.862427,1
23105535028296,0.365509,0.420364,0.421844,4
23105564935522,0.528931,0.419296,0.516205,4
23105584192114,-10.273743,-3.083832,1.986206,1
23105594842749,0.591232,0.297882,0.511566,4
23105615442114,-10.022217,-2.965607,1.865601,1
23105654657202,0.227356,0.356995,0.279083,4
23105674035864,-12.298645,-3.363922,0.938843,1
23105684564428,0.124817,0.223114,0.176544,4
23105744378881,0.619003,-0.281036,-0.191956,4
23105763879614,-8.940735,-3.592438,0.813477,1
23105774286108,1.019547,-0.202698,-0.494598,4
23105793176489,-9.162903,-3.049713,0.616699,1
23105804162817,1.127075,-0.152145,-0.728516,4
23105834100561,1.128143,-0.279602,-0.802917,4
23105853723364,-10.365784,-2.756927,0.198547,1
23105863977270,1.048737,-0.433411,-0.820374,4
23105943567114,-9.692139,-2.299896,-0.420349,1
23105923791723,0.605469,-0.715042,-0.897980,4
23105953729467,0.212402,-0.650955,-0.998032,4
23105983636694,-0.138290,-0.560165,-1.080276,4
23106004113989,-9.042297,-2.373688,-0.303711,1
23106013513403,-0.402832,-0.447296,-1.099854,4
23106033410864,-8.652710,-2.565704,-0.405273,1
23106043451147,-0.540253,-0.329102,-1.024734,4
23106073358374,-0.510712,-0.197006,-0.860962,4
23106093957739,-8.357544,-2.856903,-0.583008,1
23106103265600,-0.368652,-0.109421,-0.637726,4
23106123254614,-8.217102,-2.910065,-0.506042,1
23106133172827,-0.153595,-0.049255,-0.380310,4
23106152551489,-8.139343,-2.978302,-0.282288,1
23106181848364,-8.306763,-2.891815,-0.037109,1
23106163049536,0.079956,0.035126,-0.112915,4
23106192987280,0.222382,0.111328,0.130249,4
23106213098364,-8.667786,-2.839447,0.033508,1
23106242395239,-8.978027,-2.878326,0.242188,1
23106271692114,-9.262878,-3.033844,0.484192,1
23106312585669,0.439209,0.228455,0.970856,4
23106302942114,-9.425537,-2.935455,0.748413,1
23106402337866,-0.323792,0.198196,1.096893,4
23106422082739,-11.358398,-2.786285,1.218933,1
23106432245092,-0.615387,0.041901,0.950562,4
23106462121801,-0.702255,0.019470,0.717010,4
23106492029028,-0.591888,0.032639,0.464218,4
23106482629614,-8.501953,-2.952911,1.974304,1
23106511926489,-8.212341,-2.986237,1.838623,1
23106541223364,-9.147827,-2.841034,1.476013,1
23106521966772,-0.359390,0.166504,0.289764,4
23106581781225,-0.169983,-0.124023,0.116364,4
23106601770239,-9.682617,-2.255463,1.076111,1
23106611657934,-0.389297,-0.273911,0.017746,4
23106691613989,-8.424194,-2.433990,0.890442,1
23106701379614,-0.902344,-0.166031,-0.338654,4
23106720910864,-8.477356,-2.550629,0.707153,1
23106731317358,-0.851440,-0.048187,-0.308029,4
23106750207739,-8.619385,-2.805328,0.842834,1
23106761194067,-0.685165,0.035843,-0.182709,4
23106781457739,-8.693176,-2.934662,1.141174,1
23106791101294,-0.437363,0.132324,-0.022842,4
23106810754614,-8.856628,-2.801361,1.306213,1
23106821008520,-0.219116,0.215286,0.091095,4
23106840051489,-8.968506,-2.657745,1.250671,1
23106990442114,-9.197021,-2.870392,2.193298,1
23107000451880,0.099899,0.308929,0.334976,4
23107030359106,0.113068,0.308929,0.378418,4
23107050988989,-9.331116,-3.038605,1.767212,1
23107060266333,0.092773,0.301086,0.395859,4
23107090173559,0.088501,0.415375,0.444992,4
23107109582739,-11.306030,-3.681305,1.002319,1
23107120080786,0.188202,0.492645,0.558212,4
23107138879614,-12.477966,-4.718353,1.038025,1
23107149988012,0.510056,0.293976,0.618378,4
23107239709692,1.322174,-0.168167,-0.684006,4
23107259973364,-9.718323,-1.902374,0.747620,1
23107269616919,0.792038,-0.271774,-1.052856,4
23107289270239,-10.441956,-1.944427,0.189819,1
23107299524145,0.248016,-0.377869,-1.188507,4
23107318567114,-10.998169,-2.073761,-0.215637,1
23107329431372,-0.200241,-0.654877,-1.244049,4
23107349817114,-9.998413,-2.457001,-0.255310,1
23107359308081,-0.356537,-0.803696,-1.230530,4
23107379113989,-9.130371,-2.728363,-0.152161,1
23107408410864,-8.893127,-2.816437,-0.170410,1
23107419153051,-0.169266,-0.455490,-1.067108,4
23107439660864,-8.491638,-2.827545,-0.145813,1
23107538781958,0.797729,0.028717,-0.146744,4
23107558801489,-9.031982,-2.517303,0.016052,1
23107568689184,0.716553,0.034775,-0.013229,4
23107588098364,-9.057373,-2.426849,0.208069,1
23107617395239,-9.116882,-2.449066,0.364380,1
23107677942114,-9.028809,-2.388763,0.319153,1
23107707238989,-9.078003,-2.429230,0.584961,1
23107628503637,0.186066,0.125916,-0.001480,4
23107658380346,0.065002,0.131973,-0.022125,4
23107778039770,-0.093781,0.125214,0.646149,4
23107797082739,-9.677063,-2.572052,1.164185,1
23107807916479,-0.117279,0.136246,0.841263,4
23107828332739,-10.683960,-2.503815,0.900757,1
23107857629614,-11.458374,-2.430817,0.773804,1
23107886926489,-11.525818,-2.624420,1.012634,1
23107867761450,-0.303848,0.051865,1.082306,4
23107897638159,-0.478302,-0.030029,1.063080,4
23107918176489,-10.313416,-2.833099,1.381592,1
23107927545385,-0.571228,-0.095886,0.935257,4
23107947473364,-8.877258,-2.971954,1.728333,1
23107957452612,-0.499313,-0.034653,0.757599,4
23108008020239,-8.417053,-2.701385,1.539490,1
23108017267065,-0.291382,0.027298,0.385895,4
23108037317114,-9.139099,-2.300690,1.272888,1
23108077081518,-0.672348,-0.231537,0.066528,4
23108095910864,-10.096008,-2.019012,0.623047,1
23108107049780,-1.019135,-0.358292,-0.104019,4
23108136895971,-1.163681,-0.353668,-0.258896,4
23108156457739,-9.285889,-2.451447,1.063416,1
23108166803198,-1.124878,-0.333374,-0.400238,4
23108196710424,-0.994202,-0.239014,-0.487122,4
23108217004614,-8.140137,-2.315765,0.742065,1
23108226617651,-0.812622,-0.117615,-0.457565,4
23108246301489,-8.223450,-2.248322,0.838867,1
23108286401587,-0.615738,-0.012939,-0.117554,4
23108306848364,-8.643188,-2.247528,1.165771,1
23108316308813,-0.674835,0.056488,0.066879,4
23108336145239,-8.789978,-2.295929,1.221313,1
23108346216040,-0.634613,0.132690,0.182236,4
23108376123266,-0.570877,0.238785,0.224960,4
23108396692114,-8.880432,-2.481598,1.513306,1
23108406030493,-0.404602,0.350937,0.274094,4
23108425988989,-9.033569,-2.528412,1.742615,1
23108435937719,-0.206299,0.410751,0.346008,4
23108465844946,-0.020798,0.424637,0.417221,4
23108486535864,-9.209717,-2.430023,2.069519,1
23108495721655,0.065720,0.428192,0.458160,4
23108515832739,-9.456482,-2.311005,2.074280,1
23108525659399,0.008392,0.410400,0.458527,4
23108545129614,-9.619141,-2.336395,2.033020,1
23108555536108,-0.146118,0.349518,0.419357,4
23108585443335,-0.295654,0.326721,0.370224,4
23108605676489,-10.355469,-2.705353,1.197510,1
23108615381079,-0.351913,0.383698,0.356689,4
23108634973364,-11.910645,-3.116364,1.120544,1
23108645257788,-0.352264,0.325302,0.372009,4
23108664270239,-12.243896,-3.468658,0.949158,1
23108764856176,-0.295303,-0.148941,-0.770172,4
23108785363989,-9.179565,-2.618073,0.825378,1
23108794763403,-0.355118,-0.164963,-1.057495,4
23108814660864,-9.696106,-2.315765,0.366760,1
23108824670630,-0.425262,-0.297058,-1.240845,4
23108904504614,-10.900574,-1.667511,-0.607605,1
23108914361792,-1.242722,-0.911926,-1.389313,4
23108933801489,-10.028564,-1.846039,-0.668701,1
23108944238501,-1.478424,-0.921539,-1.413528,4
23108963098364,-9.569946,-1.911896,-0.367188,1
23109052942114,-8.650330,-2.019806,0.237427,1
23109063867407,-1.055450,-0.736053,-0.661575,4
23109084192114,-8.525757,-1.852386,0.413574,1
23109093744116,-1.098526,-0.810455,-0.258179,4
23109113488989,-8.956604,-1.918243,-0.123596,1
23109123651342,-1.400085,-0.914780,0.159088,4
23109142785864,-9.280334,-2.134064,-0.374329,1
23109153558569,-1.765747,-1.068939,0.486649,4
23109174035864,-9.393005,-2.495087,-0.110107,1
23109183465796,-1.952667,-1.062897,0.654343,4
23109263879614,-10.197571,-2.524445,0.196167,1
23109273187475,-1.749008,-1.068237,0.776459,4
23109293176489,-9.919861,-2.398285,-0.252930,1
23109303064184,-1.907806,-1.228806,0.803879,4
23109322473364,-9.796875,-2.440338,-0.536194,1
23109332971411,-2.094009,-1.357697,0.861206,4
23109422693090,-2.387024,-1.457382,1.069122,4
23109351770239,-10.146790,-2.673615,-0.795654,1
23109383020239,-10.610962,-2.771210,-1.140015,1
23109412317114,-11.092590,-2.669647,-1.439941,1
23109441613989,-11.268738,-2.782318,-1.788269,1
23109452569799,-2.567535,-1.420349,1.126099,4
23109472863989,-11.040222,-2.974335,-1.900940,1
23109542291479,-2.661530,-1.036896,1.065567,4
23109621301489,-9.284302,-3.336945,-1.004333,1
23109572198706,-2.259216,-0.768448,1.038147,4
23109632013159,-1.625107,-0.450867,1.080521,4
23109652551489,-9.501709,-3.190155,-0.651245,1
23109661889868,-1.786041,-0.460480,1.029968,4
23109681848364,-9.195435,-3.196503,-0.521118,1
23109691797094,-2.019241,-0.415619,0.907135,4
23109711145239,-9.020081,-3.044159,-0.294189,1
23109740442114,-9.014526,-3.168732,-0.122803,1
23109751581030,-2.506302,-0.151794,0.498047,4
23109771692114,-8.761414,-3.286163,0.082703,1
23109781488256,-2.474258,-0.037506,0.389099,4
23109800988989,-8.625732,-3.438507,0.319153,1
23109811395483,-2.161652,0.090668,0.402618,4
23109841302710,-1.876465,0.185379,0.491272,4
23109861535864,-8.789185,-3.439301,1.115784,1
23109871209936,-1.640411,0.274384,0.633698,4
23109890832739,-9.085144,-3.527374,1.616455,1
23109901086645,-1.476288,0.352722,0.752960,4
23109920129614,-9.426331,-3.607513,1.925110,1
23109931085424,-1.314285,0.386185,0.803879,4
23109951379614,-9.694519,-3.661469,2.109192,1
23109990808325,-1.172577,0.364471,0.589905,4
23110009973364,-10.142822,-3.421844,2.527344,1
23110020715551,-1.252335,0.284363,0.363815,4
23110041223364,-9.885742,-3.248077,2.565430,1
23110050622778,-1.375519,0.202118,0.128830,4
23110099817114,-9.408081,-2.518097,2.317871,1
23110110437231,-2.261353,-0.068832,-0.261032,4
23110200128393,-1.936996,-0.036438,-0.351471,4
23110218957739,-8.983582,-4.344635,1.003906,1
23110230035620,-1.150864,0.009140,-0.171310,4
23110250207739,-9.401733,-4.517609,1.007874,1
23110259973364,-0.285690,0.089966,0.016678,4
23110289850073,0.370132,0.039764,0.081833,4
23110279504614,-9.825439,-4.049469,1.139587,1
23110308801489,-9.647705,-3.618622,1.148315,1
23110340051489,-9.703247,-3.302032,1.240356,1
23110319787817,0.557404,0.034775,0.036972,4
23110349695044,0.459137,0.062546,-0.105804,4
23110379571753,0.296082,0.043671,-0.300201,4
23110459192114,-9.181946,-3.090179,0.560364,1
23110469293432,0.503998,-0.076309,-0.707855,4
23110488488989,-9.611206,-2.947357,0.391357,1
23110499200659,0.778152,-0.051025,-0.716766,4
23110519738989,-10.331665,-2.450653,0.578613,1
23110529107885,0.915222,-0.160339,-0.675812,4
23110549035864,-10.373718,-2.157074,0.182678,1
23110559015112,0.582687,-0.321976,-0.621338,4
23110578332739,-9.985718,-2.211029,-0.013306,1
23110609582739,-9.614380,-2.357025,0.064453,1
23110588922339,0.208130,-0.337646,-0.522003,4
23110618829565,-0.112305,-0.309509,-0.482483,4
23110708551245,-0.722549,0.095657,-0.437271,4
23110728723364,-8.956604,-3.034637,-0.428284,1
23110738427954,-1.070038,0.192856,-0.436554,4
23110758020239,-9.390625,-3.371063,-0.679016,1
23110768335180,-1.384064,0.300385,-0.424454,4
23110787317114,-9.583435,-3.958221,-0.538574,1
23110818567114,-9.369995,-4.618378,-0.398132,1
23110828149633,-1.323181,0.298599,-0.389557,4
23110847863989,-9.167664,-4.792938,-0.466370,1
23110858026342,-0.944000,0.221695,-0.357513,4
23110877160864,-8.738403,-4.843719,-0.548889,1
23110908410864,-8.550354,-4.662018,-0.425903,1
23110917840796,-0.267883,0.067535,-0.272430,4
23110947748022,-0.167480,-0.015778,-0.223648,4
23110998254614,-8.663818,-4.273224,-0.099792,1
23110977655249,-0.226593,-0.069901,-0.149231,4
23111037439184,-0.122620,-0.101944,0.116013,4
23111056848364,-9.069275,-4.482697,-0.275146,1
23111067376928,0.169678,-0.156067,0.303650,4
23111086145239,-9.058960,-4.481903,-0.264832,1
23111097253637,0.584106,-0.185257,0.494843,4
23111117395239,-9.279541,-4.338287,-0.094238,1
23111127191381,1.050873,-0.177063,0.664673,4
23111146692114,-9.815125,-3.978851,0.031921,1
23111157098608,1.410126,-0.170303,0.808868,4
23111246789770,1.157684,-0.183472,0.928848,4
23111207238989,-10.387207,-3.228241,0.556396,1
23111236535864,-9.883362,-3.040985,1.045959,1
23111265832739,-9.304138,-2.899750,1.529175,1
23111276696997,0.928406,-0.111557,0.816696,4
23111306604223,0.734360,-0.118683,0.660034,4
23111326379614,-8.456726,-2.637909,1.561707,1
23111336511450,0.552780,-0.139328,0.497330,4
23111355676489,-8.772522,-2.371307,1.277649,1
23111366418676,0.316376,-0.191315,0.330704,4
23111386926489,-9.350159,-2.017426,0.714294,1
23111396295385,-0.091293,-0.335861,0.149475,4
23111416223364,-9.675476,-1.937286,0.642883,1
23111426202612,-0.577286,-0.474716,-0.044922,4
23111445520239,-9.661194,-2.151520,0.537354,1
23111456109839,-0.933685,-0.458694,-0.225784,4
23111476770239,-9.748474,-2.357819,0.312805,1
23111515924292,-0.979965,-0.305237,-0.490326,4
23111506067114,-9.631042,-2.485565,0.232666,1
23111535363989,-9.000244,-2.548248,-0.110107,1
23111564660864,-8.517029,-2.608551,0.007324,1
23111575708227,-0.231934,-0.111908,-0.515244,4
23111595910864,-8.522583,-2.438751,0.723022,1
23111654504614,-8.105225,-2.237213,1.628357,1
23111665460424,0.063934,0.125916,-0.047409,4
23111685754614,-8.213135,-2.058685,1.775940,1
23111695337133,-0.139709,0.280441,0.118500,4
23111715051489,-8.456726,-2.111847,1.963989,1
23111744348364,-8.578918,-2.379242,2.059204,1
23111725244360,-0.294235,0.364471,0.254150,4
23111755212622,-0.279633,0.453476,0.390518,4
23111775598364,-8.992310,-2.631561,2.091736,1
23111785028296,-0.110870,0.522186,0.526886,4
23111814935522,0.066071,0.508301,0.626923,4
23111834192114,-9.696899,-2.557770,2.695557,1
23111904657202,-0.057465,0.326721,0.595947,4
23111924035864,-10.246765,-2.365753,2.100464,1
23111934533911,-0.440567,0.238434,0.498047,4
23111953332739,-10.366577,-2.509369,1.769592,1
23111964471655,-0.865326,0.059692,0.331055,4
23111984582739,-9.842102,-2.787079,1.397461,1
23111994378881,-1.121307,-0.051025,0.135590,4
23112013879614,-9.834961,-3.153656,0.998352,1
23112024286108,-1.128784,-0.014709,-0.019287,4
23112043176489,-10.837891,-3.509918,0.669067,1
23112054193335,-0.934036,0.026581,-0.058807,4
23112114007788,-0.224457,-0.180634,-0.083008,4
23112164270239,-8.842346,-3.610687,0.120789,1
23112143884497,-0.375061,-0.234741,-0.314087,4
23112173822241,-0.375412,-0.180267,-0.543015,4
23112193567114,-8.790771,-3.346466,0.239014,1
23112203729467,-0.331268,-0.241150,-0.749878,4
23112222863989,-8.873291,-3.663055,0.372314,1
23112233606176,-0.392151,-0.343338,-0.952454,4
23112254113989,-8.886780,-4.118500,0.141418,1
23112263513403,-0.329132,-0.378586,-1.141159,4
23112293420630,-0.111938,-0.080231,-0.824280,4
23112312707739,-11.091797,-1.481842,0.532593,1
23112323358374,-1.043701,-0.091263,-0.958160,4
23112343957739,-10.055542,-4.215302,-0.972595,1
23112353235083,-1.257324,-0.159973,-1.063904,4
23112431848364,-8.778870,-2.704559,-0.885315,1
23112442956762,1.331085,-0.009018,-0.403091,4
23112492395239,-8.497986,-2.287994,-0.187073,1
23112472863989,1.352081,0.081421,-0.374969,4
23112502771215,1.079361,-0.002258,-0.447601,4
23112532678442,1.060852,0.140167,-0.361786,4
23112582238989,-8.577332,-2.353058,0.128723,1
23112562585669,0.801651,0.180756,-0.173096,4
23112592492895,0.394348,0.142303,-0.006470,4
23112611535864,-8.478149,-2.719635,0.233459,1
23112642785864,-8.697144,-2.898956,0.394531,1
23112622400122,0.189972,0.139450,0.129898,4
23112652307348,0.224518,0.141937,0.276947,4
23112682214575,-0.014740,0.185028,0.370575,4
23112701379614,-9.043091,-3.233002,0.618286,1
23112712121801,-0.025787,0.196411,0.506226,4
23112732629614,-9.333496,-3.203644,0.705566,1
23112742029028,-0.025421,0.175766,0.626923,4
23112761926489,-9.631836,-3.478973,0.754761,1
23112831720190,0.094910,0.190720,0.884338,4
23112881067114,-11.420288,-3.436920,1.169739,1
23112861627417,-0.016525,0.061829,0.883636,4
23112921441870,0.022278,-0.242584,0.500183,4
23112910363989,-9.988098,-3.287750,1.777527,1
23112941613989,-8.461487,-3.168732,1.951294,1
23112951349096,0.172180,-0.354019,0.213211,4
23112981256323,0.097763,-0.359360,-0.087997,4
23113031457739,-9.331116,-1.911102,1.840210,1
23113011163549,0.063232,-0.429504,-0.260315,4
23113041040258,-0.228012,-0.560516,-0.267792,4
23113060754614,-9.373169,-2.100739,1.461731,1
23113070947485,-0.478668,-0.412766,-0.310516,4
23113121301489,-9.351746,-2.639496,1.200684,1
23113190545874,0.630753,-0.224777,-0.247147,4
23113150598364,-8.959778,-3.025909,1.104675,1
23113179895239,-8.362305,-2.114227,1.506165,1
23113240442114,-8.156799,-1.787323,2.031433,1
23113220483618,0.495453,-0.198792,-0.237183,4
23113250390844,0.078186,-0.161041,-0.160278,4
23113269738989,-8.306763,-2.190399,1.905273,1
23113310205298,-0.509277,-0.034302,0.016327,4
23113299035864,-8.376587,-2.155487,2.191711,1
23113330285864,-8.625732,-2.875153,2.513062,1
23113359582739,-8.515442,-2.951324,2.167908,1
23113370019751,0.107025,0.277237,0.248810,4
