Inicio: 02-05-2017-14:00:24:354
Fim: 02-05-2017-14:00:31:236
5581927036105,-9.02802,-2.83945,-0.0410767,1
5581954379855,-10.2126,-2.62759,-0.430664,1
5581984165011,-11.0577,-2.78867,-0.722656,1
5582014438449,-11.4131,-2.97672,-0.668701,1
5582044223605,-11.6202,-2.82913,-0.159302,1
5582074008761,-10.8752,-2.35703,0.0803223,1
5582129001437,-8.55115,-1.58975,0.875366,1
5582166782199,-1.1669,-0.0733948,0.351913,4
5582193973361,-6.81903,-1.60721,0.77063,1
5582231235324,-0.868179,-0.205139,0.585129,4
5582253818331,-4.61243,-2.00156,1.19354,1
5582283695040,-2.8335,-2.069,0.974548,1
5582291293917,-0.0834656,-0.400238,0.43808,4
5582313602267,-2.87396,-1.82462,0.60321,1
5582321079074,0.34021,-0.178787,0.333054,4
5582373477755,-12.8906,-3.42105,0.287415,1
5582381137667,0.333099,0.657547,0.367233,4
5582410922824,-0.0955811,0.766144,0.424194,4
5582433322726,-19.4431,-3.00369,-5.27551,1
5582493167697,-19.4431,-0.954193,-2.66504,1
5582500766574,-0.365448,0.343872,-0.802353,4
5582582919894,1.41467,-1.49612,3.50568,1
5582590610324,-1.1669,-1.45056,-0.203857,4
5582620395480,-0.386459,-0.998383,-0.292511,4
5582642764865,5.22565,-2.03885,2.33533,1
5582672672091,0.293518,-2.43002,0.850769,1
5582679965792,1.39764,-0.0310364,0.164993,4
5582702579318,-1.31879,-1.01529,1.08167,1
5582710239230,1.61804,-0.323334,0.198105,4
5582762393771,-2.45422,-0.409882,0.13269,1
5582769809542,-0.917664,-0.707504,-0.135147,4
5582799594699,-0.899506,-0.861664,-0.376175,4
5582822238742,-0.287292,-0.098053,0.577026,1
5582859653292,-0.443787,-0.710358,-0.558121,4
5582882114230,0.573608,0.639069,0.481018,1
5582912051974,1.15839,0.655731,0.697632,1
5582919711886,-0.343018,-0.73172,-0.359085,4
5582949497042,-0.250809,-0.530914,-0.0105286,4
5582971866427,-3.59283,-2.63394,1.05707,1
5582979282199,-0.399994,0.127762,0.485428,4
5583001773654,-17.1034,-8.47696,-2.85071,1
5583031711398,-19.4431,-12.1427,-2.2326,1
5583039340792,0.682373,-0.922546,1.0793,4
5583121463595,-19.4431,-14.2105,-8.87146,1
5583181308566,-6.65161,7.56039,0.682556,1
5583188754855,7.06543,-1.31134,0.82402,4
5583218540011,0.776718,-2.12204,-0.867508,4
5583241184054,13.8156,-2.15787,-1.00989,1
5583248813449,-2.38632,-0.00326538,1.51367,4
5583271091281,2.46838,-2.0325,-2.89911,1
5583278598605,-0.341949,0.991516,1.68422,4
5583308383761,-0.648499,-0.183411,1.59912,4
5583330936251,-0.59198,-2.35861,-2.53412,1
5583338168917,-1.46027,0.228165,1.23738,4
5583360812960,-3.6571,-2.79501,-2.36749,1
5583368442355,-2.14423,0.401199,0.724335,4
5583390750705,-4.92822,-3.41788,-1.11938,1
5583398227511,-2.23109,0.122421,0.200607,4
5583420688449,-2.90967,-2.67917,1.6593,1
5583428012667,-1.22778,-0.362152,-0.171097,4
5583450626193,0.716431,-0.798676,2.37341,1
5583458286105,-0.269684,-0.334732,-0.60405,4
5583480533419,1.87805,0.101105,1.36255,1
5583488071261,0.396469,0.0341187,-0.697327,4
5583510440646,1.3631,-0.451935,0.895203,1
5583517856417,0.52037,0.227814,-0.667419,4
5583540378390,0.962402,-0.91214,1.21259,1
5583547641574,0.361572,0.0768433,-0.546005,4
5583570316134,0.658508,-0.527313,2.37976,1
5583577915011,0.168961,-0.120392,-0.375473,4
5583600223361,0.545837,0.359772,1.97113,1
5583607700167,-0.326294,-0.456146,-0.250854,4
5583697543917,-1.28189,0.954132,0.181015,4
5583719882785,-19.4431,-13.9796,-1.01465,1
5583727329074,-1.29649,1.63522,-0.541031,4
5583749820529,-19.4431,-9.5632,3.08832,1
5583757114230,-0.625717,-0.450089,0.185654,4
5583779727755,-19.4431,-6.34811,8.25928,1
5583787387667,0.392548,1.19908,-0.327408,4
5583809634982,-19.4431,-10.6383,0.396912,1
5583839572726,-19.4431,-5.04526,-5.57941,1
5583846957980,5.74773,1.57613,0.525665,4
5583869510470,-18.6364,0.668427,1.70294,1
5583877231417,5.00325,1.45578,0.817612,4
5583907016574,4.3873,-1.0607,-0.191391,4
5583929355441,17.6956,5.41013,6.26294,1
5583936801730,0.747528,-1.76387,-1.32466,4
5583959262667,7.63617,-1.72543,0.441345,1
5583966586886,-0.486145,2.55025,2.01283,4
5583989200412,2.17322,0.854095,-3.30774,1
5583996860324,-1.33139,0.231369,1.80348,4
5584019107638,3.19043,-3.01559,-3.0705,1
5584026645480,-2.70178,0.392303,1.92845,4
5584049014865,-2.26538,-4.27957,0.776184,1
5584056430636,-1.41434,1.65445,1.7921,4
5584078952609,-8.03778,-4.00186,1.27051,1
5584086215792,-1.18968,0.791061,1.22849,4
5584108859835,-7.87036,-3.38217,-1.61609,1
5584168704806,1.50751,0.479584,1.51965,1
5584176059542,-0.0282898,-0.564728,-0.68309,4
5584198642550,2.7572,0.826324,0.981689,1
5584206332980,0.476578,0.280151,-0.641434,4
5584228549777,0.782288,0.877899,0.680969,1
5584236118136,0.575195,0.543976,-0.434219,4
5584258457003,0.654541,2.59335,1.43158,1
5584265903292,0.558472,0.127045,-0.0653534,4
5584288394747,1.29883,1.42459,2.24805,1
5584295688449,-0.39856,-0.0342407,0.244751,4
5584325961886,-0.811569,0.0205994,0.399628,4
5584348209201,-0.921265,0.0741272,0.952332,1
5584355747042,-0.463715,0.0465851,0.393219,4
5584378146945,-4.07129,-0.324982,1.04041,1
5584385532199,-0.182098,0.457809,0.572662,4
5584408023654,-15.9714,-1.42154,-2.08899,1
5584415317355,-1.17651,1.88303,0.452316,4
5584437961398,-19.4431,-4.17563,-10.5782,1
5584445590792,-1.89429,0.335327,-0.781357,4
5584467899142,-19.4431,4.10727,-5.44611,1
5584475375949,-2.08868,0.361328,-0.45665,4
5584497806369,-19.4431,-1.10336,-4.48682,1
5584505161105,0.14119,1.56865,-0.450592,4
5584527713595,-19.4431,-4.64059,-9.81488,1
5584557620822,-19.4431,4.58731,-2.53015,1
5584565219699,2.74881,0.853012,0.654907,4
5584587558566,-15.7986,2.53067,3.47949,1
5584595004855,0.0536041,-0.191254,-0.000564575,4
5584617465792,-4.90521,-1.84683,6.34943,1
5584624790011,-1.61159,-1.61575,-0.845444,4
5584647403537,10.4037,-2.7117,6.42957,1
5584655063449,-1.62833,-2.48343,-0.500793,4
5584677310763,11.8701,-4.11453,2.23535,1
5584707217990,-0.139709,-1.24301,1.54504,1
5584714633761,0.967194,0.805298,0.279282,4
5584737125216,-3.08661,-0.104401,0.777771,1
5584744418917,0.392548,-0.0488281,0.116226,4
5584767032443,-2.9057,-1.91269,-0.171204,1
5584774692355,-0.236572,-0.540161,-0.078537,4
5584796970187,-3.16119,-2.29355,-2.2334,1
5584804477511,-0.152542,-0.482132,-0.205994,4
5584826907931,-2.08447,-0.188507,-0.817078,1
5584834262667,-0.0122681,-0.688278,-0.308884,4
5584856784640,-0.392822,0.605743,-0.283081,1
5584864047824,-0.340179,-0.670471,-0.438126,4
5584886722384,0.173706,0.439117,-0.633789,1
5584894321261,-0.492554,-0.549423,-0.477295,4
5584946567355,0.224487,1.05167,-0.425903,1
5584953891574,-0.050354,-0.303406,-0.412491,4
5584976474581,0.0911865,1.16434,-1.14557,1
5584984165011,-0.143997,-0.382797,-0.216324,4
5585006381808,0.254639,0.493073,-0.971008,1
5585013950167,-0.422424,-0.274918,-0.00233459,4
5585036289035,-0.223816,-0.54953,-0.621887,1
5585043735324,-0.365097,-0.178787,0.0297089,4
5585066226779,-0.465027,0.309784,-0.651245,1
5585073520480,-0.0674438,-0.0879974,0.00691223,4
5585096134005,-1.36322,-0.417816,-0.373535,1
5585103793917,-0.0211639,0.146637,0.0282745,4
5585126071749,-10.2864,-3.28696,0.169189,1
5585133579074,-0.0895233,1.6694,0.247604,4
5585155948458,-19.4431,-7.54703,-11.3113,1
5585163364230,-0.567688,2.33163,-0.413925,4
5585185916720,-19.4431,0.319305,-6.99493,1
5585193637667,-2.03883,-0.464325,0.032547,4
5585215823947,-19.4431,-4.93735,-4.77167,1
5585223422824,-2.40271,1.28311,-0.560257,4
5585245731173,-19.4431,-3.94791,-6.74579,1
5585253207980,0.0788879,1.34576,-0.173599,4
5585275668917,-19.4431,-2.23801,-3.33868,1
5585282993136,1.67252,0.884338,0.1707,4
5585335483371,-4.95361,1.75308,4.77997,1
5585343051730,-0.117645,-1.4769,-0.0244141,4
5585365390597,9.30719,1.3992,6.06775,1
5585372836886,-2.30338,-2.24487,-0.86467,4
5585395328341,11.0203,-3.42343,2.34882,1
5585402622042,-0.883484,-0.159561,0.146835,4
5585425235568,-2.22253,-1.42154,1.69104,1
5585432895480,0.281464,0.482376,0.479385,4
5585455112277,-3.24451,-1.71036,-1.28522,1
5585462680636,-0.35228,-0.708923,0.604355,4
5585485111056,0.0269165,-2.67996,-1.06305,1
5585514957247,-0.903015,-1.42471,-1.05432,1
5585522250949,1.10641,-0.328323,0.235489,4
5585544864474,-0.964111,-0.0163269,-0.917847,1
5585552524386,1.16872,-0.430862,0.200607,4
5585574802218,0.546631,0.890594,-0.238647,1
5585582309542,0.423889,-0.411987,0.0151062,4
5585604678927,0.810852,0.451813,-0.612366,1
5585612094699,-0.251526,-0.393127,-0.0600128,4
5585634616671,1.0965,0.0765076,-0.751221,1
5585641879855,-0.6745,-0.459702,-0.0977631,4
5585664523898,1.29962,0.11142,-1.39392,1
5585672153292,-0.69194,-0.432999,-0.0835114,4
5585694461642,1.23773,-0.272614,-1.2146,1
5585731721779,-0.241547,-0.182709,-0.0493317,4
5585754243752,0.100708,-0.0480652,-1.18921,1
5585761506935,-0.67485,-0.165619,0.0247192,4
5585784150978,-0.751465,-1.35965,-0.190247,1
5585791780373,-0.961456,0.00137329,-0.0450592,4
5585814058205,-3.58411,-2.29196,0.703186,1
5585821565529,-0.910904,0.481308,-0.13443,4
5585843995949,-15.6667,-5.4523,-0.500488,1
5585851350685,-1.14197,2.26151,-0.359085,4
5585873903175,-19.4431,-8.82925,-5.5929,1
5585881135841,0.052536,0.81955,-0.0617981,4
5585911409279,-0.0994873,1.05595,0.0859528,4
5585933748146,-19.4431,-6.4838,-0.289429,1
5585941194435,1.30685,1.59998,0.0471497,4
5585963655373,-19.4431,-4.09311,-4.59552,1
5585970979591,2.86595,0.975128,0.0410919,4
5585993562599,-19.4431,3.38522,-3.50531,1
5586023500343,-17.321,0.176483,-0.507629,1
5586031038185,-0.763153,-0.639862,-0.186417,4
5586053377052,-8.52734,-3.49326,2.91693,1
5586083314796,0.955261,-1.40884,1.90924,1
5586090608498,-0.376846,-1.73752,-0.284317,4
5586113222023,8.47168,0.0931702,1.39905,1
5586173036476,0.24353,-0.851837,1.13245,1
5586180452248,-0.148987,-0.308029,0.386459,4
5586202943703,1.12585,-2.11819,-1.51611,1
5586210237404,-0.529938,-0.802917,0.37471,4
5586232881447,-0.065918,-2.01822,-2.70312,1
5586240510841,-0.245468,-0.447952,0.260422,4
5586262788673,-1.66949,-1.27634,-2.03821,1
5586270295998,-0.582275,-0.316223,0.16713,4
5586292726418,-0.354736,-1.89761,-1.30267,1
5586300081154,-0.652069,-0.373901,-0.0112457,4
5586322633644,0.812439,-1.6199,-0.0601196,1
5586352571388,0.656921,-0.723297,-0.361633,1
5586360139748,0.660294,0.0942993,-0.267944,4
5586382478615,0.424438,-0.484467,-0.475891,1
5586389924904,0.549927,0.153748,-0.410355,4
5586412385841,-0.120667,0.0265198,-0.452087,1
5586419710060,0.283966,0.108536,-0.442764,4
5586442323586,-0.222229,0.316925,-0.241821,1
5586449983498,-0.109818,0.0440979,-0.367279,4
5586472230812,-0.787964,0.322479,0.420715,1
5586479768654,-0.350861,0.0643921,-0.275772,4
5586502107521,-0.905396,0.620819,0.506409,1
5586599397560,0.326691,1.86523,-0.0735474,4
5586621827980,-19.4431,-1.11765,0.576233,1
5586719026466,1.19043,0.478104,-0.124466,4
5586741487404,-18.6895,-1.61673,1.0896,1
5586838655373,-0.559845,-1.88849,-0.467682,4
5586861177345,6.91888,1.03024,-1.13525,1
5586958284279,-0.576935,-0.457916,0.645294,4
5586980836769,-1.06171,-1.01767,-1.77002,1
5587077913185,-0.555222,0.143066,0.131531,4
5587100496193,0.60376,-0.733612,-0.0442505,1
5587197542091,-0.0439453,0.240982,0.371506,4
5587220155617,-1.3299,-1.01608,1.45935,1
5587317659279,-0.145416,1.16704,-0.148666,4
5587339815041,-19.4431,4.1279,-6.01581,1
5587436799904,1.1324,0.471344,0.231934,4
5587459504982,-16.887,-1.81192,0.998352,1
5587556917091,1.48309,-0.982361,-0.36763,4
5587579164406,2.61597,0.0281067,1.66486,1
5587676545998,0.0952606,-0.570786,0.0396729,4
5587698793312,-0.666565,-0.436066,-0.753601,1
5587796174904,-0.309204,-0.155289,-0.469467,4
5587818422218,-0.119873,-0.403534,-1.04401,1
5587915803810,0.17572,0.283707,-0.474442,4
5587938081642,-7.27765,-2.47922,-0.721863,1
5588035432716,-2.05664,0.530441,-0.364075,4
5588057710548,-19.4431,-3.60593,1.96002,1
5588155061623,1.77682,-0.19516,0.690506,4
5588177369972,-6.87537,0.964386,2.25122,1
5588274690529,1.62943,-0.230408,0.263626,4
5588296998879,-5.38605,-1.98331,-0.819458,1
5588394319435,-1.60873,-1.13475,-0.0443573,4
5588416627785,-8.836,-4.0582,-1.6153,1
5588513948341,1.52974,1.297,-0.771378,4
5588536287209,-9.14227,-3.57736,0.746826,1
5588633577248,-0.620377,-0.470032,0.0393219,4
5588655946632,-9.67786,-2.1658,-0.934509,1
5588753206154,0.63858,-0.243591,0.0578308,4
5588775606056,-8.72571,-2.46494,-0.214844,1
5588872835060,-0.264343,-0.172379,-0.357315,4
5588895265480,-10.3777,-4.17404,-0.071228,1
5588925172707,-10.0016,-3.52182,0.365173,1
5588932893654,0.536392,-0.123245,-0.437057,4
