Inicio: 31-12-1969-20:59:59:999
Fim: 14-12-2018-16:02:11:093
3229705699234,-9.648499,0.792206,-0.735352,1
3229738414078,-10.069824,0.762848,-0.805176,1
3229770884781,-10.249146,1.000092,-0.537781,1
3229830699234,-9.907959,1.313507,0.003357,1
3229860728531,-10.082520,0.708099,-0.423523,1
3229920542984,-9.707214,0.378021,-0.360046,1
3229980601578,-9.439819,0.819977,-0.547302,1
3230020365982,-9.539001,0.939789,-0.588562,1
3230020365982,0.354691,-0.046982,0.268692,4
3230050395279,0.131104,-0.079742,0.217072,4
3230050395279,-9.283508,0.508148,-0.798828,1
3230140177994,0.146408,-0.063004,-0.106567,4
3230170115738,-8.817749,0.554962,-0.456055,1
3230170115738,0.226166,-0.118546,-0.241150,4
3230200083999,-8.456726,1.196075,0.404053,1
3230230021744,-7.285583,1.262726,1.199890,1
3230200083999,0.017883,-0.215744,-0.367188,4
3230230021744,-0.393341,-0.330383,-0.393539,4
3230259990005,-7.406982,1.356354,1.513306,1
3230259990005,-0.862595,-0.281967,-0.336212,4
3230289927749,-7.866394,1.176239,1.069763,1
3230289927749,-1.462875,-0.358871,-0.336212,4
3230319896011,-9.234314,0.958038,0.045410,1
3230319896011,-1.967743,-0.437195,-0.461182,4
3230349864273,-9.574707,0.249481,-0.451294,1
3230349864273,-2.278214,-0.655090,-0.657715,4
3230379802017,-9.813538,-0.164703,-0.990051,1
3230409770279,-2.256851,-0.472092,-0.773071,4
3230439769058,-11.291748,-0.548737,-2.093750,1
3230469676285,-10.902161,-0.347198,-2.164368,1
3230439769058,-1.979141,-0.357086,-0.755981,4
3230499644546,-10.378479,-0.613800,-2.070740,1
3230499644546,-1.113968,-0.019562,-0.528473,4
3230529582290,-10.098389,-0.942291,-1.725586,1
3230559550552,0.284912,0.555786,-0.050323,4
3230619456558,-10.779968,-1.138275,-0.329895,1
3230649394302,-11.368713,-0.975616,-0.188660,1
3230589488296,0.862411,0.936035,0.216705,4
3230619456558,1.103806,1.171738,0.363037,4
3230649394302,0.999481,1.194519,0.412170,4
3230679332046,-11.336975,-0.748688,0.016846,1
3230679332046,0.627060,0.968796,0.353424,4
3230709300308,-11.372681,-0.740753,0.256470,1
3230709300308,0.159592,0.721344,0.199265,4
3230739238052,-11.263184,-0.539215,0.623840,1
3230739238052,-0.204636,0.378845,-0.011154,4
3230769206314,-10.937073,-0.620941,1.191162,1
3230769206314,-0.552490,0.130676,-0.232254,4
3230829081802,-10.339600,-0.574127,1.665649,1
3230859050064,-9.960327,-0.684418,1.149109,1
3230859050064,-0.581329,-0.199722,-0.406357,4
3230888987808,-9.519165,-0.896271,0.715088,1
3230888987808,-0.337448,-0.438980,-0.281387,4
3230918956070,-9.853210,-1.483429,0.490540,1
3230918956070,0.041031,-0.584244,-0.109421,4
3230948893814,-9.571533,-1.045441,0.391357,1
3230978831558,-9.510437,-0.871674,0.229492,1
3230978831558,0.190567,-0.706726,-0.020416,4
3231038737564,-9.637390,-1.060516,-0.407654,1
3231038737564,-0.460281,-0.577484,-0.275330,4
3231068675308,-9.501709,-0.770111,-0.565552,1
3231068675308,-0.678528,-0.548279,-0.399597,4
3231098643570,-9.118469,-1.007355,-0.631409,1
3231098643570,-0.856552,-0.487762,-0.473297,4
3231128581314,-0.815964,-0.398041,-0.472931,4
3231128581314,-8.805054,-1.004181,-0.797241,1
3231158549576,-8.624939,-0.967682,-0.896423,1
3231158549576,-0.683868,-0.326477,-0.412048,4
3231188487320,-9.013733,-1.018463,-0.850403,1
3231188487320,-0.451370,-0.221436,-0.294205,4
3231248393326,-10.137268,-0.991486,-0.457642,1
3231218455581,-0.119904,-0.129944,-0.116898,4
3231248393326,0.147476,-0.027405,0.081421,4
3231278331070,-10.124573,-0.807404,-0.347351,1
3231278331070,0.224030,-0.023834,0.192856,4
3231308299331,-9.857971,-0.833588,-0.116455,1
3231308299331,0.163864,0.006073,0.218491,4
3231338237076,-9.870667,-0.982758,0.089050,1
3231368174820,-10.097595,-0.921661,0.106506,1
3231368174820,0.279922,0.090454,0.216003,4
3231487986831,-9.100220,-0.880402,0.188232,1
3231487986831,0.271378,0.068024,0.377289,4
3231517955093,-8.634460,-0.666962,0.086670,1
3231547892837,-8.934387,-1.612762,0.079529,1
3231547892837,0.486435,0.184799,0.569550,4
3231577861099,-8.546387,-1.511993,0.227112,1
3231577861099,1.088135,0.212219,0.683838,4
3231607798843,-8.394836,-0.413849,0.561157,1
3231637736587,-9.055786,-0.714569,0.863464,1
3231637736587,0.691864,0.459305,0.659271,4
3231667704849,-9.823059,-0.999420,0.957092,1
3231697642593,-0.256622,0.266327,0.350586,4
3231727580337,-9.608032,-1.342194,0.469910,1
3231757548599,-10.026978,-1.514374,0.163635,1
3231757548599,-0.808121,0.075500,-0.093048,4
3231787486343,-10.313416,-1.209686,0.029541,1
3231787486343,-0.679596,0.020309,-0.307739,4
3231847392349,-11.238586,-0.277374,0.107300,1
3231847392349,-0.540741,-0.057312,-0.588654,4
3231877330093,-10.095215,0.233612,0.404053,1
3231877330093,-0.543945,-0.052673,-0.669113,4
3231907298355,-9.216858,0.097137,0.511963,1
3231937236099,0.188782,-0.038437,-0.235458,4
3231937236099,-8.891541,-0.116302,0.557983,1
3231967173843,-8.910583,0.156647,1.178467,1
3231967173843,0.726395,-0.045914,0.211731,4
3231997142105,1.074600,0.039886,0.602295,4
3232057048111,-10.459412,-0.947052,1.184814,1
3232027079849,1.557037,0.186935,0.895676,4
3232057048111,1.977875,0.347153,0.991455,4
3232116954117,-10.697449,-2.127716,-0.648071,1
3232116954117,3.147110,0.243195,0.892471,4
3232146891861,-10.236450,-0.139313,-1.951721,1
3232146891861,3.689346,0.198685,0.653931,4
3232176829605,-10.010315,1.018341,-1.890625,1
3232176829605,3.512039,0.102554,0.356628,4
3232206797867,3.075897,0.060898,0.181824,4
3232236735611,2.736237,0.137451,0.169708,4
3232206797867,-9.550903,0.803314,-1.757324,1
3232266764908,-8.460693,1.179413,-0.069641,1
3232266764908,2.149124,0.393799,0.261215,4
3232296641617,-8.454346,1.246857,0.721436,1
3232296641617,1.208481,0.264191,0.287918,4
3232326609878,-0.327118,0.038116,0.062546,4
3232356517105,-9.366028,3.777191,0.173950,1
3232356517105,-2.689072,-0.468536,-0.539520,4
3232386485367,-9.628662,3.071014,-1.300293,1
3232416453628,-10.183289,1.591217,-1.740662,1
3232416453628,-6.562057,-1.033203,-2.095047,4
3232446391372,-11.032288,0.076508,-2.010437,1
3232506266861,-9.684998,-3.455963,-2.572205,1
3232506266861,-4.603134,-1.007568,-1.993576,4
3232536204605,-1.649094,-1.090881,-1.147629,4
3232626048355,-8.455933,0.571625,0.690491,1
3232596110611,2.097855,-0.132782,0.327438,4
3232626048355,2.327499,0.349289,0.756470,4
3232655986099,-8.691589,0.822357,0.434204,1
3232655986099,1.525345,0.613464,1.000351,4
3232715861587,-10.727600,-1.538177,-0.019653,1
3232685923843,0.440506,0.644089,1.095764,4
3232745799331,0.507797,0.247101,1.097198,4
3232775737076,0.630630,0.168427,0.890335,4
3232745799331,-10.620483,-1.837311,0.386597,1
3232775737076,-10.209473,-1.422333,0.338989,1
3232835612564,-9.381897,-0.786774,0.481018,1
3232835612564,-0.413635,0.074783,0.159744,4
3232865580826,-9.653259,-1.146210,0.665100,1
3232865580826,-0.686356,0.287689,-0.059219,4
3232925456314,-9.366028,-2.773590,0.225525,1
3232895518570,-0.705231,0.341812,-0.028244,4
3232925456314,-0.396545,0.288757,0.188232,4
3232955424576,-9.078003,-3.261566,0.236633,1
3232955424576,0.235428,0.200821,0.408966,4
3232985362320,0.951416,0.248169,0.468781,4
3233015300064,-9.647705,-3.487701,0.711121,1
3233015300064,1.670258,0.349640,0.390457,4
3233045237808,-10.253113,-3.084625,1.099915,1
3233075175552,-10.993408,-2.421295,1.121338,1
3233105143814,2.013123,0.122498,-0.399948,4
3233135081558,-11.405212,-1.492950,0.411987,1
3233165019302,-11.167175,-1.361237,0.469910,1
3233194987564,-10.889465,-1.239838,0.628601,1
3233254863052,-10.229309,-1.111298,0.638916,1
3233254863052,0.445129,-1.003662,-1.369080,4
3233284800796,0.148193,-0.950256,-1.333832,4
3233284800796,-9.913513,-1.231903,0.483398,1
3233314769058,-9.673889,-1.272369,0.265198,1
3233314769058,-0.002060,-0.877975,-1.215988,4
3233344706802,-9.554077,-1.412018,0.108887,1
3233344706802,0.007553,-0.827423,-1.019104,4
3233374644546,-9.429504,-1.414398,0.025574,1
3233434550552,-9.316040,-0.968475,-0.297363,1
3233404612808,0.155319,-0.754425,-0.568359,4
3233434550552,-0.009171,-0.689987,-0.417038,4
3233464488296,-0.229202,-0.592438,-0.307373,4
3233494456558,-9.239075,-1.024017,-0.531433,1
3233494456558,-0.385864,-0.464966,-0.214096,4
3233524394302,-0.528275,-0.290863,-0.126862,4
3233554362564,-8.878052,-1.136688,-0.530640,1
3233554362564,-0.622269,-0.066925,-0.031448,4
3233584269790,-0.601624,0.167358,0.093521,4
3233584269790,-8.699524,-1.359650,-0.388611,1
3233614238052,-8.517029,-1.573883,-0.206909,1
3233614238052,-0.431076,0.411957,0.267624,4
3233644175796,-8.544800,-1.776215,-0.027588,1
3233704081802,-8.770935,-1.853973,0.450073,1
3233704081802,0.209793,0.942444,0.894608,4
3233734019546,0.278152,1.044632,1.053757,4
3233763987808,0.337601,1.088776,1.204361,4
3233793925552,-9.972229,-2.129303,1.053101,1
3233793925552,0.360031,1.115479,1.327194,4
3233823863296,-10.633179,-2.246735,1.260986,1
3233853831558,-11.248901,-2.257050,1.433960,1
3233853831558,0.237564,1.073822,1.440765,4
3233883769302,-11.613892,-2.185638,1.456970,1
3233913737564,-11.843201,-2.059479,1.268921,1
3233913737564,-0.275497,0.734528,1.080811,4
3233943675308,-11.951111,-2.065826,1.118958,1
3233943675308,-0.669632,0.472473,0.716232,4
3234003581314,-0.841949,0.158813,-0.059937,4
3234033488540,-10.069031,-4.108185,0.131104,1
3234033488540,0.126114,0.189072,-0.194870,4
3234093486099,-9.300964,-2.031708,0.409607,1
3234063456802,1.143326,0.208298,-0.284241,4
3234093486099,1.419968,0.029922,-0.375381,4
3234123362808,-8.905823,-1.104156,0.675415,1
3234123362808,1.168594,-0.300476,-0.488953,4
3234213206558,-9.569946,-1.487396,1.030090,1
3234153300552,0.599655,-0.510193,-0.596481,4
3234183238296,0.112946,-0.690704,-0.633865,4
3234213206558,-0.187912,-0.809616,-0.578323,4
3234243144302,-0.328186,-0.843796,-0.462967,4
3234243144302,-10.201538,-1.919830,0.980103,1
3234273082046,-10.622070,-1.965057,0.919006,1
3234273082046,-0.351685,-0.856964,-0.350815,4
3234332957535,-11.121948,-1.443756,0.401672,1
3234332957535,-0.629044,-0.868011,-0.471512,4
3234362925796,-0.858322,-0.892212,-0.711121,4
3234392863540,-1.171646,-0.927460,-0.984924,4
3234422801285,-1.351089,-0.825287,-1.137665,4
3234452769546,-1.180191,-0.712418,-1.104904,4
3234512645035,-8.624939,-0.757416,0.182678,1
3234512645035,-0.006683,-0.399460,-0.347961,4
3234542582779,-8.592407,-0.273407,0.327087,1
3234542582779,0.355057,-0.237457,0.202820,4
3234572520523,-8.878052,-0.070282,0.352478,1
3234572520523,0.285629,-0.076172,0.650726,4
3234602488785,-9.181152,-0.366241,0.427063,1
3234602488785,0.128616,0.043808,0.936615,4
3234632426529,-9.604858,-0.842316,0.488953,1
3234632426529,0.035324,0.147415,1.117844,4
3234662364273,-9.626282,-1.287445,0.614319,1
3234662364273,0.063812,0.206512,1.208984,4
3234692302017,-9.477905,-1.597687,0.796021,1
3234722239761,-9.538208,-1.689728,1.071350,1
3234722239761,0.216904,0.377411,1.171967,4
3234752208023,-9.586609,-1.656403,1.257813,1
3234782145767,-9.342224,-1.450897,1.303040,1
3234782145767,-0.012741,0.419434,0.859360,4
3234812083511,-9.122437,-1.243805,1.306213,1
3234842051773,-0.938797,0.308350,0.408966,4
3234871989517,-8.616211,-1.863495,0.969788,1
3234871989517,-1.232529,0.176605,0.234512,4
3234901927261,-1.312988,0.170914,0.148346,4
3234931895523,-8.834412,-2.276093,0.862671,1
3234961833267,-1.201904,0.229309,0.094589,4
3234991771011,-9.692932,-1.888885,0.231873,1
3234991771011,-1.271683,0.206161,0.062897,4
3235021708755,-9.431091,-1.965057,0.246948,1
3235021708755,-1.346100,0.205093,-0.001892,4
3235051677017,-9.800842,-2.099152,0.220764,1
3235051677017,-1.217209,0.335052,-0.088409,4
3235081584244,-10.042847,-2.035675,0.344543,1
3235081584244,-0.949478,0.379913,-0.171722,4
3235111552505,-9.958740,-1.769073,0.570679,1
3235111552505,-0.629745,0.385254,-0.240448,4
3235141520767,-9.709595,-1.146210,0.878540,1
3235171458511,-0.498367,0.336472,-0.336578,4
3235201396255,-9.362854,-0.756622,0.599243,1
3235201396255,-0.623703,0.242126,-0.370041,4
3235231333999,-9.479492,-0.585236,0.689697,1
3235261302261,-1.099014,0.112518,-0.362564,4
3235291240005,-9.885742,-0.770905,0.084290,1
3235321177749,-1.704269,-0.031677,-0.346191,4
3235351146011,-10.437195,-0.762177,-1.032104,1
3235381083755,-10.084106,-0.441620,-1.255859,1
