Inicio: 31-12-1969-20:59:59:999
Fim: 19-12-2018-17:22:26:457
23476568172303,-0.806931,0.393311,0.644012,4
23476677944032,-8.396423,-3.590851,2.665405,1
23476687923280,-1.398666,0.008789,1.000412,4
23476767787782,-8.789185,-4.794525,2.367065,1
23476777705995,-1.334930,0.130905,0.828094,4
23476797084657,-8.916931,-5.215851,2.173462,1
23476807613221,-0.970352,0.148346,0.765778,4
23476837581483,-0.563049,0.107758,0.671432,4
23476826381532,-9.196228,-5.523712,2.316284,1
23476857631532,-8.933594,-5.271393,2.736816,1
23476867519227,-0.127960,0.124146,0.538635,4
23476916225282,-8.457520,-5.002411,3.122437,1
23476957301942,-0.141846,0.189301,0.179031,4
23476947475282,-8.610657,-5.394379,3.120850,1
23477006069032,-9.309692,-5.284088,2.613037,1
23477017207948,0.349487,0.230240,-0.018570,4
23477077083436,0.989990,0.031921,-0.305176,4
23477095912782,-10.395935,-5.727631,2.497986,1
23477107021180,1.406921,-0.357224,-0.671539,4
23477127162782,-8.985962,-4.170074,1.508545,1
23477136989442,1.643326,-0.157837,-1.148285,4
23477166927186,1.778625,-0.215515,-1.418518,4
23477226802674,1.776123,-0.418106,-1.352997,4
23477246303407,-9.903992,-3.324249,1.947327,1
23477256709901,0.998535,-0.567993,-1.272888,4
23477346523133,-0.174606,-0.595062,-1.113037,4
23477365444032,-8.636841,-3.939178,-0.230713,1
23477376460878,0.160782,-0.480057,-1.086334,4
23477396694032,-8.648743,-3.977264,-0.333862,1
23477406398622,0.484070,-0.354736,-1.015839,4
23477425990907,-8.689209,-3.718597,-0.076782,1
23477436305848,0.662445,-0.283875,-0.916855,4
23477455287782,-8.578918,-3.360748,0.208862,1
23477526119081,0.408234,-0.084854,-0.494949,4
23477486537782,-8.586060,-3.191742,0.378662,1
23477545131532,-8.797913,-3.004486,0.886475,1
23477576381532,-8.321838,-2.831512,1.262573,1
23477634975282,-7.988586,-2.458588,1.846558,1
23477645870057,-0.691574,0.114883,0.437515,4
23477666225282,-9.804810,-3.087006,1.468079,1
23477675807801,-1.250916,0.362686,0.866180,4
23477705715028,-1.470947,0.040115,1.296997,4
23477724819032,-6.901550,-4.322418,3.489014,1
23477735683290,-1.347046,0.005936,1.471802,4
23477756069032,-5.589966,-4.631073,3.718323,1
23477765621034,-0.810852,0.437103,1.456497,4
23477785365907,-7.371277,-4.749298,2.951050,1
23477795528260,-0.245453,0.888199,1.415558,4
23477814662782,-10.363403,-5.710968,2.390869,1
23477825496522,0.105957,0.781738,1.379944,4
23477935756532,-8.216309,-4.803253,3.403320,1
23477945216981,0.187134,0.426773,0.178680,4
23477965053407,-8.355164,-5.464996,3.076416,1
23477975154725,0.048630,0.422150,0.121704,4
23477994350282,-8.275024,-5.851410,2.791565,1
23478005092469,0.178223,0.402206,0.113876,4
23478025600282,-8.067139,-6.054535,2.521790,1
23478054897157,-8.086975,-5.783966,2.261536,1
23478035030214,0.602264,0.449203,0.102478,4
23478064967958,1.198990,0.578445,0.078979,4
23478094905702,1.583862,0.660690,0.051208,4
23478115444032,-8.202026,-4.936554,1.894165,1
23478124843446,1.682129,0.737244,-0.007889,4
23478144740907,-8.186951,-4.915924,1.526794,1
23478174037782,-8.399597,-4.835785,1.339539,1
23478205287782,-8.762207,-5.053192,1.264160,1
23478234584657,-9.080383,-5.382477,1.055481,1
23478154781190,1.854095,0.873962,-0.073044,4
23478184718934,2.090866,1.011749,-0.117188,4
23478274532167,3.011581,1.142410,-0.011810,4
23478263881532,-9.763550,-5.272186,0.534973,1
23478304439393,3.078873,1.186554,0.054062,4
23478324428407,-12.825500,-6.328278,-1.060669,1
23478334407655,3.243362,0.665314,-0.046692,4
23478424220887,3.138336,0.178970,-1.084549,4
23478443569032,-8.547974,-2.910858,-2.323059,1
23478454128114,2.292389,0.082489,-1.207382,4
23478484096376,1.427567,0.062546,-1.259720,4
23478504115907,-8.640808,-3.435333,-3.276001,1
23478514034120,0.877487,0.107407,-1.230530,4
23478533412782,-8.436890,-3.594025,-3.056213,1
23478543941346,0.666000,0.238434,-1.163239,4
23478564662782,-8.247253,-3.615448,-2.853088,1
23478623256532,-8.356750,-3.705109,-2.984802,1
23478663661805,1.982269,1.165192,0.154465,4
23478652553407,-8.459900,-4.064545,-2.791992,1
23478683803407,-8.991516,-4.715179,-2.213562,1
23478693599549,2.541260,1.245300,0.521896,4
23478713100282,-9.635010,-5.073822,-1.723206,1
23478742397157,-10.142029,-5.051605,-1.459778,1
23478753444520,3.322403,1.132797,0.686386,4
23478783412782,3.515732,1.000351,0.487000,4
23478773647157,-10.399109,-4.845306,-1.070190,1
23478802944032,-10.120605,-4.324799,-0.624268,1
23478903133241,2.902985,0.300018,-0.577194,4
23478922084657,-8.360718,-2.452240,1.470459,1
23478933101503,2.518112,0.397217,-0.747742,4
23478953334657,-9.980164,-2.439545,1.691040,1
23478982631532,-10.438782,-2.515717,1.875122,1
23478992946473,1.652222,0.256592,-0.642349,4
23479011928407,-9.999207,-2.884674,2.188538,1
23479043178407,-9.935730,-3.338531,2.423401,1
23479072475282,-8.676514,-3.082245,2.763794,1
23479082759706,1.348877,0.266907,-0.320496,4
23479133022157,-7.563293,-2.973541,2.332153,1
23479142635194,1.702789,0.386902,-0.397751,4
23479162319032,-7.998901,-2.590302,1.775940,1
23479172572938,1.645462,0.401489,-0.375671,4
23479191615907,-8.427368,-2.310211,1.930664,1
23479202480165,1.228546,0.347733,-0.299484,4
23479222865907,-8.580505,-2.589508,2.436096,1
23479232417909,0.802719,0.323883,-0.211182,4
23479252162782,-8.238525,-2.999725,2.601929,1
23479262386171,0.625763,0.394730,-0.155640,4
23479281459657,-7.924316,-3.353607,2.524170,1
23479312709657,-8.557495,-3.713043,2.186951,1
23479322231141,1.143097,0.889267,-0.107224,4
23479342006532,-10.652222,-4.057404,2.016357,1
23479371303407,-12.212158,-3.917755,2.009216,1
23479382106630,2.200882,0.789932,0.028778,4
23479402553407,-10.431641,-3.223480,1.909241,1
23479441982118,1.821350,0.282928,-0.520233,4
23479431850282,-8.482910,-2.344330,1.461731,1
23479461147157,-8.146484,-1.826996,0.926941,1
23479471919862,1.360626,0.385468,-0.753082,4
23479492397157,-8.599548,-2.042816,0.659546,1
23479531764833,0.517883,0.405060,-0.555481,4
23479550990907,-9.102600,-2.962433,1.097534,1
23479561702577,0.208496,0.363754,-0.262100,4
23479582240907,-8.547180,-3.501984,1.035645,1
23479591640321,0.079254,0.305359,0.013474,4
23479640834657,-9.375549,-3.440094,0.672241,1
23479681453553,0.384369,0.304657,0.859421,4
23479672084657,-9.736572,-3.920135,0.505615,1
23479701381532,-9.636597,-4.259735,0.431030,1
23479711360780,0.409653,0.155472,0.855499,4
23479730678407,-9.696106,-4.122467,0.408813,1
23479761928407,-9.439026,-3.469452,0.659546,1
23479771236268,0.230560,-0.229050,0.234222,4
23479801174012,-0.303131,-0.372894,-0.096893,4
23479820522157,-9.911926,-2.244354,1.268921,1
23479831111757,-1.200348,-0.415253,-0.294495,4
23479851772157,-11.233826,-2.902130,0.537354,1
23479861049501,-2.161301,-0.393539,-0.317642,4
23479881069032,-10.692688,-3.705109,0.856323,1
23479890987245,-2.810715,-0.701157,-0.223648,4
23479910365907,-8.294067,-4.256561,1.233215,1
23479920894471,-2.906845,-0.624252,-0.192322,4
23479950832216,-2.277725,-0.252548,-0.200500,4
23479980769960,-1.187531,-0.021835,-0.120041,4
23480000209657,-8.371033,-5.000031,1.042786,1
23480010707704,0.041153,0.139450,0.031631,4
23480060756532,-9.725464,-4.035187,1.261780,1
23480070583192,1.184753,0.024811,0.184021,4
23480090053407,-9.703247,-3.313934,1.605347,1
23480119350282,-9.415222,-2.804535,1.987000,1
23480150600282,-9.120056,-2.864838,2.009216,1
23480179897157,-9.135132,-3.324249,1.698975,1
23480209194032,-9.019287,-3.601959,1.568054,1
23480240444032,-8.751099,-3.790802,1.360962,1
23480330287782,-8.823303,-3.609100,1.857666,1
23480359584657,-9.024841,-3.691620,2.094910,1
23480100520936,0.895996,-0.095886,0.148056,4
23480250179139,-0.394638,-0.143600,-0.105087,4
23480280147401,0.071060,-0.088409,-0.016083,4
23480310085145,0.240891,-0.014008,0.082184,4
23480339992372,0.199585,0.035843,0.142715,4
23480369930116,0.069275,0.044388,0.190430,4
23480388881532,-9.040710,-3.827301,1.986206,1
23480399867860,0.012314,0.059341,0.207870,4
23480420131532,-9.147827,-3.991547,1.923523,1
23480429805604,0.156509,0.077499,0.188644,4
23480449428407,-9.139099,-4.048676,1.774353,1
23480459743348,0.304626,0.083191,0.123489,4
23480478725282,-9.159729,-3.949493,1.839417,1
23480489650575,0.478363,0.065750,0.028427,4
23480539272157,-9.289063,-3.454376,2.026672,1
23480519588319,0.419983,0.037262,-0.081589,4
23480549526063,0.198883,-0.001892,-0.170959,4
23480568569032,-9.415222,-3.342499,1.962402,1
23480579463807,-0.062454,-0.041779,-0.241089,4
23480629115907,-9.074036,-3.325836,1.414124,1
23480609401551,-0.322006,-0.101593,-0.306961,4
23480699184266,-0.146118,-0.038574,-0.260681,4
23480658412782,-8.905823,-3.343292,1.399048,1
23480689662782,-8.743164,-3.324249,1.395874,1
23480718959657,-8.597961,-3.359955,1.376831,1
23480729122010,-0.024353,0.006287,-0.160980,4
23490576008394,-7.026917,-5.073029,4.739502,1
23490605671480,-7.049133,-5.052399,4.764099,1
23490706135347,-7.074524,-4.915131,5.191772,1
23490765980318,-6.961853,-4.917511,5.233826,1
23490795918062,-7.006287,-4.841339,5.284607,1
23490825855806,-7.123718,-4.780243,5.344910,1
23490855793550,-7.011841,-4.695343,5.415527,1
23490870808199,-0.070648,-0.059570,0.005646,4
23490885731294,-6.838867,-4.639801,5.328247,1
23490900684908,-0.002640,-0.006882,-0.009674,4
23490915669039,-6.962646,-4.522369,5.400452,1
23490975514009,-6.449280,-5.148407,4.995789,1
23491005482271,-6.394531,-5.438019,4.975159,1
23490960560396,0.110931,0.086044,-0.045624,4
23490990681246,0.045776,0.160812,-0.117554,4
23491020435884,0.076401,0.258728,-0.164185,4
23491035389497,-6.912659,-5.590363,4.883118,1
23491080311372,0.174667,0.188934,-0.131073,4
23491095264986,-7.343506,-5.537994,4.472900,1
23491110218599,0.114136,0.117737,-0.131073,4
23491140156343,0.053970,0.086395,-0.137848,4
23491155109956,-6.839661,-5.362640,4.840271,1
23491170094087,0.057175,0.080704,-0.142822,4
23491200001314,0.071411,0.084976,-0.142120,4
23491214985445,-6.734131,-5.533234,4.760925,1
23491229939058,0.098480,0.127350,-0.134277,4
23491244923189,-6.913452,-5.621307,4.721252,1
23491259876802,0.136215,0.173981,-0.143539,4
23491274830415,-7.101501,-5.737946,4.771240,1
23491289814546,0.188904,0.177902,-0.155289,4
23491304768160,-7.041992,-5.905365,4.510193,1
23491319752290,0.210983,0.223114,-0.204071,4
23491334705904,-7.077698,-5.789520,4.158691,1
23491349659517,0.235901,0.277237,-0.202637,4
23491364643648,-7.176086,-5.756195,3.958740,1
23491394581392,-7.023743,-5.734772,4.011108,1
23491379597261,0.155792,0.272614,-0.200500,4
23491409535005,0.078537,0.273682,-0.181992,4
23491439472749,0.052551,0.258011,-0.150665,4
23491454426363,-7.007874,-5.880768,4.264221,1
23491484364107,-7.072144,-6.023590,4.355469,1
23491499317720,0.026199,0.173630,-0.083725,4
23491514301851,-7.058655,-6.175934,4.330872,1
23491544209078,-6.984070,-6.115631,4.276123,1
23491559193208,0.065720,0.106689,-0.015717,4
23491574146822,-6.962646,-6.106903,4.238831,1
23491604084566,-6.836487,-6.102936,4.391174,1
23491619038179,0.037231,0.057922,0.043030,4
23491634022310,-6.705566,-6.096588,4.422119,1
23491648975923,0.079254,0.036560,0.045517,4
23491663960054,-6.692871,-5.868866,4.417358,1
23491678913667,0.100250,0.017334,0.032349,4
23491723805025,-7.287964,-6.029938,4.142822,1
23491738758638,0.262970,0.208160,0.062256,4
23491753742769,-7.545044,-5.439606,4.188843,1
23491768696382,0.230560,0.249817,0.073639,4
23491783741548,-7.304626,-5.217438,4.059509,1
23491798634126,0.170746,0.306427,0.045868,4
23491828571871,0.092773,0.336334,0.013824,4
23491843525484,-6.992798,-5.127777,4.184082,1
23491858509615,0.084595,0.325653,0.009201,4
23491873463228,-7.218140,-5.229340,4.309448,1
23491888447359,0.133728,0.245911,0.045517,4
23491903400972,-7.519653,-5.210297,4.318970,1
23491918354585,0.180008,0.145142,0.083969,4
23491933338716,-7.692627,-5.226166,4.086487,1
23491948292330,0.209915,0.084259,0.102127,4
23491978230074,0.171814,0.034424,0.097504,4
23491963276460,-7.837036,-5.190460,3.919861,1
23491993183687,-7.671204,-5.168243,3.879395,1
23492008167818,0.140839,0.008072,0.088959,4
23492023121431,-7.482361,-4.998444,3.893677,1
23492038075044,0.091705,-0.000824,0.079697,4
23492053059175,-7.357788,-4.954803,3.896057,1
23492068012789,0.053253,0.005936,0.073288,4
23492082996919,-7.383972,-4.917511,3.878601,1
23492097950533,0.035812,0.009491,0.063324,4
23492112934664,-7.464905,-4.949249,3.953186,1
23492127888277,0.027985,0.005219,0.046234,4
23492157826021,0.039368,-0.010803,0.028427,4
23492172779634,-7.362549,-4.792938,4.131714,1
23492187763765,0.033676,-0.011871,0.020233,4
23492202717378,-7.435547,-4.873077,4.292786,1
23492217670992,0.029755,-0.047119,0.014542,4
23492232655122,-7.496643,-4.898468,4.245178,1
23492247608736,0.120544,-0.051025,0.018463,4
23492292500093,-8.066345,-4.806427,4.186462,1
23492307453706,0.168976,-0.001190,-0.032104,4
23492322407320,-8.332153,-4.555695,3.984924,1
23492337391451,0.166473,0.042969,-0.037445,4
23492367329195,0.088150,0.038330,-0.033524,4
23492382282808,-8.171082,-4.264496,4.171387,1
23492397236421,0.085663,0.052216,0.015961,4
23492412220552,-8.412292,-3.740021,4.361816,1
23492472035005,-8.847900,-5.364227,4.124573,1
23492427174165,0.135864,0.086761,0.116730,4
23492457081392,0.098114,0.021606,0.146637,4
23492487019136,0.217743,0.016968,0.160873,4
23492502003267,-8.582092,-4.556488,4.139648,1
23492516956880,0.262253,0.047943,0.215698,4
23492531910494,-8.489258,-3.705902,4.110291,1
23492546864107,0.163269,0.001663,0.263062,4
23492561848238,-8.053650,-3.901886,4.175354,1
23492576801851,0.082458,-0.015076,0.273743,4
23492606709078,0.010529,-0.022903,0.269470,4
23492636646822,0.063583,-0.036789,0.261993,4
23492666584566,0.185699,-0.013290,0.240631,4
23492591755464,-7.810852,-3.983612,4.404663,1
23492621662691,-7.779114,-3.829681,4.638733,1
23492696552828,0.189972,0.075012,0.204666,4
23492711475923,-7.594238,-3.586090,4.189636,1
23492771320894,-7.368103,-3.748749,4.709351,1
23492786305025,0.113434,0.186096,0.096436,4
23492801258638,-7.895752,-3.640045,5.160034,1
23492816212251,0.091705,0.083908,0.088242,4
23492831165865,-8.189331,-3.945526,5.425842,1
23492846119478,0.119843,-0.067047,0.084686,4
23492861103609,-8.156006,-3.760651,5.302856,1
23492891041353,-7.816406,-3.686859,4.971191,1
23492876087740,0.157227,-0.209473,0.102478,4
23492905994966,0.108795,-0.344406,0.129547,4
23492950886324,-7.092773,-3.124298,5.217163,1
23492980851825,-7.288757,-3.267120,5.495667,1
23492995805438,-0.013321,-0.237946,0.024155,4
23493025743182,0.035812,-0.168518,-0.080170,4
23493085588153,0.118057,-0.040344,-0.249283,4
23493010789569,-7.338745,-3.242523,5.721802,1
23493040727313,-7.307800,-3.359955,5.763855,1
23493100572284,-7.336365,-3.044159,5.519470,1
23493115525897,0.094910,0.020889,-0.303757,4
23493130479510,-7.441101,-3.152863,5.603577,1
23493145433124,0.014099,0.059341,-0.345764,4
23493160417254,-7.669617,-3.553558,5.735291,1
23493175370868,0.044708,0.051514,-0.373901,4
23493190324481,-7.564880,-3.540070,6.012207,1
23493205278094,0.105240,0.022675,-0.378525,4
23493235215838,0.163269,0.032288,-0.377808,4
23493220262225,-7.608521,-3.548798,5.997131,1
23493250169452,-8.067932,-3.883636,5.840027,1
23493265153583,0.142273,0.040833,-0.393829,4
23493280137713,-8.603516,-4.074066,5.471069,1
23493310044940,-8.917725,-4.116913,5.297302,1
23493295060809,0.149384,0.041534,-0.401306,4
23493324998553,0.056458,-0.028595,-0.409851,4
23493339982684,-8.395630,-4.221649,5.150513,1
23493354936297,0.057175,-0.091614,-0.395966,4
23493384843524,0.027618,-0.143951,-0.361435,4
23493399827655,-6.659546,-4.051849,4.852966,1
23493414781268,0.044006,-0.100159,-0.328323,4
23493429734881,-6.565918,-4.134369,4.156311,1
23493444688495,0.127670,0.014130,-0.282745,4
23493459672626,-6.955505,-4.258148,3.638977,1
23493474626239,0.074615,0.117020,-0.273499,4
23493504563983,0.031540,0.204605,-0.232910,4
23493519090350,-7.697388,-4.713593,3.892883,1
23493534501727,-0.154312,0.207809,-0.216522,4
23493549455340,-7.144348,-5.380890,4.069031,1
23493564408954,-0.224808,0.193573,-0.233978,4
23493579393085,-6.518311,-5.741913,3.966675,1
23493594346698,-0.089157,0.253738,-0.236816,4
23493609361346,-6.652405,-5.781586,3.941284,1
23493639238055,-7.191956,-6.038666,3.985718,1
23493654191669,-0.020081,0.300385,-0.217590,4
23493684129413,-0.096985,0.242706,-0.188049,4
23493729020770,-7.010254,-6.141022,4.364197,1
23493714036639,-0.132233,0.169357,-0.141754,4
23493743974383,-0.092361,0.162949,-0.085861,4
23493758958514,-7.007874,-5.752228,4.199951,1
23493773912128,-0.064941,0.188934,-0.032104,4
23493788865741,-6.973755,-5.608612,3.877014,1
23493803849872,-0.151825,0.197128,-0.029251,4
23493818803485,-6.915833,-5.442780,3.887329,1
23493833757098,-0.229797,0.273315,-0.022491,4
23493848741229,-7.024536,-5.489594,4.128540,1
23493863694842,-0.317734,0.284363,-0.032104,4
23493878648456,-7.018188,-5.745880,4.382446,1
23493893602069,-0.256851,0.300385,-0.016785,4
23493908586200,-6.961060,-5.905365,4.543518,1
23493923539813,-0.168549,0.274384,0.003860,4
23493938523944,-6.913452,-5.949799,4.593506,1
23493953477557,-0.081329,0.271545,0.015259,4
23493968431171,-6.999939,-6.087067,4.468140,1
23493983415301,0.048981,0.247681,0.032700,4
23493998368915,-7.224487,-5.990265,4.268982,1
23494013322528,0.098480,0.229172,0.048004,4
23494028306659,-7.390320,-5.907745,4.029358,1
23494043260272,0.083878,0.204605,0.074356,4
23494058244403,-7.549805,-5.700653,3.924622,1
23494073198016,0.031891,0.166153,0.132385,4
23494088151629,-7.572021,-5.829987,4.056335,1
23494103135760,-0.078476,0.075714,0.173691,4
23494118089374,-7.437927,-6.118805,3.980164,1
23494133042987,-0.004425,0.079987,0.243469,4
23494148027118,-7.903687,-5.822052,3.944458,1
23494162980731,-0.154312,-0.016495,0.296524,4
23494177964862,-7.743408,-5.889496,4.103149,1
23494192887958,-0.297440,-0.131851,0.365601,4
23494207872088,-7.423645,-5.814911,4.291199,1
23494252763446,-0.419556,-0.301682,0.521545,4
23494267717059,-7.691833,-6.094208,4.239624,1
23494282670672,-0.345856,-0.344055,0.557861,4
23494312608417,-0.164276,-0.424866,0.593109,4
23494297654803,-8.615417,-6.122772,4.775208,1
23494327592547,-9.207336,-5.974396,4.650635,1
23494342546161,0.052185,-0.555542,0.503387,4
23494372483905,0.468399,-0.570847,0.360611,4
23494402391131,0.617935,-0.404938,0.208588,4
23494432328876,0.384735,-0.173859,0.141296,4
23494462266620,0.212051,0.115601,0.169067,4
23494447313006,-6.705566,-2.452240,2.067139,1
23494477220233,-8.150452,-2.357025,2.282166,1
23494537095721,-10.795837,-4.480316,3.845276,1
23494567002948,-9.895264,-4.502533,4.566528,1
23494596940692,-7.964783,-3.752716,4.339600,1
23494626878436,-6.598450,-2.994171,4.002380,1
23494492173846,0.172531,0.250885,0.299728,4
23494522203143,-0.198822,0.114532,0.306488,4
23494552049335,-0.246887,-0.206970,0.259140,4
23494581987079,-0.209137,-0.516373,0.211426,4
23494656785663,-6.085083,-2.679169,3.880188,1
23494671739276,-0.092712,-0.310226,0.203247,4
23494686723407,-7.264160,-2.798187,4.952942,1
23494701677020,0.194244,-0.140747,0.241699,4
23494716630633,-8.864563,-3.283783,6.704895,1
23494731614764,0.791687,-0.200211,0.127411,4
23494746568378,-9.026428,-2.467316,6.675537,1
23494761521991,1.283371,-0.522430,0.073288,4
23494776506122,-7.383972,0.551788,6.549377,1
23494791429217,0.753937,-0.613922,0.080048,4
23494806413348,-6.207275,1.018341,5.973328,1
23494866258319,-5.036926,1.957001,5.716248,1
23494881242450,-0.524231,-0.135056,1.233261,4
23494896226581,-4.748108,0.385956,2.862976,1
23494911180194,-1.142319,0.039764,1.316223,4
23494926133807,-4.157776,-1.354889,2.406738,1
23494941087421,-0.809784,0.221695,1.710358,4
23494956071551,-5.258301,-1.217621,3.305725,1
23494971025165,-1.446014,0.728333,1.714981,4
23495015916522,-8.537659,-4.542206,3.148621,1
23495030900653,-1.834457,0.907074,1.914719,4
23495045884784,-9.941284,-3.778107,4.075378,1
23495090745624,-3.020065,1.128876,1.841370,4
23495105729754,-13.463440,-1.917450,2.822510,1
23495120713885,-4.488007,0.987534,1.526993,4
23495135667499,-14.229919,-2.426849,1.608521,1
23495150621112,-5.436493,0.489075,1.030319,4
23495165605243,-13.014343,-2.973541,1.591858,1
23495180589374,-5.055893,0.070374,0.518692,4
23495195542987,-10.991821,-3.743988,1.956055,1
23495210496600,-3.860321,0.021606,-0.001480,4
23495225480731,-9.942078,-4.473175,2.021118,1
23495240434344,-2.582489,0.283997,-0.403809,4
23495285325702,-9.469177,-4.166107,2.394836,1
23495300309833,-0.255432,0.332779,-0.583603,4
23495315263446,-9.217651,-3.830475,2.254395,1
23495330217059,0.401459,0.348801,-0.468597,4
23495345201190,-9.430298,-3.502777,2.424194,1
23495360154803,0.657104,0.292191,-0.293427,4
23495375138934,-9.508057,-3.159210,2.523376,1
23495390092547,0.498306,0.166504,-0.178787,4
23495405076678,-9.116089,-3.096527,2.471802,1
23495420030292,0.125183,0.086044,-0.165253,4
23495435075458,-9.121643,-3.275055,2.090149,1
23495449968036,-0.093079,0.093521,-0.228989,4
23495464921649,-9.220032,-3.359955,1.577576,1
23495539750751,0.296783,0.079987,-0.293793,4
23495554734881,-9.170837,-3.585297,1.572815,1
23495569688495,0.586243,0.048309,-0.198364,4
23495614579852,-8.747925,-3.101288,1.632324,1
23495629563983,0.588379,-0.064911,-0.012512,4
23495644517596,-8.680481,-2.949738,1.659302,1
23495659471210,0.358383,-0.108704,0.060120,4
23495689408954,0.068924,-0.165680,0.129898,4
23495704393085,-9.436646,-3.183014,1.383179,1
23495719346698,-0.093079,-0.209473,0.207870,4
23495749253924,0.088867,-0.328033,0.286911,4
23495764207538,-10.070618,-3.497223,1.634705,1
23495779191669,0.137283,-0.404221,0.299011,4
23495809129413,-0.018661,-0.406357,0.265549,4
23495824083026,-10.850586,-2.579193,1.768005,1
23495854020770,-11.325867,-2.345123,1.696594,1
23495839036639,-0.475464,-0.353302,0.256287,4
23495868974383,-1.059006,-0.488602,0.235641,4
23495898912128,-1.434631,-0.658783,0.190430,4
23495913865741,-7.991760,-1.728607,2.297241,1
23495928819354,-1.581314,-0.734985,0.139511,4
23495943803485,-6.130310,-1.464386,2.015564,1
23495958757098,-1.534317,-0.485397,0.168701,4
23495973741229,-6.638123,-2.071381,1.791016,1
23496003678973,-8.699524,-2.382416,1.553772,1
23495988664325,-1.164032,-0.053162,0.276230,4
23496018602069,-0.732880,0.007004,0.420776,4
23496033586200,-9.924622,-2.110260,1.480774,1
23496048539813,-0.612183,-0.009735,0.491272,4
23496078477557,-0.680176,-0.022552,0.494476,4
23496093431171,-9.504883,-1.995209,2.341675,1
23496168260272,-0.297791,0.275452,0.429688,4
23496198167499,-0.232635,0.296112,0.457092,4
23496213151629,-8.616211,-2.579193,2.740784,1
23496228105243,-0.312042,0.283295,0.503738,4
23496243089374,-8.819336,-2.754547,3.101013,1
23496258042987,-0.417419,0.276886,0.520111,4
23496272996600,-8.963745,-3.026703,3.441406,1
23496287950213,-0.475464,0.245544,0.488068,4
23496302934344,-8.756653,-3.352020,3.645325,1
23496317887958,-0.431671,0.254089,0.433960,4
23496332872088,-8.783630,-3.761444,3.784180,1
23496347886737,-0.218048,0.299316,0.375214,4
23496362779315,-8.955017,-3.968536,3.777832,1
23496377732928,0.021210,0.289703,0.291183,4
23496392717059,-8.978027,-4.066132,3.700073,1
23496437577899,0.401108,0.270477,0.055847,4
23496452562030,-9.399353,-4.009003,3.695313,1
23496467515643,0.419983,0.157257,-0.104019,4
23496482499774,-9.097839,-3.775726,3.346191,1
23496497453387,0.248016,0.133392,-0.274918,4
23496512407001,-10.173767,-4.120087,2.786011,1
23496527391131,0.183212,0.248047,-0.389923,4
23496542344745,-11.502014,-4.676300,2.776489,1
23496557328876,0.345215,0.039047,-0.442261,4
23496572282489,-11.087830,-4.783417,3.012939,1
23496587236102,0.543167,-0.213028,-0.582184,4
23496617173846,0.626480,-0.290649,-0.838165,4
23496632157977,-9.242249,-3.630524,1.918762,1
23496721910174,-10.136475,-3.544830,1.020569,1
23496736863788,0.615448,-0.424515,-1.095230,4
23496751847919,-10.211060,-3.531342,0.878540,1
23496766801532,0.542099,-0.498215,-1.059982,4
23496781785663,-9.596130,-3.341705,0.810303,1
23496796739276,0.472321,-0.528122,-1.058914,4
23496811692889,-8.893921,-3.094147,0.770630,1
23496826646503,0.466263,-0.412766,-1.048233,4
23496871537860,-8.379761,-3.083038,0.788086,1
23496886491473,0.491547,-0.230835,-0.802917,4
23496901475604,-8.063965,-3.069550,0.775391,1
23496916429217,0.507202,-0.139328,-0.576477,4
23496931382831,-8.059998,-3.035431,0.653992,1
23496946336444,0.498306,-0.080231,-0.317642,4
23496961290057,-7.944946,-2.969574,0.765076,1
23496976274188,0.451660,-0.034653,-0.061646,4
23496991227801,-7.969543,-2.912445,0.936462,1
23497006181415,0.341644,0.052582,0.171906,4
23497021165546,-8.357544,-2.917206,1.099915,1
23497036119159,0.201019,0.145142,0.392654,4
23497066056903,0.024414,0.192856,0.591324,4
23497081010516,-9.638977,-3.081451,1.291138,1
23497095964129,-0.151108,0.186798,0.747986,4
23497125901874,-0.299576,0.141937,0.847672,4
23497170793231,-11.494080,-3.150482,1.717224,1
23497185716327,-0.724335,0.280441,1.036728,4
23497200700458,-12.354187,-3.227448,1.648987,1
23497230638202,-10.699829,-3.209991,2.434509,1
23497260606463,-8.041748,-2.956879,2.664612,1
23497320451434,-7.958435,-3.496429,2.682068,1
23497380235370,-9.052612,-3.183807,2.619385,1
23497215654071,-1.082504,0.074295,1.050262,4
23497275499042,-1.436050,-0.133270,0.658264,4
23497305497821,-1.160477,0.192139,0.526886,4
23497365281756,-0.361176,0.195343,0.538986,4
23497395188983,-0.424194,0.075714,0.497330,4
23497410142596,-8.956604,-2.775177,2.753479,1
23497425279315,-0.698334,-0.018982,0.428619,4
23497440080340,-8.582092,-2.792633,3.035950,1
23497455033954,-0.999542,-0.037506,0.360260,4
23497470018085,-8.278198,-3.225067,3.050232,1
23497514909442,-0.902710,0.019470,0.304352,4
23497529863055,-8.166321,-3.774139,2.676514,1
23497544816669,-0.564117,0.065033,0.302216,4
23497559770282,-8.519409,-3.774933,2.877258,1
23497574754413,-0.267883,0.107407,0.310059,4
23497589708026,-9.033569,-3.584503,3.144653,1
23497619645770,-9.081177,-3.478180,3.185913,1
23497634599383,-0.295303,0.020538,0.188995,4
23497649583514,-8.921692,-3.482147,3.139099,1
23497664506610,-0.366867,0.040466,0.076843,4
23497679490741,-8.939941,-3.691620,3.023254,1
23497694444354,-0.271454,0.076080,-0.008957,4
23497724351581,-0.067795,0.093521,-0.058090,4
23497739335712,-8.718567,-3.879669,3.052612,1
23497754289325,0.183563,0.132324,-0.084793,4
23497769242938,-8.679688,-3.628143,3.184326,1
23497784196551,0.255493,0.111328,-0.110077,4
23497799180682,-8.555115,-3.450409,2.874878,1
23497814134296,0.069992,0.125565,-0.133209,4
23497829087909,-9.254944,-3.983612,2.398010,1
23497844041522,0.045074,0.301804,-0.080170,4
23497873948749,0.240891,0.287918,0.009918,4
23497888902362,-11.321106,-5.388824,2.575745,1
23497903855975,0.662796,0.039047,-0.044205,4
23497933763202,1.139526,-0.091980,-0.349686,4
23497948777850,-8.843140,-4.172455,1.538696,1
23497963731463,1.437531,-0.029663,-0.710358,4
23497978715594,-9.137512,-3.402008,1.164185,1
23497993669208,1.435394,-0.065628,-0.910095,4
23498008622821,-9.719910,-3.425018,1.071350,1
23498023576434,1.260223,-0.174576,-0.935730,4
23498053514178,1.024536,-0.301682,-0.911163,4
23498113359149,0.505066,-0.409210,-0.929672,4
23498143266376,0.486908,-0.322327,-0.937866,4
23498068467792,-9.968262,-3.477386,1.207031,1
23498098405536,-9.565186,-3.450409,0.873779,1
23498203111346,0.443115,-0.233673,-0.818237,4
23498218095477,-8.238525,-2.896576,0.150940,1
23498233049090,0.681305,-0.105499,-0.684006,4
23498262956317,0.785980,-0.060287,-0.660507,4
23498277940448,-8.676514,-3.872528,1.171326,1
23498292894061,0.767120,-0.052460,-0.594284,4
23498322831805,0.691986,-0.066345,-0.470032,4
23498307878192,-8.843933,-3.889984,1.688660,1
23498337785419,-8.839966,-3.179047,1.860046,1
23498352739032,0.379028,-0.081650,-0.345764,4
23498367692645,-8.877258,-3.025909,1.762451,1
23498382646258,0.040802,-0.026825,-0.218658,4
23498397630389,-9.082764,-3.192535,1.615662,1
23498442521747,-0.282135,0.025513,0.114227,4
23498427568133,-9.048645,-3.163177,1.683899,1
23498457475360,-8.966919,-3.091766,2.032227,1
23498472428973,-0.302429,0.089249,0.306137,4
23498487413104,-9.365234,-3.015594,2.179810,1
23498502366717,-0.340164,0.284714,0.576370,4
23498517320331,-10.743469,-3.169525,1.985413,1
23498532273944,-0.418488,0.319611,0.891815,4
23498547258075,-10.845032,-3.238556,2.330566,1
23498562211688,-0.565536,0.148712,1.109009,4
23498577165301,-9.166870,-3.237762,3.107361,1
23498592118915,-0.734299,-0.047470,1.091553,4
23498607072528,-7.213379,-2.813263,3.131958,1
23498622026141,-0.851440,0.076431,0.967300,4
23498637010272,-7.284790,-2.709320,2.701904,1
23498651963885,-0.708664,0.396149,0.873657,4
23498666948016,-8.858215,-3.240936,2.355957,1
23498681871112,-0.485077,0.326019,0.824173,4
23498696855243,-9.390625,-3.563080,2.248047,1
23498711808856,-0.473679,0.193573,0.801392,4
23498741746600,-0.602570,0.091736,0.733734,4
23498756700213,-9.335876,-3.519440,2.639221,1
23498771653827,-0.760651,-0.007233,0.610550,4
23498786637958,-8.549561,-3.610687,2.843140,1
23498801591571,-0.847519,0.013763,0.458160,4
23498831498797,-0.764923,0.115601,0.333908,4
23498846452411,-8.552734,-3.749542,2.540039,1
23498861436542,-0.580841,0.124146,0.296524,4
23498876390155,-8.443237,-3.715424,2.705872,1
23498891343768,-0.480087,0.085327,0.306137,4
23498906297381,-8.479736,-3.748749,2.690002,1
23498921281512,-0.431671,0.129486,0.312546,4
23498936235126,-8.833618,-3.818573,2.986755,1
23498951188739,-0.312393,0.092102,0.282288,4
23498966172870,-8.570190,-3.768585,3.264465,1
23498981095965,-0.147903,0.131973,0.208221,4
23498996080096,-8.660645,-3.728912,3.350159,1
23499011033710,-0.011185,0.197128,0.127411,4
23499026017840,-8.863770,-3.833649,3.289856,1
23499040971454,0.157928,0.189301,0.084320,4
23499055925067,-8.901062,-3.840790,3.313660,1
23499070878680,0.267593,0.189301,0.050507,4
23499100816424,0.298218,0.147995,-0.002197,4
23499115770038,-8.934387,-3.823334,2.932800,1
23499130723651,0.257980,0.083908,-0.081238,4
23499220506366,0.810196,0.323883,-0.143539,4
23499205522235,-11.382996,-5.249969,1.906860,1
23499235459979,-11.311584,-5.502289,2.195679,1
23499250413592,1.341049,0.073578,-0.250000,4
23499265397723,-9.371582,-4.476349,1.971924,1
23499295335467,-8.834412,-3.710663,1.256226,1
23499310258563,1.629791,0.007721,-0.849564,4
23499325242694,-9.427124,-3.172699,0.999146,1
23499340196307,1.367752,-0.104080,-0.960297,4
23499355149921,-9.716736,-3.315521,1.002319,1
23499370103534,1.056580,-0.295624,-0.951035,4
23499385087665,-9.682617,-3.537689,1.223694,1
23499489823993,-0.214844,-0.399597,-1.007996,4
23499549668963,-0.092712,-0.202698,-0.909729,4
23499534715350,-8.819336,-3.635284,0.239014,1
23499564622577,-8.747925,-3.695587,0.293762,1
23499579576190,0.154373,-0.142532,-0.766251,4
23499594560321,-8.472595,-3.478973,0.431030,1
23499609513934,0.283966,-0.099457,-0.609589,4
23499624467547,-8.177429,-3.261566,0.530212,1
23499654374774,-7.924316,-3.229828,0.727783,1
23499639451678,0.309250,-0.031448,-0.439407,4
23499669358905,0.391846,0.034058,-0.214752,4
23499759111102,0.482635,0.152985,0.723419,4
23499774095233,-9.246216,-3.146515,2.166321,1
23499789048846,0.390076,0.091034,0.850876,4
23499804002460,-9.316040,-2.856903,2.456726,1
23499818956073,0.174316,0.140167,0.909622,4
23499833940204,-10.912476,-2.646637,2.277405,1
23499848893817,-0.304565,0.285782,0.983673,4
23499953630145,-6.935669,-2.904510,2.532898,1
23499878801044,-0.930832,0.023743,1.027832,4
23499968583758,-1.339569,0.013412,0.328217,4
23499998552020,-0.850006,0.089600,0.244904,4
23500013444598,-8.616211,-3.649567,2.442444,1
23500028398212,-0.431671,0.014832,0.275879,4
23500043382342,-9.037537,-3.394073,2.036987,1
23500058335956,-0.509995,-0.112976,0.295807,4
23500133134540,-7.947327,-3.136200,2.140137,1
23500088243182,-0.830429,-0.252197,0.311478,4
23500148088153,-1.417175,-0.178497,0.245972,4
23500163072284,-7.902893,-3.427399,1.934631,1
23500177995379,-1.351318,-0.024323,0.250946,4
23500192948993,-8.016357,-3.750336,1.824341,1
23500207933124,-1.023758,0.072876,0.321442,4
23500222886737,-7.786255,-4.048676,2.331360,1
23500267778094,0.115570,0.391876,0.634048,4
23500252793963,-7.773560,-4.031219,2.999451,1
23500282731708,-8.330566,-4.209747,3.462830,1
23500297685321,0.555634,0.483734,0.808502,4
23500312669452,-8.925659,-4.328766,3.795288,1
23500327623065,0.813751,0.526459,0.885773,4
23500342607196,-9.700073,-4.310516,3.850037,1
23500417405780,0.828003,0.276886,0.326080,4
23500432359393,-10.045227,-3.871735,3.445374,1
23500447343524,0.709076,0.133392,0.026642,4
23500507188495,0.243378,0.110962,-0.382446,4
23500522142108,-10.099976,-4.137543,2.455933,1
23500537126239,0.287537,0.201752,-0.403091,4
23500552049335,-11.227478,-4.884979,2.486084,1
23500567033465,0.524658,-0.057434,-0.388855,4
23500581987079,-10.417358,-5.246796,2.671753,1
23500611924823,-9.655640,-4.801666,1.964783,1
23500626878436,1.234589,-0.184540,-0.757706,4
23500656816180,1.371674,-0.258957,-0.953522,4
23500671769794,-9.830200,-3.763824,1.012634,1
23500686723407,1.281235,-0.331238,-1.095947,4
23500716630633,1.105347,-0.454773,-1.189224,4
23500731614764,-9.850037,-3.514679,0.957886,1
23500746568378,0.857910,-0.522781,-1.249390,4
23500761521991,-9.710388,-3.171112,0.876953,1
23500776475604,0.479797,-0.556961,-1.305298,4
23500791459735,-9.412842,-3.140961,0.519897,1
23500806413348,0.184631,-0.546631,-1.330566,4
23500821366962,-9.068481,-3.157623,0.489746,1
23500851274188,-8.680481,-3.205231,0.767456,1
23500836320575,0.034393,-0.476135,-1.286072,4
23500866258319,-0.088806,-0.432343,-1.163589,4
23500881211932,-8.257568,-3.174286,1.199097,1
23500896165546,-0.082397,-0.407776,-0.938934,4
23500911210712,-8.049683,-3.003693,1.065796,1
23500926072772,-0.042160,-0.373245,-0.652313,4
23500970994647,-7.841797,-3.321869,1.091187,1
23500985948260,0.343781,-0.223358,-0.010025,4
23501000901874,-7.695007,-3.072723,1.560120,1
23501015886004,0.416779,-0.125793,0.206802,4
23501030839618,-8.225830,-2.741058,1.810852,1
23501045793231,0.253357,-0.026108,0.392654,4
23501060746844,-9.208923,-2.852142,1.992554,1
23501075700458,-0.014740,-0.069183,0.558212,4
23501090684588,-9.642151,-2.969574,2.190918,1
23501105638202,-0.360458,-0.138611,0.667877,4
23501120591815,-9.642151,-3.023529,2.129822,1
23501135545428,-0.648132,-0.145386,0.702759,4
23501150499042,-9.623108,-3.012421,2.490845,1
23501165483172,-0.762787,-0.140045,0.747269,4
23501180436786,-10.261841,-2.936249,2.417053,1
23501195390399,-1.014496,-0.039642,0.825241,4
23501210344012,-11.482971,-3.218719,1.947327,1
23501225297626,-1.373383,-0.062424,0.985107,4
23501240281756,-11.108459,-3.544830,2.240906,1
23501270219501,-8.467041,-3.587677,2.581299,1
23501285142596,-1.693115,-0.351166,1.069122,4
23501300096210,-6.776184,-3.690826,2.471802,1
23501315049823,-1.445663,-0.058502,1.008606,4
23501344987567,-0.883118,0.194641,1.029968,4
23501330033954,-7.161011,-4.038361,2.530518,1
23501359941180,-8.328186,-4.536652,2.619385,1
23501374894794,-0.346924,0.207092,1.070190,4
23501389878924,-9.070862,-4.636627,2.474182,1
23501404832538,-0.053192,0.189301,1.029602,4
23501419786151,-9.523926,-4.317657,2.491638,1
23501539476092,-7.910034,-4.089142,2.806641,1
23501554429706,-0.899857,0.060410,0.158737,4
23501569383319,-7.699768,-4.412079,2.720947,1
23501584336932,-0.586548,0.176483,0.148056,4
23501599321063,-8.140930,-4.586639,2.733643,1
23501629228290,-8.533691,-4.483490,2.920898,1
23501614274676,-0.174957,0.281860,0.165863,4
23501644181903,0.215973,0.268341,0.146988,4
23501659166034,-8.368652,-3.978058,3.137512,1
23501674089129,0.474091,0.275818,0.076843,4
23501689073260,-8.394043,-3.508331,3.382690,1
23501704026874,0.575928,0.325653,0.044800,4
23501733964618,0.436707,0.339539,0.041962,4
23501748918231,-9.341431,-3.555145,3.262878,1
23501763871844,0.281479,0.340256,0.098923,4
23501778855975,-9.919861,-3.854279,3.188293,1
23501793809588,0.221664,0.231308,0.125626,4
23501808763202,-9.580261,-3.836823,3.074036,1
23501898515399,-12.001099,-5.388824,2.432922,1
23501928453143,-10.580811,-5.306305,2.663025,1
23501853654559,0.153305,0.339905,-0.033875,4
23501883561786,0.396118,0.451340,-0.031738,4
23502018235858,-9.028015,-3.306793,1.279236,1
23502033189471,1.189377,-0.104797,-0.982361,4
23502048143085,-9.293030,-3.648773,1.147522,1
23502063096698,1.328583,-0.093399,-0.902252,4
23502078080829,-10.241211,-3.025116,1.095947,1
23502093034442,1.442520,-0.253616,-0.772308,4
23502167833026,-9.071655,-3.880463,0.832520,1
23502152879413,0.619354,-0.648819,-0.820007,4
23502182786639,0.718338,-0.572632,-0.928604,4
23502242631610,1.040909,-0.448730,-0.881256,4
23502302507098,0.599777,-0.199860,-0.679733,4
23502197740253,-8.741577,-3.782074,0.669067,1
23502257615741,-8.219482,-2.655365,0.842834,1
23502287553485,-8.261536,-2.914032,0.862671,1
23502317460712,-8.337708,-2.742645,1.146729,1
23502332414325,0.426392,-0.194519,-0.416260,4
23502347367938,-8.128235,-2.058685,1.687866,1
23502362352069,0.343430,-0.220856,-0.216171,4
23502392259296,0.318512,0.003799,-0.107224,4
23502377305682,-7.986206,-2.868805,1.452209,1
23502407212909,-8.891541,-2.894989,1.545044,1
23502422166522,0.273651,0.117020,0.092514,4
23502452104266,0.062164,0.086395,0.281921,4
23502437150653,-9.729431,-2.913239,1.779907,1
23502467057879,-9.858765,-2.837860,2.169495,1
23502482011493,0.069275,0.028717,0.427902,4
23502541856463,-0.182434,0.234161,0.744064,4
23502556810077,-11.485352,-2.143585,3.098633,1
23502631608661,-1.702011,-0.113693,0.970856,4
23502646562274,-6.976929,-3.231415,2.874878,1
23502661546405,-1.356659,0.213150,0.804230,4
23502676500018,-7.424438,-3.325043,2.967712,1
23502691453631,-0.672348,0.476257,0.784653,4
23502706407245,-9.092285,-3.036224,4.469727,1
23502736406024,-8.577332,-4.051056,2.756653,1
23502751298602,-0.057114,0.250534,0.785004,4
23502766252215,-9.178772,-1.896027,2.920898,1
23502781236346,-0.845032,0.223831,0.671783,4
23502796159442,-9.231934,-3.107635,2.282166,1
23502811143573,-1.428574,0.065399,0.479172,4
23502841050799,-1.779633,0.085327,0.379837,4
23502885942157,-8.030640,-4.148651,2.449585,1
23502900895770,-1.169022,0.034424,0.253448,4
23502915849383,-7.961609,-4.436676,2.420227,1
23502930802997,-0.546661,0.113098,0.186157,4
23502945756610,-8.344055,-4.296234,2.797119,1
23502960740741,-0.029694,0.201752,0.135956,4
23502975695629,-8.596375,-3.845551,3.489807,1
23503035540600,-8.783630,-3.850311,3.276367,1
23503050524731,0.158997,0.209595,-0.001831,4
23503065478344,-8.846313,-3.851105,3.391418,1
23503080431957,0.301422,0.178970,-0.051682,4
23503095385571,-8.793152,-3.799530,3.508057,1
23503185168285,-9.001038,-3.446442,2.724915,1
23503200121899,0.110580,0.098862,-0.298065,4
23503215106029,-10.111877,-3.832062,2.360718,1
23503245013256,-12.242310,-4.832611,2.298828,1
23503259966869,0.487625,0.173981,-0.129654,4
23503274920483,-11.066406,-5.432465,2.834412,1
23503289874096,0.988571,-0.282104,-0.231842,4
23503304858227,-8.486084,-4.623138,2.488464,1
23503319811840,1.374512,-0.095184,-0.577911,4
23503334765453,-9.252563,-3.401215,1.664856,1
23503349749584,1.684982,0.053284,-0.858109,4
23503364703197,-10.166626,-2.960052,1.679138,1
23503379656811,1.599884,-0.198074,-0.966705,4
23503394610424,-9.796875,-3.266327,1.888611,1
23503409564037,1.370956,-0.318420,-1.032928,4
23503424548168,-9.788147,-3.200470,1.785461,1
23503439501781,1.050522,-0.440887,-1.067459,4
23503454455395,-9.584229,-2.946564,1.696594,1
23503469409008,0.628616,-0.600754,-1.098083,4
23503484362621,-9.126404,-2.906097,1.422852,1
23503499346752,0.230209,-0.630310,-1.114456,4
23503514300365,-8.805054,-2.905304,1.261780,1
