Inicio: 31-12-1969-20:59:59:999
Fim: 07-01-2019-10:39:10:721
2455943046183,-7.567261,-3.729706,2.129028,1
2455975944132,-8.348022,-3.513092,2.849487,1
2456010551066,-8.791565,-3.047333,3.555664,1
2456040580362,-9.084351,-3.135406,3.620728,1
2456100394816,-9.532654,-3.550385,3.864319,1
2456160209269,-9.323181,-2.334808,3.489807,1
2456189994425,-9.202576,-2.297516,3.316040,1
2456219779581,-9.060547,-2.701385,3.318420,1
2456239768595,-0.587494,-0.053360,0.018417,4
2456269614786,-0.691452,-0.069382,0.120255,4
2456249808878,-8.970886,-3.047333,3.274780,1
2456279594034,-8.867737,-3.501190,3.173218,1
2456299460978,-0.681839,-0.082550,0.242020,4
2456309379191,-8.763000,-3.947113,3.034363,1
2456339408487,-8.661438,-4.196259,2.898682,1
2456369193644,-8.642395,-4.105804,2.781250,1
2456389060587,0.527969,-0.022385,0.522568,4
2456398978800,-8.645569,-3.783661,2.688416,1
2456418937296,0.724152,0.002899,0.524353,4
2456428763956,-8.751099,-3.571014,2.653503,1
2456448814005,0.711685,0.003616,0.478073,4
2456458793253,-8.952637,-3.421844,2.679688,1
2456478690714,0.597763,-0.009567,0.393326,4
2456508536905,0.367050,-0.047302,0.282608,4
2456518607706,-8.991516,-3.237762,2.720947,1
2456538413614,0.111771,-0.065109,0.140182,4
2456608207316,-8.986755,-3.427399,2.532104,1
2456628013224,-0.115387,-0.037689,-0.243973,4
2456657859415,-0.074448,-0.017044,-0.326584,4
2456687766642,-0.002167,0.007172,-0.389603,4
2456667777628,-9.025635,-3.477386,2.465454,1
2456697806925,-8.931213,-3.390106,2.504333,1
2456717612833,0.064407,0.036362,-0.438019,4
2456727592081,-8.868530,-3.228241,2.643188,1
2456757377237,-8.909790,-3.125092,2.743164,1
2456777335734,-0.006439,0.052383,-0.474686,4
2456787162394,-8.851074,-3.100494,2.793152,1
2456866935343,0.064774,0.065918,-0.372513,4
2456877006144,-8.893921,-3.125885,2.889160,1
2456896812052,0.085419,0.057022,-0.324799,4
2456906791300,-8.888367,-3.079865,2.964539,1
2456926688761,0.115326,0.045273,-0.273178,4
2456936576456,-8.866943,-3.017975,2.922485,1
2456956534952,0.127792,0.034943,-0.213364,4
2456966361612,-8.855042,-2.980682,2.976440,1
2456986411661,0.096100,0.020340,-0.150696,4
2457016257853,0.054443,-0.011703,-0.076645,4
2457026176066,-8.819336,-2.910858,3.023254,1
2457056205362,-8.720154,-2.994965,3.023254,1
2457075980753,-0.122864,-0.060120,0.112778,4
2457085990519,-8.716980,-3.121124,2.935181,1
2457115775675,-8.720947,-3.133026,2.862183,1
2457135734171,-0.105423,-0.067596,0.273697,4
2457165580362,-0.092239,-0.057632,0.338150,4
2457145560831,-8.760620,-3.201263,2.826477,1
2457175590128,-8.835999,-3.236969,2.815369,1
2457195457071,-0.097946,-0.049438,0.389053,4
2457205375284,-8.890747,-3.289337,2.807434,1
2457225333780,-0.110764,-0.049789,0.416824,4
2457235160441,-8.857422,-3.328217,2.755859,1
2457265189737,-8.848694,-3.348846,2.722534,1
2457255149454,-0.113968,-0.040543,0.419678,4
2457285026163,-0.102219,-0.028076,0.401871,4
2457294974894,-8.839172,-3.373444,2.739990,1
2457314902872,-0.106125,-0.020248,0.368057,4
2457344779581,-0.118240,-0.009567,0.323898,4
2457324760050,-8.876465,-3.398834,2.710632,1
2457374625773,-0.111832,0.002182,0.270142,4
2457384574503,-8.927246,-3.470245,2.701904,1
2457404563517,-0.090103,0.015366,0.206055,4
2457474174112,-8.942322,-3.403595,2.752686,1
2457494102091,-0.047745,0.020706,-0.010056,4
2457503959269,-8.950256,-3.366302,2.752686,1
2457523978800,-0.060913,0.011093,-0.073792,4
2457533988566,-8.976440,-3.282196,2.815369,1
2457553824991,-0.122513,0.002899,-0.133957,4
2457563773722,-9.135925,-3.143341,2.891541,1
2457583701700,-0.233231,-0.024872,-0.188797,4
2457593558878,-9.120056,-3.116364,2.890747,1
2457623588175,-8.960571,-3.077484,2.987549,1
2457742972941,-8.479736,-2.019012,3.051819,1
2457772758097,-8.926453,-2.487152,3.061340,1
2457792716593,-0.561508,0.074112,0.412552,4
2457822593302,-0.186951,0.048111,0.473801,4
2457852439493,0.148438,0.069122,0.481628,4
2457862357706,-8.537659,-2.664886,2.859802,1
2457882316202,0.341766,0.128937,0.483765,4
2457892142862,-8.483704,-2.755341,2.879639,1
2457912192911,0.407990,0.185898,0.489456,4
2457942069620,0.358856,0.209763,0.500137,4
2457951957316,-8.713806,-3.267120,2.763000,1
2457971915812,0.306519,0.264938,0.543930,4
2458001792521,0.373810,0.347549,0.642563,4
2458011771769,-9.639771,-4.050262,2.517029,1
2458031669230,0.352097,0.355728,0.742966,4
2458041556925,-9.049438,-4.174835,2.878052,1
2458061484903,-0.169510,0.328674,0.736557,4
2458071342081,-8.535278,-4.432709,2.759827,1
2458091361612,-0.739883,0.366776,0.607666,4
2458101371378,-9.393005,-5.146027,2.384521,1
2458121207804,-0.790787,0.264236,0.411484,4
2458131156534,-9.578674,-6.135468,2.307556,1
2458151053995,-0.336487,0.037079,0.128082,4
2458180930704,0.261658,0.063782,-0.414520,4
2458250541300,-8.824097,-4.652496,3.209717,1
2458210807413,0.774704,0.099030,-0.975632,4
2458240684122,0.859451,-0.018112,-1.388641,4
2458270530314,0.420090,-0.180466,-1.670273,4
2458310355753,-9.383484,-4.410492,2.829651,1
2458300407023,-0.110397,-0.303650,-1.834045,4
2458330283732,-0.427277,-0.443924,-1.871078,4
2458360129923,-0.653717,-0.527954,-1.772812,4
2458370170206,-8.888367,-4.426361,2.099670,1
2458389976114,-0.692169,-0.498398,-1.592300,4
2458419852823,-0.454697,-0.412598,-1.348404,4
2458449699015,-0.119308,-0.294037,-1.018723,4
2458539268107,0.886505,-0.116379,0.535385,4
2458519340128,-10.870422,-4.936554,1.410950,1
2458549125284,-10.276123,-4.877045,2.091736,1
2458579154581,-10.187256,-4.175629,2.213928,1
2458599021525,1.354691,-0.010269,0.770737,4
2458608939737,-10.240417,-3.399628,2.399597,1
2458628898234,1.081619,-0.019531,0.637222,4
2458638724894,-9.873047,-2.991791,2.607483,1
2458658744425,0.886856,-0.065460,0.239517,4
2458698539347,-7.374451,0.258209,2.674927,1
2458728324503,-8.029053,0.599396,2.328979,1
2458748313517,-1.267883,-0.152328,-0.121506,4
2458758353800,-8.954224,-0.286102,2.075073,1
2458778190226,-1.950760,-0.311478,0.171158,4
2458808036417,-2.489090,-0.368088,0.527557,4
2458788138956,-8.497192,-1.206512,2.342468,1
2458817924112,-8.101257,-2.231659,2.490051,1
2458837882609,-2.446365,-0.431824,0.841232,4
2458847709269,-7.783081,-2.902130,2.025879,1
2458877738566,-7.372070,-3.089386,1.940186,1
2458867759317,-1.581558,-0.423279,1.129257,4
2458897605509,-0.568619,-0.261993,1.359970,4
2458957328409,-0.088684,0.057724,1.723495,4
2458967338175,-8.864563,-2.860077,2.807434,1
2458987174601,-0.528748,0.136414,1.866623,4
2458997123331,-9.204956,-3.147308,3.038330,1
2459017051310,-0.875168,0.179855,1.973785,4
2459026908487,-9.363647,-3.421844,3.005005,1
2459046897501,-1.132584,0.216522,2.043930,4
2459056937784,-9.408875,-3.791595,2.920898,1
2459086722941,-10.101563,-4.530304,2.870911,1
2459116508097,-10.654602,-5.213470,3.057373,1
2459076743692,-1.282837,0.314438,2.052826,4
2459106589884,-0.998367,0.348969,1.949570,4
2459136466593,-0.416595,0.343277,1.709610,4
2459166343302,0.037003,0.413406,1.290192,4
2459196189493,0.436478,0.454361,0.757553,4
2459146537394,-10.857727,-5.361847,3.122437,1
2459176322550,-12.281982,-5.454681,3.330322,1
2459206107706,-13.093689,-5.342804,4.186462,1
2459236137003,-11.080688,-4.671539,4.216614,1
2459226127237,0.716324,0.120392,0.268723,4
2459255912394,0.630508,-0.005646,-0.397079,4
2459285758585,0.713470,-0.140228,-1.002335,4
2459295707316,-9.284302,-3.751923,3.369995,1
2459315635294,0.950592,-0.285843,-1.448807,4
2459325492472,-8.483704,-3.663055,3.019287,1
2459345481485,1.182373,-0.386612,-1.856476,4
2459375358194,1.545181,-0.416153,-2.127777,4
2459355521769,-8.140930,-3.607513,2.586060,1
2459385306925,-8.654297,-3.718597,2.162354,1
2459405204386,2.178925,-0.438583,-2.174774,4
2459415092081,-9.927795,-3.902679,2.190125,1
2459445121378,-11.352844,-3.819366,2.669373,1
2459435081095,2.788818,-0.586700,-2.048737,4
2459494803995,2.333450,-1.296646,-1.711212,4
2459504691691,-11.865417,-2.616486,2.639221,1
2459524680704,1.294876,-1.573990,-1.676315,4
2459534720987,-10.726013,-2.007904,2.085388,1
2459564506144,-9.508850,-1.769073,1.492676,1
2459554526896,0.218933,-1.673691,-1.768173,4
2459584373087,-0.719589,-1.473953,-1.929459,4
2459594291300,-8.795532,-2.112640,1.291931,1
2459614249796,-1.753525,-1.030685,-2.053009,4
2459624076456,-8.035400,-2.500641,2.243286,1
2459644126505,-2.598404,-1.020004,-2.136322,4
2459683890909,-5.619324,-3.588470,0.761108,1
2459703849405,-2.527908,-0.181168,-1.698044,4
2459713920206,-6.171570,-4.525543,0.681763,1
2459763572306,-0.711044,-0.003159,-0.729263,4
2459773490519,-6.392151,-4.911957,1.072144,1
2459793418497,-0.104355,0.063065,-0.222977,4
2459803275675,-6.704773,-4.681854,1.388733,1
2459823295206,0.482040,0.180557,0.375534,4
2459853171915,1.011826,0.488174,1.239990,4
2459833304972,-8.286926,-4.511261,1.527588,1
2459863090128,-11.486938,-4.159760,1.838623,1
2459883048624,1.003647,0.441544,2.152512,4
2459922904581,-9.592163,-4.347809,4.697449,1
2459942741007,0.671097,0.635941,2.813324,4
2459952689737,-8.003662,-3.847931,5.185425,1
2459972617716,0.999725,0.700729,2.612167,4
2459982474894,-7.211792,-3.086212,4.844238,1
2460002494425,1.418427,0.745239,2.244736,4
2460042289347,-9.784973,-1.606415,3.615173,1
2460032340616,1.510284,0.743820,1.787216,4
2460062217325,0.449295,0.545853,1.457169,4
2460072074503,-10.914856,-1.247772,3.969849,1
2460151786417,-2.667831,-0.308990,0.831619,4
2460181663126,-2.933792,-0.400497,0.725510,4
2460102103800,-10.521301,-2.104706,3.627869,1
2460131888956,-9.529480,-2.685516,3.422363,1
2460191703409,-7.456970,-3.720184,2.831238,1
2460221488566,-7.656128,-4.331146,2.257568,1
2460251273722,-8.040955,-4.734222,1.842590,1
2460241386026,-2.266922,-0.234222,0.742599,4
2460271262735,-1.434509,-0.192215,0.897842,4
2460311088175,-8.404358,-4.963531,1.961609,1
2460330985636,0.140610,0.051315,1.222900,4
2460390708536,0.803909,0.463257,1.275955,4
2460400687784,-10.435608,-4.806427,3.002625,1
2460430472941,-10.737122,-4.810394,3.472351,1
2460460502237,-11.129089,-4.810394,3.537415,1
2460420585245,0.917831,0.492813,1.120361,4
2460450461954,0.922104,0.472870,0.787460,4
2460480338663,0.923889,0.588943,0.303970,4
2460510184855,1.102264,0.269577,-0.129333,4
2460520072550,-11.336182,-4.358124,3.988098,1
2460540061564,1.075912,0.096893,-0.701843,4
2460550101847,-10.258667,-3.797150,3.312073,1
2460569907755,1.131821,-0.090378,-1.265808,4
2460609672159,-8.292480,-3.480560,2.144897,1
2460599784464,1.340805,-0.150558,-1.701599,4
2460659507364,2.600830,-0.070801,-1.962219,4
2460639701456,-9.720703,-3.679718,2.056824,1
2460669486612,-11.060852,-3.769379,2.544800,1
2460699271769,-11.234619,-3.541656,2.911377,1
2460719260782,2.881393,-0.689240,-1.792389,4
2460729301066,-10.718872,-3.074310,2.875671,1
2460749106974,2.484055,-0.980835,-1.737915,4
2460759086222,-9.731018,-2.381622,2.510681,1
2460788871378,-8.889160,-1.988861,1.930664,1
2460808829874,1.112595,-1.225433,-1.681656,4
2460818900675,-8.755066,-1.990448,1.681519,1
2460838676066,0.494858,-1.222946,-1.684158,4
2460868552775,-0.008575,-1.226852,-1.704086,4
2460878470987,-10.067444,-2.149933,1.963989,1
2460898429484,-0.495285,-1.333313,-1.756073,4
2460997855753,-7.282410,-2.603790,1.729919,1
2461017875284,-1.691574,-0.694580,-0.846039,4
2461027885050,-6.502441,-3.009247,1.787842,1
2461047782511,-1.396408,-0.316467,-0.125412,4
2461077567667,-1.036819,0.130356,0.857956,4
2461057670206,-6.310425,-3.453583,1.940186,1
2461087455362,-7.606934,-3.901886,1.962402,1
2461107444376,-0.775131,0.481415,1.961685,4
2461117484659,-8.442444,-4.127228,2.041748,1
2461137290567,-0.773697,0.654800,2.924759,4
2461147269816,-8.361511,-4.194672,2.452759,1
2461197043985,0.208969,0.969894,3.686325,4
2461207084269,-9.911133,-4.636627,3.615967,1
2461226920694,1.452957,0.851334,3.390106,4
2461236869425,-10.397522,-4.021698,3.416016,1
2461256797403,2.344482,0.897980,2.777725,4
2461266654581,-11.167175,-2.651398,3.272400,1
2461286643595,2.002335,0.885880,2.067062,4
2461316520304,0.486679,0.618484,1.419785,4
2461296683878,-11.252869,-1.248566,3.820679,1
2461346366495,-1.110870,0.299118,0.874344,4
2461356254191,-9.174011,-0.605072,4.442749,1
2461376243204,-2.299332,0.056656,0.459198,4
2461435966105,-3.772964,-0.177261,0.175079,4
2461475883097,-8.094116,-4.954010,2.482117,1
2461495719523,-2.830185,-0.230667,0.443527,4
2461505668253,-7.759277,-5.994232,2.227417,1
2461525596232,-1.328766,-0.213577,0.630096,4
2461535453409,-7.410156,-6.160065,2.235352,1
2461555442423,0.298325,-0.081833,0.779633,4
2461565482706,-7.437134,-5.570526,2.693176,1
2461585288614,1.531998,0.142822,0.880035,4
2461595267862,-8.650330,-4.900055,3.287476,1
2461674918741,1.392792,0.200851,0.318924,4
2461684867472,-12.793762,-3.101288,3.797668,1
2461714652628,-14.648865,-3.144928,4.184875,1
2461744681925,-10.615723,-2.845795,3.915894,1
2461704764933,0.816360,0.226486,-0.146423,4
2461794364542,-0.311569,-0.391586,-1.750732,4
2461804252237,-8.074280,-3.148102,2.024292,1
2461824241251,0.369888,-0.134171,-2.145584,4
2461864066691,-10.983887,-3.610687,2.278992,1
2461893851847,-10.833130,-3.753510,2.513062,1
2462013480753,-8.902649,-2.734711,2.673340,1
2461943687052,1.903702,-0.473129,-2.284790,4
2462093009562,-0.697861,-0.516922,-1.546722,4
2462103080362,-7.075317,-3.706696,2.036987,1
2462212485880,0.480270,-0.155533,-0.503891,4
2462222465128,-6.937256,-3.644012,2.898682,1
2462331962198,0.093613,0.354660,1.189072,4
2462341849894,-8.953430,-3.705902,3.337463,1
2462451469034,-0.421585,0.386002,2.147171,4
2462461478800,-8.358337,-3.793976,3.561218,1
2462670463175,-8.162354,-3.047333,3.090698,1
2462720298380,-1.302414,0.153503,0.540375,4
2462789847941,-8.449585,-3.221893,3.034363,1
2462839744181,-0.564346,0.255325,1.261002,4
2462929313273,0.292633,0.288086,1.104340,4
2462939262003,-9.366821,-2.813263,3.408081,1
2463048820109,-0.457535,0.039932,0.254837,4
2463058646769,-9.119263,-3.452789,3.017700,1
2463168296427,-0.014984,-0.201111,-0.630630,4
2463178275675,-9.198608,-3.687653,2.647949,1
2463287742228,1.840332,-0.228882,-1.633240,4
2463297660441,-8.591614,-3.239349,2.231384,1
2463407218546,0.380936,-1.259613,-1.731857,4
2463417045206,-10.533203,-2.313385,2.257568,1
2463526694864,-0.258163,-0.498047,-1.791321,4
2463536674112,-8.248047,-3.358368,0.895203,1
2463626273722,-6.822998,-2.698212,1.600586,1
2463676017374,0.632294,0.377457,-0.320877,4
2463775687784,-8.365479,-3.009247,2.363098,1
2463765647501,-0.209030,0.653381,1.161667,4
2463885093302,0.263443,0.965271,2.817596,4
2463895072550,-11.110840,-3.928864,4.721252,1
2464004589937,0.312927,0.288437,0.832321,4
2464014477633,-8.836792,-0.850250,4.049988,1
2464094189547,-1.967148,-0.459946,-0.096573,4
2464104077242,-9.646912,-2.407013,2.933594,1
2464124035738,-2.324966,-0.597382,-0.294540,4
2464133862398,-8.566223,-3.184601,3.014526,1
2464153912447,-2.551758,-0.651505,-0.466858,4
2464163891695,-7.744202,-3.832062,2.832825,1
2464183758638,-2.447800,-0.559647,-0.550888,4
2464193676851,-7.264160,-4.055023,2.235352,1
2464213635347,-1.913376,-0.359192,-0.437302,4
2464223706148,-7.022949,-4.077240,2.048096,1
2464253491304,-7.300659,-4.028046,2.269470,1
2464283276461,-7.299072,-3.922516,2.338501,1
2464243512056,-1.103745,-0.086472,-0.156387,4
2464273358248,-0.357132,0.086212,0.199997,4
2464303234957,0.126358,0.261383,0.545715,4
2464313061617,-7.588684,-3.910614,2.703491,1
2464343090914,-8.348022,-3.792389,3.006592,1
2464362988375,0.978363,0.425522,0.783554,4
2464372876070,-8.379761,-3.360748,3.387451,1
2464392865084,1.071640,0.497086,0.666061,4
2464402905367,-8.786804,-3.028290,3.623108,1
2464422711275,1.022873,0.472870,0.476288,4
2464432690523,-9.062134,-2.829132,3.746887,1
2464462475679,-9.997620,-2.823578,3.361267,1
2464482464693,0.689972,0.554398,0.239166,4
2464492504976,-13.479309,-3.491669,3.529480,1
2464512341402,0.621613,0.230759,0.248062,4
2464522290133,-13.648315,-3.915375,4.372131,1
2464542218111,0.205765,-0.359192,0.127731,4
2464552075289,-10.549072,-3.649567,3.710388,1
2464572064302,-0.301239,-0.499466,-0.363251,4
2464582104586,-9.027222,-3.332977,2.673340,1
2464601941011,-0.100784,-0.401917,-0.909058,4
2464611889742,-8.350403,-3.064789,2.328979,1
2464631817720,0.530106,-0.218552,-1.291443,4
2464641674898,-8.626526,-2.954498,2.428162,1
2464671704195,-8.869324,-3.084625,2.490845,1
2464661663912,0.850189,-0.156250,-1.598343,4
2464691632174,0.929947,-0.099640,-1.802002,4
2464701489351,-9.566772,-3.478973,2.336121,1
2464721417330,1.269608,-0.041962,-1.846146,4
2464731274508,-10.853760,-3.606720,2.811401,1
2464751294039,1.499252,-0.208237,-1.746109,4
2464761303804,-11.338562,-3.211578,3.127197,1
2464781140230,0.877609,-0.525818,-1.657455,4
2464791088961,-9.769104,-2.825958,2.924866,1
2464811016939,-0.065903,-0.643311,-1.641785,4
2464850903414,-7.568054,-2.737091,1.767212,1
2464880688570,-7.433960,-3.029877,1.587891,1
2464840893648,-0.427994,-0.544693,-1.680954,4
2464870739840,-0.405197,-0.386246,-1.624344,4
2464900616549,-0.320114,-0.252731,-1.480148,4
2464910473726,-7.460144,-3.386932,1.440308,1
2464930462740,-0.074799,-0.190079,-1.221298,4
2464960339449,0.245636,-0.128128,-0.899796,4
2464940503023,-7.273682,-3.593231,1.459351,1
2464970288179,-7.114197,-3.583710,1.656921,1
2464990246676,0.479553,-0.061905,-0.540558,4
2465000073336,-7.114990,-3.419464,1.725952,1
2465020092867,0.552536,0.055954,-0.137878,4
2465049969576,0.575684,0.190170,0.300049,4
2465059887789,-8.085388,-3.284576,1.944153,1
2465079846285,0.555389,0.309448,0.735123,4
2465149487398,-11.825745,-3.548004,2.473389,1
2465169445894,0.128860,0.745239,1.925003,4
2465179272554,-11.755127,-3.696381,3.450134,1
2465209301851,-10.191223,-3.723358,4.104736,1
2465229168795,0.018127,0.666199,1.929276,4
2465239087008,-9.478699,-3.684479,4.503845,1
2465259045504,0.339630,0.520935,1.556503,4
2465269116304,-8.678101,-3.222687,4.603027,1
2465298901461,-8.099670,-2.288788,4.220581,1
2465288891695,0.629807,0.318344,0.987198,4
2465358471773,-9.924622,-0.715363,3.104187,1
2465378521822,-1.444122,-0.301163,0.004898,4
2465408368013,-2.176849,-0.463867,-0.055984,4
2465388501070,-10.434814,-1.392975,2.807434,1
2465418286226,-9.685791,-2.180084,2.920105,1
2465438244722,-2.703079,-0.573166,-0.059555,4
2465448315523,-8.540039,-3.088593,2.963745,1
2465468121431,-3.119644,-0.651505,-0.044235,4
2465527844332,-2.297195,-0.392303,0.175430,4
2465557721041,-1.215195,-0.189011,0.460266,4
2465537670992,-6.820618,-4.265289,1.939392,1
2465627514742,-7.933838,-3.959015,2.490845,1
2465587597750,-0.256729,0.014999,0.799927,4
2465617443941,0.305450,0.140686,1.107895,4
2465647320650,0.610580,0.268860,1.322235,4
2465657299898,-8.609863,-3.709076,2.730469,1
2465677197359,0.746582,0.354660,1.435104,4
2465687085054,-9.063721,-3.532928,3.055786,1
2465707074068,0.686768,0.387070,1.452545,4
2465717114351,-9.526306,-3.498810,3.206543,1
2465736950777,0.551834,0.447586,1.391663,4
2465746899508,-10.368164,-3.652740,3.217651,1
2465836499117,-11.947937,-3.885223,4.418152,1
2465826519869,0.342484,0.108994,0.652527,4
2465856396578,0.067261,-0.197189,0.096390,4
2465866284273,-8.955811,-3.343292,3.654846,1
2465896313570,-7.843384,-2.883881,3.057373,1
2465886273287,0.033081,-0.221054,-0.606064,4
2465916119478,0.347824,-0.131332,-1.105942,4
2465955883883,-8.052856,-3.154449,2.578125,1
2465945996187,0.696732,-0.159103,-1.409286,4
2465975872896,0.927094,-0.175476,-1.567734,4
2465985913179,-8.793152,-3.543243,2.502747,1
2466005719088,1.267105,-0.181534,-1.624695,4
2466015698336,-10.119812,-3.796356,2.563049,1
2466035595797,1.716431,-0.312912,-1.574844,4
2466045483492,-10.814087,-3.594025,2.768555,1
2466075268648,-10.804565,-3.243317,2.870911,1
2466095349215,1.787277,-0.650787,-1.294647,4
2466105297945,-10.135681,-2.910858,2.859802,1
2466125225924,1.433380,-0.738373,-1.229843,4
2466135083101,-9.486633,-2.590302,2.583679,1
2466165112398,-8.843933,-2.445099,2.244873,1
2466184948824,0.748718,-0.800323,-1.328827,4
2466224682711,-8.279785,-2.218964,1.822754,1
2466244702242,0.381638,-0.782516,-1.465897,4
2466254712008,-8.457520,-2.094391,1.891785,1
2466274548433,-0.095093,-0.793198,-1.432083,4
2466284497164,-8.246460,-2.186432,1.797363,1
2466314282320,-7.986206,-2.413361,1.704529,1
2466334301851,-0.780472,-0.491638,-1.068207,4
2466344311617,-7.982239,-2.714081,1.762451,1
2466364148043,-0.866989,-0.297958,-0.721420,4
2466433911226,-7.944153,-3.357574,1.912415,1
2466493725679,-11.296509,-3.636871,2.185364,1
2466523510836,-11.322693,-3.951874,3.015320,1
2466394024752,-0.929291,-0.106766,-0.314835,4
2466483654879,-0.358566,0.823563,1.244263,4
2466613110445,-6.131104,-2.139618,4.392761,1
2466633007906,-0.057709,0.628815,1.577164,4
2466692730806,-0.649796,0.439041,1.221832,4
2466702710054,-12.078064,-2.219757,3.794495,1
2466722607515,-1.316666,0.081940,1.045944,4
2466732495211,-12.121704,-3.012421,4.005554,1
2466782360933,-1.726822,-0.358841,0.418610,4
2466762524508,-10.997375,-3.644806,3.956360,1
2466792309664,-9.447754,-3.674164,3.821472,1
2466812207125,-1.398193,-0.449631,0.109573,4
2466822094820,-8.137756,-3.389313,3.458069,1
2466842083834,-1.249008,-0.448914,-0.159592,4
2466852124117,-7.487915,-3.145721,2.815369,1
2466881909273,-7.440308,-3.198883,2.255981,1
2466911694429,-7.783081,-3.372650,2.175049,1
2466901806734,-0.922165,-0.208237,-0.358627,4
2466941723726,-8.109985,-3.485321,2.378967,1
2466961529634,-0.371384,-0.033066,-0.125061,4
2466991406343,-0.254959,0.051315,0.078598,4
2467001294039,-7.484741,-3.717010,2.658264,1
2467021283052,-0.024597,0.233261,0.279404,4
2467031323336,-7.685486,-3.740814,2.731262,1
2467051129244,0.319687,0.397385,0.467392,4
2467061108492,-8.052856,-3.748749,2.915344,1
2467081036470,0.636917,0.502777,0.617996,4
2467110882662,0.882584,0.533752,0.708069,4
2467090893648,-8.617004,-3.839203,3.125610,1
2467120922945,-9.527893,-3.950287,3.013733,1
2467140759371,1.092300,0.581100,0.748657,4
2467150708101,-12.011414,-4.028046,3.074829,1
2467200482271,1.112946,0.121811,0.591293,4
2467270092867,-7.340332,-2.564911,2.605103,1
2467230358980,0.591354,-0.167648,0.213531,4
2467260205172,0.058716,-0.258438,-0.356842,4
2467290081881,0.107132,-0.076859,-0.819687,4
2467300122164,-7.079285,-2.781525,2.235352,1
2467319958590,0.660416,0.179855,-1.089218,4
2467349804781,1.151749,0.262100,-1.195663,4
2467359692476,-9.600098,-4.074066,2.801086,1
2467389721773,-11.410767,-4.670746,2.925659,1
2467409558199,2.493301,-0.093231,-1.076035,4
2467419506929,-11.620239,-4.294647,2.948669,1
2467449292086,-10.756958,-3.195709,2.707458,1
2467439434908,2.762115,-0.467789,-0.995926,4
2467469281099,2.500778,-0.777176,-0.993439,4
2467499157808,1.737442,-1.041000,-1.103104,4
2467479321383,-9.946838,-2.172150,2.629700,1
2467509106539,-9.294617,-1.443756,2.520203,1
2467588757418,-0.789719,-1.200867,-1.605820,4
2467598706148,-8.936768,-1.884918,2.276611,1
2467618634127,-1.314163,-1.142120,-1.640717,4
2467658520601,-7.991760,-2.998932,2.087769,1
2467688305758,-7.769592,-3.337738,2.167114,1
2467718090914,-7.521240,-3.230621,2.108398,1
2467678357027,-1.387863,-0.827026,-1.267944,4
2467708233736,-1.002274,-0.728760,-0.870956,4
2467738110445,-0.852737,-0.684616,-0.399918,4
2467767987154,-1.025772,-0.496262,0.083221,4
2467748120211,-7.036438,-2.932281,2.123474,1
2467777905367,-7.194336,-2.919586,2.140137,1
2467807690523,-7.531555,-3.148895,2.221069,1
2467827710054,-0.825333,-0.048721,0.923111,4
2467857556246,-0.624527,0.323334,1.425125,4
2467837719820,-8.274231,-3.384552,2.229004,1
2467867504976,-10.549072,-3.787628,2.128235,1
2467887432955,-0.414108,0.543365,1.933914,4
2467897290133,-11.863831,-4.142303,2.411499,1
2467917309664,-0.155624,0.487823,2.236893,4
2467986889742,-7.610901,-2.736298,3.167664,1
2467977063082,0.752640,0.671188,1.927505,4
2468006939791,0.932083,0.860245,1.701767,4
2468016919039,-9.083557,-2.161041,3.278748,1
2468036785982,0.584946,0.705368,1.511642,4
2468046704195,-9.542969,-2.032501,3.314453,1
2468076733492,-9.812744,-1.861115,3.339050,1
2468096539400,-0.957779,0.249283,1.213287,4
2468106518648,-9.781799,-1.812714,3.413635,1
2468126416109,-1.895584,0.007889,1.040604,4
2468136303804,-10.093628,-2.220551,3.177979,1
2468156262301,-2.432846,-0.133469,0.823425,4
2468166088961,-10.575256,-2.745026,3.060547,1
2468186139009,-2.512589,-0.218552,0.643631,4
2468196118258,-10.943420,-3.023529,3.100220,1
2468216015718,-2.573120,-0.400848,0.461334,4
2468225903414,-9.916687,-2.963226,3.033569,1
2468245861910,-2.672455,-0.595596,0.253403,4
2468255932711,-8.216309,-2.810883,2.459900,1
2468275738619,-2.515793,-0.588837,0.053314,4
2468285717867,-7.527588,-2.669647,1.990173,1
2468305584810,-2.201416,-0.453186,-0.027863,4
2468315503023,-7.905273,-2.592682,1.888611,1
2468365338228,-2.124863,-0.287277,0.326035,4
2468375317476,-8.255981,-3.132233,1.798157,1
2468395214937,-2.075027,-0.154831,0.629379,4
2468405102633,-8.452759,-3.643219,1.918762,1
2468425091646,-1.889526,-0.038757,0.915283,4
2468435131929,-8.219482,-3.985199,2.107605,1
2468454907320,-1.445190,0.136765,1.162735,4
2468554516695,-10.925964,-4.302582,3.504089,1
2468574414156,1.127899,0.704651,1.150620,4
2468634137056,0.577103,-0.057632,0.404724,4
2468703686617,-8.178223,-0.957367,4.660950,1
2468733715914,-7.694214,-0.993073,4.242798,1
2468763501070,-7.419678,-2.434784,3.342224,1
2468793530367,-8.107605,-3.886810,2.640015,1
2468823315523,-9.651672,-4.638214,2.333740,1
2468853100679,-12.028076,-4.726288,2.347229,1
2468883129976,-13.716553,-4.240692,2.426575,1
2468912915133,-13.482483,-3.140961,2.911377,1
2468972729586,-9.628662,-1.563568,2.875671,1
2469002514742,-7.892578,-1.925385,2.312317,1
2469032299898,-7.241150,-2.426849,1.990967,1
2469062329195,-7.315735,-2.841827,1.760071,1
2469092114351,-6.875366,-3.042572,1.615662,1
2469121899508,-6.865845,-2.988617,1.569641,1
2469181713961,-7.059448,-2.467316,1.941772,1
2469211499117,-7.433167,-2.281647,2.074280,1
2469241528414,-8.308350,-2.283234,2.087769,1
2469360913179,-13.554688,-3.758270,2.375000,1
2469390698336,-11.539307,-3.225067,2.298828,1
2469420727633,-9.790527,-2.853729,2.046509,1
2469450512789,-10.147583,-3.067963,1.719604,1
2469510327242,-11.637695,-3.473419,1.456970,1
2469540112398,-11.132263,-3.559906,1.133240,1
2469599926851,-9.032776,-2.927521,1.289551,1
2469629712008,-8.732849,-2.704559,1.432373,1
2469659741304,-8.676514,-2.606171,1.252258,1
2469689526461,-8.487671,-2.623627,0.967407,1
2469749340914,-8.453552,-3.083038,0.717468,1
2469779126070,-8.328979,-3.296478,0.820618,1
2469808911226,-8.360718,-3.513092,1.119751,1
2469838940523,-8.303589,-3.500397,1.624390,1
2469868725679,-8.152832,-3.311554,2.144104,1
2469928540133,-8.444824,-3.230621,2.940735,1
2469988110445,-9.383484,-3.310760,3.546143,1
2470107739351,-9.846069,-3.746368,5.465515,1
2470137524508,-9.585815,-3.121124,6.143921,1
2470167553804,-9.858765,-2.133270,6.336731,1
2470197338961,-10.038879,-2.088043,6.323242,1
2470227124117,-8.747131,-2.453033,5.542480,1
2468693859957,-0.840637,-0.402267,-0.775894,4
2468723736666,-1.642441,-0.674286,-1.152237,4
2468753613375,-2.750778,-0.856583,-1.463058,4
2468783490084,-2.753281,-0.808868,-1.705872,4
2468813336275,-1.606125,-0.718796,-1.912735,4
2468843212984,-0.283081,-0.748703,-1.936584,4
2468873089693,0.593842,-0.860855,-1.912018,4
2468902935884,1.104401,-1.069138,-1.754288,4
2468932812593,1.020370,-1.250000,-1.612228,4
2468962689302,0.342117,-1.344711,-1.500793,4
2468992566011,-0.624878,-1.230423,-1.461624,4
2469022442720,-1.048569,-0.937759,-1.367996,4
2469052288912,-0.888351,-0.627640,-1.172165,4
2469082165621,-0.374222,-0.527603,-0.874878,4
2469112042330,0.095749,-0.421143,-0.450836,4
2469141888521,0.322891,-0.347443,0.084641,4
2469171765230,0.212524,-0.352783,0.667480,4
2469201611422,-0.163452,-0.331421,1.291611,4
2469231518648,-0.755539,-0.295456,1.930344,4
2469291241549,-2.277252,-0.211075,3.238083,4
2469350964449,-3.411591,-0.504105,3.951935,4
2469380871676,-3.663666,-0.807449,3.736526,4
2469410748384,-3.724197,-0.871536,3.229172,4
2469560070894,-1.628189,-0.726974,1.501678,4
2469589947603,-1.920502,-0.766144,1.270966,4
2469619824312,-2.217087,-0.710602,1.010345,4
2469679577730,-2.837662,-0.602371,0.473434,4
2469709454439,-3.057693,-0.471344,0.309662,4
2469739331148,-3.057327,-0.299026,0.213531,4
2469769177340,-2.793869,-0.138092,0.225281,4
2469799023531,-2.410416,0.070908,0.329239,4
2469828930758,-1.965012,0.273483,0.483047,4
2469858807467,-1.615738,0.448654,0.656799,4
2469918530367,-1.235123,0.721024,1.025299,4
2469948376558,-1.081680,0.835678,1.183029,4
2470037976168,-0.706406,1.061752,1.427261,4
2470067852877,-0.380997,1.041107,1.322586,4
2470157513521,0.786453,0.585739,0.369476,4
2470187298677,0.115326,0.289154,0.186111,4
2470217175386,-0.649796,-0.144150,0.034805,4
2470247021578,-0.944244,-0.430756,-0.206589,4
2470306774996,-0.315475,-0.516205,-0.604645,4
2470426251314,0.323257,-0.952713,-1.588028,4
2470456128023,0.355301,-0.959473,-1.866806,4
2470485974215,-0.096878,-1.011459,-2.082199,4
2470575573824,-0.483170,-0.594894,-2.152695,4
2470256909273,-7.890198,-2.791840,4.554626,1
2470316723726,-10.060303,-3.797150,3.553284,1
2470346508883,-11.160828,-3.908234,3.560425,1
2470436108492,-10.175354,-2.652985,3.074036,1
2470466137789,-10.377686,-2.066620,3.071655,1
2470495922945,-10.225342,-2.149933,2.592407,1
