Inicio: 31-12-1969-20:59:59:999
Fim: 19-12-2018-17:06:47:917
22474207783454,-1.362000,-0.520294,-0.492462,4
22474215046638,-6.477051,-0.540802,-0.051392,1
22474244343513,-7.245911,-0.431305,-1.010681,1
22474267628425,-1.340271,-0.636353,-0.245010,4
22474275593513,-8.026672,-0.303558,-1.538330,1
22474297566169,-1.541443,-0.769165,-0.076965,4
22474304890388,-8.716187,-0.466217,-1.520081,1
22474327503913,-1.810959,-0.706848,0.004929,4
22474365437263,-9.566772,-0.701080,-1.109863,1
22474357441657,-2.035980,-0.513168,0.013824,4
22474387348884,-1.905304,-0.231903,0.037689,4
22474417286628,-1.504761,0.110260,0.163361,4
22474447224372,-0.994568,0.361969,0.384460,4
22474394734138,-8.898682,-0.842316,-0.640137,1
22474424031013,-8.392456,-1.066071,-0.439392,1
22474477162116,-0.652054,0.511505,0.642242,4
22474484577888,-8.791565,-1.274750,0.337402,1
22474507099861,-0.385376,0.608704,0.849457,4
22474537007087,-0.488632,0.620102,0.916382,4
22474566944831,-1.274765,0.531097,0.830582,4
22474626820320,-1.974731,0.452759,0.620880,4
22474656758064,-1.231689,0.483383,0.667877,4
22474686695808,-0.292099,0.591614,0.807083,4
22474513874763,-9.259705,-1.157318,1.317322,1
22474545124763,-9.425537,-0.655060,1.167358,1
22474574421638,-9.482666,-0.603485,0.468323,1
22474603718513,-9.694519,-1.646088,0.724609,1
22474693562263,-9.979370,-3.784454,1.091187,1
22474724812263,-10.701416,-3.592438,1.309387,1
22474754109138,-11.170349,-3.262360,1.652954,1
22474716603034,0.466263,0.679199,0.885056,4
22474746540779,0.835480,0.715881,0.782166,4
22474776478523,0.641785,0.694870,0.462082,4
22474783406013,-11.714661,-2.720428,1.361755,1
22474836323493,-0.600784,0.141937,-0.321564,4
22474814656013,-11.814636,-2.484772,-0.028381,1
22474843952888,-11.738464,-3.571014,-0.004578,1
22474904499763,-9.475525,-4.589813,0.361206,1
22474926136726,0.969345,-0.404572,-1.073868,4
22474933796638,-8.555908,-3.644012,0.551636,1
22474956074470,1.440384,-0.246140,-1.179260,4
22474963093513,-9.823059,-2.982269,-0.213257,1
22474994343513,-10.203918,-2.807709,-0.648071,1
22474986012214,1.744446,-0.557312,-1.145782,4
22475015949958,2.038528,-0.714325,-1.023315,4
22475023640388,-10.835510,-2.583160,-0.543335,1
22475045857185,2.090149,-0.768799,-0.870926,4
22475075794929,1.896820,-0.943268,-0.799011,4
22475084187263,-11.704346,-2.304657,-1.055908,1
22475105732673,1.670029,-0.905167,-0.864166,4
22475113484138,-10.799011,-2.086456,-0.485413,1
22475135639900,1.299744,-0.823639,-1.021881,4
22475142781013,-10.118225,-1.944427,-1.221741,1
22475165577644,0.945847,-0.926178,-1.204178,4
22475172077888,-9.172424,-1.969025,-1.132874,1
22475195515388,0.717987,-0.941833,-1.346588,4
22475203327888,-8.542419,-1.992035,-1.016235,1
22475225453132,0.637878,-0.878815,-1.357269,4
22475261921638,-8.187744,-1.838104,-0.678223,1
22475255390876,0.624344,-0.783752,-1.207031,4
22475285298103,0.619354,-0.671600,-0.929321,4
22475293171638,-7.882263,-1.824615,-0.379883,1
22475315235847,0.506500,-0.476852,-0.585022,4
22475345173591,0.275421,-0.192383,-0.218307,4
22475351765388,-7.764832,-1.646881,-0.222778,1
22475375111335,0.071411,0.144073,0.166565,4
22475383015388,-8.570984,-1.815094,-0.170410,1
22475405049079,-0.014740,0.423569,0.560349,4
22475412312263,-9.679443,-1.976166,-0.072021,1
22475434956306,0.041504,0.554947,0.899658,4
22475441609138,-10.121399,-2.205475,0.338989,1
22475464894050,0.121613,0.745071,1.153152,4
22475524739021,-0.753876,0.548889,1.147095,4
22475554676765,-1.101013,0.285431,0.826309,4
22475472859138,-11.311584,-2.296722,0.437378,1
22475531452888,-13.181763,-1.998383,-0.681396,1
22475562702888,-10.262634,-2.092010,1.921143,1
22475584614509,-1.246994,0.345596,0.404053,4
22475621296638,-7.218140,-2.545868,2.102051,1
22475644489997,-0.550583,0.548538,0.117798,4
22475652546638,-8.398010,-2.223724,0.545288,1
22475674397224,-0.345154,0.180756,0.193634,4
22475681843513,-9.881775,-1.496124,-0.378296,1
22475704334968,-0.639236,-0.353302,0.293671,4
22475711140388,-10.580811,-1.142242,-0.435425,1
22475734242195,-1.214600,-0.805832,0.344238,4
22475742390388,-9.583435,-1.661957,0.058899,1
22475764179939,-1.768585,-0.752075,0.341736,4
22475771687263,-8.370239,-2.390350,0.796814,1
22475824055427,-1.615845,0.076080,0.453888,4
22475800984138,-7.668823,-2.831512,1.087219,1
22475832234138,-7.271301,-3.287750,1.008667,1
22475854054206,-0.966431,0.451691,0.624786,4
22475861531013,-7.287964,-3.412323,0.496094,1
22475883900398,-0.263977,0.666382,0.834854,4
22475890827888,-7.935425,-3.114777,0.266785,1
22475913838142,0.157578,0.764297,1.009308,4
22475922077888,-8.709839,-2.826752,0.455627,1
22475951374763,-9.470764,-2.691864,0.812683,1
22475943775886,0.310318,0.845123,1.070908,4
22475973683113,0.293579,0.927719,0.991867,4
22475980671638,-10.138855,-2.683136,0.980896,1
22476003620857,0.234833,0.967590,0.810287,4
22476011921638,-10.656189,-2.621246,0.554810,1
22476033528083,0.223083,0.965454,0.602722,4
22476063465827,0.376190,0.870392,0.417221,4
22476041218513,-11.436951,-2.673615,0.476257,1
22476070515388,-11.901123,-2.755341,1.007080,1
22476093403572,0.522156,0.770706,0.254868,4
22476131062263,-12.855652,-2.523651,1.024536,1
22476123341316,0.598709,0.685608,0.119568,4
22476153248542,0.621490,0.439590,-0.024628,4
22476160359138,-12.725525,-2.399872,1.592651,1
22476183186286,0.612946,0.069305,-0.264587,4
22476191609138,-11.007690,-2.213409,1.891785,1
22476213124030,0.581619,-0.542358,-0.606384,4
22476220906013,-7.861633,-2.039642,1.249084,1
22476243031257,0.599426,-0.699020,-0.825714,4
22476250202888,-7.385559,-2.305450,0.830139,1
22476302906745,1.050522,-1.042236,-0.627747,4
22476279499763,-9.530273,-2.556183,0.618286,1
22476310749763,-11.375854,-2.836273,0.100952,1
22476332813972,1.380920,-1.154037,-0.302689,4
22476362751716,1.703491,-1.126266,-0.042419,4
22476340046638,-13.063538,-3.096527,-0.176758,1
22476369343513,-13.266663,-2.933075,0.032715,1
22476392689460,1.666824,-0.993820,-0.080170,4
22476459187263,-8.569397,-1.719879,-0.540161,1
22476422596687,1.056931,-0.953232,-0.466461,4
22476490437263,-7.921143,-2.130096,-1.089233,1
22476512379402,0.179657,-1.203171,-1.427063,4
22476519734138,-7.922729,-2.365753,-1.495483,1
22476542317146,0.430298,-1.297165,-1.345886,4
22476549031013,-7.979065,-2.107880,-1.297913,1
22476572224372,0.537827,-1.286133,-1.137604,4
22476580281013,-7.634705,-1.818268,-0.604431,1
22476602162116,0.365143,-1.026932,-0.822861,4
22476609577888,-7.268921,-1.728607,-0.076782,1
22476632069343,-0.048569,-0.577972,-0.463974,4
22476670124763,-7.933838,-1.768280,-0.579834,1
22476662007087,-0.461929,-0.132919,-0.078033,4
22476691944831,-0.726471,0.255875,0.331772,4
22476699421638,-9.262878,-2.041229,-0.651245,1
22476728718513,-10.180908,-2.193573,-0.413208,1
22476721852058,-0.768127,0.473419,0.701691,4
22476751789802,-0.722549,0.705200,1.037796,4
22476759968513,-11.372681,-2.045197,-0.742493,1
22476781697029,-0.827942,0.935913,1.332947,4
22476789265388,-13.490417,-1.867462,-1.217773,1
22476811634773,-0.810486,0.803101,1.424805,4
22476818562263,-12.518433,-1.882538,0.567505,1
22476849812263,-10.069824,-1.121613,2.206787,1
22476871479743,-1.177917,0.305725,0.735519,4
22476879109138,-7.465698,-0.594757,1.821960,1
22476901417488,-1.892487,0.183594,0.412949,4
22476931324714,-1.776779,0.270828,0.308624,4
22476939656013,-9.743713,-2.448273,2.553528,1
22476968952888,-10.895813,-2.465729,1.520447,1
22476961262458,-1.035156,-0.109070,0.403687,4
22476991200202,-0.529938,-0.330872,0.516205,4
22476998249763,-11.336975,-1.831757,1.199097,1
22477021137947,-0.756378,-0.382507,0.487717,4
22477029499763,-10.712524,-1.537384,1.153076,1
22477058796638,-9.112122,-1.826202,1.275269,1
22477080982917,-1.334930,-0.015427,0.291901,4
22477088093513,-8.190918,-2.446686,1.137207,1
22477110920661,-1.145874,0.211365,0.361679,4
22477119343513,-7.802124,-2.857697,0.733337,1
22477140858405,-0.731445,0.334915,0.521545,4
22477170796150,-0.297791,0.497620,0.683899,4
22477200703376,-0.031479,0.606567,0.785370,4
22477230641120,-0.014389,0.620102,0.802094,4
22477350361579,0.455231,0.696655,0.334259,4
22477380268806,0.802002,0.605148,0.164429,4
22477410267585,0.941223,0.510437,0.014893,4
22477440174812,1.098587,0.728333,-0.001831,4
22477470082038,1.590637,0.643951,0.075073,4
22477500019782,2.098343,0.021240,-0.075897,4
22477177937263,-8.404358,-2.901337,0.672241,1
22477207234138,-9.182739,-2.657745,0.675415,1
22477238484138,-9.385071,-2.508575,0.899170,1
22477357624763,-10.250732,-3.150482,1.006287,1
22477386921638,-10.418152,-2.994965,1.356201,1
22477418171638,-10.417358,-3.013214,1.015015,1
22477447468513,-12.892944,-3.290924,0.881714,1
22477508015388,-11.371094,-2.837067,2.399597,1
22477529927009,1.954865,-0.309509,-0.472870,4
22477537312263,-8.406738,-1.148590,2.638428,1
22477566609138,-8.842346,-0.789154,1.610901,1
22477627156013,-10.843445,-2.184845,-1.005920,1
22477656452888,-12.467651,-2.929901,-1.211426,1
22477716999763,-11.056091,-2.723602,-0.095825,1
22477746296638,-9.947632,-2.441925,-0.286255,1
22477777546638,-8.815369,-2.225311,-0.552063,1
22477806843513,-8.241699,-2.372894,-0.848816,1
22477836140388,-8.379761,-2.158661,-1.111450,1
22477867390388,-8.240112,-1.749237,-1.143982,1
22477559864753,1.212158,-0.227631,-0.719604,4
22477589771980,0.693771,-0.575470,-0.822510,4
22477619709724,0.549225,-1.075714,-0.775513,4
22477649647468,0.762848,-1.429611,-0.639496,4
22477679615730,1.053726,-1.849731,-0.574341,4
22477709492439,0.947983,-1.863983,-0.648041,4
22477739430183,0.654968,-1.530731,-0.831406,4
22477769367927,0.536407,-1.305710,-1.069595,4
22477829243415,0.701965,-1.089600,-1.264343,4
22477859211677,0.666718,-1.144073,-1.188156,4
22477889088386,0.392212,-1.108459,-1.048950,4
22477919026130,-0.050705,-0.896271,-0.849915,4
22477948963874,-0.497894,-0.597198,-0.588593,4
22477896687263,-7.907654,-1.531036,-0.875793,1
22477925984138,-7.775940,-1.567535,-0.721069,1
22478008839363,-0.727173,0.348083,0.224960,4
22477986531013,-8.385315,-1.957123,0.028748,1
22478015827888,-9.346191,-1.843658,1.023743,1
22478038777107,-0.314178,0.776764,0.759369,4
22478047077888,-10.012695,-1.797638,1.291138,1
22478068714851,-0.049988,1.039520,1.258545,4
22478076374763,-10.910889,-1.475494,-0.363220,1
22478098652595,-0.273590,1.265244,1.690414,4
22478105671638,-13.984741,-0.958954,-0.586182,1
22478128559822,-0.228012,1.026703,1.836029,4
22478158497566,-0.285339,0.922379,1.559753,4
22478308155769,-0.508575,-0.250412,0.781097,4
22478338093513,-0.565887,-0.682281,0.714508,4
22478368000739,-0.758148,-0.456909,0.503387,4
22478397938484,-1.021622,0.215286,0.286560,4
22478427845710,-1.023041,0.750412,0.125977,4
22478487690681,-0.403900,0.764648,0.135590,4
22478517689460,-0.290680,0.668518,0.199677,4
22478547566169,-0.299576,0.507233,0.227448,4
22478195515388,-6.503235,-0.355133,4.053955,1
22478226765388,-6.895203,-1.297760,1.706116,1
22478285359138,-10.316589,-2.429230,-1.544678,1
22478316609138,-11.152100,-2.587921,-0.602051,1
22478345906013,-10.527649,-2.800568,1.659302,1
22478375202888,-8.979614,-2.579987,2.451172,1
22478435749763,-8.228210,-2.723602,1.365723,1
22478465046638,-8.286133,-2.731537,0.839661,1
22478494343513,-8.581299,-2.472076,0.230286,1
22478554890388,-9.588196,-2.025360,1.222900,1
22478584187263,-9.094666,-2.180084,1.660095,1
22478615437263,-8.948669,-2.659332,1.826721,1
22478577503913,-0.390717,0.480179,0.210007,4
22478607441657,-0.347290,0.672440,0.212143,4
22478637379402,0.048981,0.860077,0.255219,4
22478757069343,2.266754,0.901367,0.642593,4
22478644734138,-9.427917,-2.979889,1.859253,1
22478674031013,-10.421326,-2.921967,1.792603,1
22478795124763,-13.550720,-2.827545,2.884399,1
22478816914314,2.684738,-0.248627,0.047302,4
22478824421638,-9.634216,-1.243011,2.766968,1
22478846821540,1.883652,-0.688690,-0.454361,4
22478884968513,-8.229004,-0.615387,0.450867,1
22478876759284,1.220352,-0.672318,-0.707153,4
22478906697029,0.779221,-1.005219,-0.698959,4
22478914265388,-10.099976,-1.328705,-1.092407,1
22478936604255,0.732224,-1.475891,-0.400238,4
22478943562263,-13.106384,-2.192780,-1.661316,1
22478966541999,0.775299,-2.370270,-0.184128,4
22478974812263,-14.429077,-2.649811,-1.163025,1
22479026386970,0.087082,-2.190826,-0.477859,4
22479056324714,-0.256500,-1.510071,-0.938217,4
22479004109138,-12.073303,-2.714081,0.544495,1
22479064656013,-9.058167,-2.157074,0.015259,1
22479086262458,-0.340515,-1.077133,-1.312775,4
22479093952888,-8.666992,-2.608551,-0.680603,1
22479116169685,-0.043228,-0.942200,-1.458038,4
22479123249763,-9.021667,-2.891022,-1.284424,1
22479146107429,0.355179,-1.114517,-1.412460,4
22479205952400,0.078888,-1.382263,-1.180679,4
22479183796638,-8.870911,-1.859528,-1.544678,1
22479213093513,-8.379761,-1.421539,-1.060669,1
22479235890144,-0.424896,-1.168274,-1.076355,4
22479265797370,-0.758514,-0.772003,-0.894073,4
22479242390388,-7.909241,-1.580231,-0.565552,1
22479273640388,-7.603760,-1.856354,-0.183899,1
22479295765632,-0.854645,-0.244354,-0.573273,4
22479302937263,-8.036987,-2.073761,-0.206116,1
22479325672859,-0.597580,0.233795,-0.127518,4
22479332234138,-8.814575,-2.316559,-0.026794,1
22479355610603,0.043640,0.598740,0.359192,4
22479363484138,-8.877258,-2.243561,0.996765,1
22479392781013,-10.147583,-1.624664,0.761902,1
22479385548347,0.874283,1.149887,0.884705,4
22479415455573,1.197922,1.622345,1.424103,4
22479422077888,-12.544617,-0.943085,0.373901,1
22479445393318,1.115326,1.644424,1.749512,4
22479453327888,-11.798767,-0.670135,1.942566,1
22479475300544,0.701599,1.647629,1.677597,4
22479482624763,-9.362854,-0.253571,3.669922,1
22479511921638,-7.555359,0.238373,3.259705,1
22479535176032,-0.916595,1.647980,0.993652,4
22479543171638,-7.981445,0.266144,0.912659,1
22479572468513,-9.585022,-0.391632,-0.705200,1
22479601765388,-10.840271,-1.077179,-0.793274,1
22479595021003,-1.510101,0.802750,0.815277,4
22479624958747,-1.813446,0.250534,0.866898,4
22479633015388,-11.818604,-1.767487,-0.271973,1
22479654896491,-2.110031,-0.083069,0.884338,4
22479684834236,-2.310837,-0.117249,0.801025,4
22479662312263,-11.933655,-2.498260,0.854736,1
22479691609138,-10.402283,-3.048126,1.711670,1
22479714741462,-2.223251,0.263000,0.676056,4
22479752156013,-8.478149,-3.131439,1.127686,1
22479744679206,-1.835876,0.642883,0.514069,4
22479774586433,-1.185760,0.817352,0.417938,4
22479781452888,-8.491638,-3.362335,1.230835,1
22479804524177,-0.623215,0.852234,0.376282,4
22479812702888,-8.848694,-2.984650,1.076904,1
22479841999763,-9.154968,-2.519684,0.988037,1
22479864369148,-0.346924,0.593750,0.254150,4
22479871296638,-9.248596,-2.219757,1.349060,1
22479894306892,-0.419922,0.511871,0.179382,4
22479902546638,-9.214478,-2.315765,1.682312,1
22479924214118,-0.339813,0.540710,0.162292,4
22479931843513,-9.311279,-2.839447,1.779907,1
22479954151863,0.068573,0.653214,0.206085,4
22479984059089,0.639297,0.734039,0.261276,4
22479961140388,-9.923035,-3.213165,1.824341,1
22479992390388,-10.792664,-3.144928,2.094116,1
22480013996833,1.129913,0.666382,0.254517,4
22480021687263,-11.164001,-2.986237,2.186951,1
22480050984138,-11.936035,-2.616486,1.710083,1
22480082234138,-13.847473,-2.186432,1.616455,1
22480111531013,-13.843506,-1.850006,1.483948,1
22480043904060,1.355652,0.573456,0.159088,4
22480073841804,1.409058,0.499756,0.034485,4
22480103779548,1.217148,-0.040710,-0.218658,4
22480133717292,0.782425,-0.659500,-0.629883,4
22480140827888,-11.813843,-1.417572,1.502991,1
22480163624519,0.311035,-1.221329,-1.080276,4
22480172077888,-8.995483,-1.443756,1.165771,1
22480201374763,-9.054199,-1.709564,0.552429,1
22480193531745,0.074615,-1.203888,-1.348373,4
22480223438972,0.158997,-1.304993,-1.407120,4
22480230671638,-10.398315,-2.145966,-0.467957,1
22480253376716,0.455933,-1.659607,-1.263992,4
22480259968513,-11.326660,-2.465729,-1.276489,1
22480283314460,0.761414,-1.854370,-0.968475,4
22480291218513,-12.631104,-2.707733,-1.295532,1
22480320515388,-12.543823,-2.969574,-0.614746,1
22480343159431,1.085419,-1.712311,-0.538025,4
22480349812263,-11.481384,-2.768829,-0.190247,1
22480373066657,0.966492,-1.341309,-0.644836,4
22480381062263,-10.105530,-2.295929,-0.506836,1
22480403004402,0.745392,-1.094574,-0.921127,4
22480410359138,-9.113708,-1.729401,-0.297363,1
22480439656013,-8.826477,-1.170807,-0.135498,1
22480462849372,-0.391083,-1.056839,-1.465149,4
22480470906013,-8.343262,-1.153351,-1.082092,1
22480492756599,-1.019485,-1.198547,-1.581223,4
22480522663825,-1.459198,-1.178955,-1.558441,4
22480529499763,-7.675171,-1.436615,-1.028931,1
22480552601570,-1.617279,-1.071075,-1.368668,4
22480560749763,-7.153076,-1.777008,-0.611572,1
22480590046638,-6.376282,-2.260223,-0.229126,1
22480582539314,-1.520432,-0.791229,-0.993042,4
22480612477058,-1.085358,-0.341202,-0.438690,4
22480619343513,-5.844666,-2.503815,0.580994,1
22480672291511,0.187134,1.064438,1.028534,4
22480702229255,0.858612,1.454300,1.714264,4
22480650593513,-6.832520,-2.392731,0.773010,1
22480679890388,-8.628906,-2.106293,0.980896,1
22480709187263,-9.530273,-1.832550,1.808472,1
22480732136482,1.275543,1.964508,2.266846,4
22480740437263,-11.102905,-1.051788,1.138000,1
22480762074226,0.853271,2.420593,2.684479,4
22480769734138,-14.777405,-0.326569,-0.255310,1
22480791981452,0.327759,2.094818,2.798050,4
22480799031013,-15.260620,-0.514618,1.674377,1
22480830281013,-12.258179,-0.746307,3.732605,1
22480851826423,-1.212814,1.124603,1.748444,4
22480859577888,-8.782043,-1.503265,3.189880,1
22480881764167,-1.679230,1.077255,1.191605,4
22480888874763,-9.015320,-2.338776,1.492676,1
22480911701911,-1.218506,0.756821,0.656128,4
22480920124763,-10.813293,-1.872223,0.051758,1
22480941639655,-1.258743,-0.080231,0.158386,4
22480971546882,-2.067657,-0.785538,-0.235046,4
22480949421638,-11.306824,-1.131134,-0.226746,1
22481008015388,-10.479248,-1.959503,-0.467163,1
22481001484626,-2.890106,-1.264053,-0.509186,4
22481031391853,-3.359009,-1.446701,-0.651962,4
22481039265388,-9.409668,-2.952911,0.110474,1
22481061329597,-3.287811,-1.302505,-0.589661,4
22481068562263,-7.916382,-3.674957,0.428650,1
22481091236823,-2.725616,-0.857819,-0.325470,4
22481121144050,-1.818787,-0.346542,0.000656,4
22481129109138,-6.869812,-3.747162,0.265991,1
22481158437232,-7.433167,-3.464691,0.244568,1
22481151113013,-0.858917,0.081055,0.304352,4
22481181050757,-0.176392,0.365173,0.525818,4
22481187734107,-8.289307,-3.073517,0.644470,1
22481218984107,-8.728088,-2.689484,0.850769,1
22481240895728,0.176086,0.608353,0.617310,4
22481248280982,-8.728088,-2.268951,0.955505,1
22481270833472,0.031540,0.778900,0.557144,4
22481277577857,-9.197021,-2.387177,0.880920,1
22481300771216,0.092422,0.896744,0.515839,4
22481308827857,-10.101563,-2.756927,0.976929,1
22481330739478,0.404663,0.901016,0.494843,4
22481360616187,0.679535,0.905640,0.479523,4
22481338124732,-10.810913,-2.938629,1.186401,1
22481390523414,0.992126,1.019577,0.524750,4
22481427968482,-13.742737,-3.891571,1.278442,1
22481480306128,2.267456,0.198914,-0.110077,4
22481517812232,-6.857910,-1.959503,0.992004,1
22481540151099,1.735184,0.187164,-0.506699,4
22481570058326,1.977646,-0.166748,-0.303040,4
22481547109107,-8.258362,-2.269745,0.050171,1
22481578359107,-10.245178,-2.706940,-0.331482,1
22481599996070,2.333328,-0.579391,0.049072,4
22481607655982,-12.833435,-3.156036,-0.475098,1
22481629933814,2.576508,-1.139435,0.240982,4
22481636952857,-13.903015,-3.183807,-0.392578,1
22481659841041,2.506363,-1.410385,0.135956,4
22481668202857,-13.181763,-2.644257,-0.032349,1
22481697499732,-11.760681,-1.527863,-0.422729,1
22481726796607,-10.298340,-1.007355,-0.586975,1
22481758046607,-9.623901,-1.435822,-0.796448,1
22481787343482,-9.293030,-2.027740,-1.269348,1
22481816640357,-9.061340,-2.468903,-1.655762,1
22481845937232,-8.640808,-2.638702,-1.528809,1
22481877187232,-8.029846,-2.532379,-1.263000,1
22481689778785,1.882935,-1.461304,-0.347900,4
22481779561499,-0.853928,-1.490143,-2.035889,4
22481809468726,-0.885254,-1.517548,-2.147675,4
22481839406470,-0.555206,-1.526810,-1.993164,4
22481869313697,-0.156799,-1.433167,-1.661682,4
22481899281958,0.087433,-1.179321,-1.269333,4
22481906484107,-7.269714,-2.396698,-0.936890,1
22481929189185,0.278275,-0.752426,-0.882324,4
22481935780982,-6.803955,-2.247528,-0.393372,1
22481959096412,0.476593,-0.111557,-0.473236,4
22481989034156,0.625412,0.352722,-0.032806,4
22482018941382,0.771027,0.639328,0.417572,4
22482048879126,0.764618,1.036316,0.881851,4
22481967030982,-7.572815,-1.959503,-0.224365,1
22481996327857,-8.423401,-1.855560,-0.221985,1
22482025624732,-8.670166,-1.604034,0.272339,1
22482056874732,-9.908752,-1.106537,0.139038,1
22482078786353,0.391144,1.425461,1.408783,4
22482086171607,-12.677124,-0.650299,-0.394165,1
22482108724097,-0.055328,1.361374,1.738129,4
22482115468482,-12.009827,-0.866119,1.135620,1
22482138631324,-0.298508,1.438278,1.808624,4
22482168538550,-0.713654,1.509842,1.599625,4
22482176015357,-7.706909,-0.689972,3.027222,1
22482205312232,-7.748962,-1.079559,1.498230,1
22482198476294,-1.223495,1.540100,1.421967,4
22482228414039,-1.188248,1.608826,1.339355,4
22482258351783,-0.801590,1.096481,1.330109,4
22482265859107,-13.363464,-2.115021,-0.087097,1
22482295155982,-13.278564,-1.942047,0.317566,1
22482326405982,-11.297302,-1.586578,1.024536,1
22482288259009,-0.624283,0.343811,1.173798,4
22482348103980,-1.556747,-0.075592,0.374146,4
22482355702857,-9.441406,-1.577850,1.404602,1
22482378041724,-1.784607,0.008072,0.005280,4
22482407948951,-1.853683,0.109192,-0.156357,4
22482384999732,-8.033813,-1.939667,1.375244,1
22482416249732,-7.695007,-2.476044,0.773804,1
22482437886695,-1.656799,0.005219,-0.110077,4
22482445546607,-7.551392,-2.860077,0.142212,1
22482474843482,-7.718811,-3.075897,0.051758,1
22482467793921,-1.305023,-0.095535,0.081116,4
22482497731666,-0.913391,-0.036789,0.313965,4
22482506093482,-8.377380,-3.178253,0.316772,1
22482527638892,-0.627487,0.110260,0.478821,4
22482564687232,-9.181946,-3.177460,1.171326,1
22482593984107,-9.143066,-3.578156,1.031677,1
22482557576636,-0.549515,0.265488,0.516556,4
22482587483863,-0.524597,0.495132,0.435379,4
22482617391089,-0.289612,0.692017,0.291534,4
22482625234107,-9.888916,-4.074066,0.711914,1
22482677266578,0.955811,0.598740,-0.064850,4
22482654530982,-11.131470,-4.400970,0.564331,1
22482683827857,-12.200256,-4.003448,-0.220398,1
22482707173804,1.400513,0.623657,-0.181274,4
22482715077857,-15.467712,-3.527374,-0.389404,1
22482737111548,1.692108,0.060760,-0.395966,4
22482767018775,1.474564,-0.474716,-0.814667,4
22482744374732,-15.332825,-2.776764,0.465942,1
22482773671607,-11.338562,-1.828583,1.353027,1
22482796956519,0.865021,-0.625320,-1.276093,4
22482804921607,-8.525757,-1.945221,1.133240,1
22482826894263,0.769257,-0.631378,-1.536713,4
22482863515357,-8.186951,-2.393524,-0.321960,1
22482856801490,1.123505,-0.522430,-1.520340,4
22482886739234,1.705627,-0.718964,-1.252960,4
22482894765357,-9.184326,-2.386383,-0.723450,1
22482916676978,2.148544,-0.741745,-0.780853,4
22482924062232,-10.857727,-2.708527,-0.643311,1
22482946584205,2.533783,-0.706497,-0.214386,4
22482953359107,-12.070923,-3.229828,-0.281494,1
22482976521949,2.947144,-0.506409,0.280853,4
22482984609107,-11.888428,-3.432953,0.047791,1
22483006429175,3.254044,-0.274261,0.497681,4
22483043202857,-10.341980,-2.295135,-0.755188,1
22483066274146,2.314819,-0.848907,-0.089417,4
22483074452857,-9.154175,-1.099396,-0.968628,1
22483096211890,1.080780,-1.140152,-0.618500,4
22483103749732,-8.599548,-0.665375,-0.818665,1
22483126149634,-0.076340,-1.297165,-1.092377,4
22483156148414,-0.967148,-1.377625,-1.421356,4
22483133046607,-8.607483,-0.937531,-0.685364,1
22483164296607,-8.433716,-1.375519,-0.959106,1
22483185994605,-1.511887,-1.319595,-1.519272,4
22483215901832,-1.502625,-1.067871,-1.351227,4
22483222890357,-7.218933,-2.689484,-0.726624,1
22483245870093,-0.913391,-0.566925,-0.934662,4
22483254140357,-7.119751,-2.837860,0.041443,1
22483275777320,-0.099838,-0.012939,-0.351822,4
22483283437232,-7.510132,-2.588715,0.419922,1
22483305684546,0.555634,0.482315,0.264130,4
22483312734107,-8.006836,-2.079315,0.732544,1
22483335622291,0.877487,0.831589,0.761871,4
22483365529517,0.732574,1.187271,1.150665,4
22483373280982,-10.115845,-0.638397,0.011292,1
22483395467261,-0.202728,1.502365,1.559753,4
22483402577857,-14.699646,0.079681,-1.724792,1
22483433827857,-14.695679,-0.505890,0.329468,1
22483425374488,-1.110626,1.012451,1.722809,4
22483455312232,-1.718033,0.905640,1.604248,4
22483463124732,-11.139404,-0.587616,2.480530,1
22483492421607,-7.529175,-0.382904,1.691833,1
22483485249976,-2.403046,0.636841,1.131439,4
22483515157203,-2.787567,0.261932,0.720566,4
22483521718482,-6.208069,-1.934113,1.465698,1
22483545094947,-2.515915,0.439240,0.510147,4
22483552968482,-8.819336,-3.530548,1.483154,1
22483582265357,-11.773376,-3.302032,0.622253,1
22483611562232,-12.042358,-2.278473,0.523865,1
22483575032691,-1.739746,0.006287,0.519409,4
22483604939917,-1.150513,-0.593994,0.655060,4
22483634877662,-1.349182,-0.528839,0.713440,4
22483642812232,-11.352051,-1.571503,1.106262,1
22483664784888,-1.947678,-0.190948,0.616241,4
22483732655982,-7.775146,-3.206818,0.917419,1
22483724629859,-1.781769,0.429626,0.477036,4
22483754567603,-1.195724,0.505096,0.524750,4
22483761952857,-7.559326,-2.978302,0.691284,1
22483784474830,-0.759216,0.560638,0.576019,4
22483791249732,-7.870361,-2.868805,0.354858,1
22483822499732,-8.819336,-2.886261,0.596863,1
22483814412574,-0.477234,0.598022,0.617310,4
22483844319800,-0.320587,0.545685,0.570679,4
22483874257544,-0.443054,0.461670,0.418640,4
22483851796607,-9.491394,-2.615692,0.715881,1
22483881093482,-9.581848,-2.360992,0.934875,1
22483904195289,-0.640305,0.500824,0.226379,4
22483912343482,-9.670715,-2.306244,1.197510,1
22483934102515,-0.707245,0.502960,0.052643,4
22483941640357,-9.473145,-2.593475,1.260193,1
22483964040259,-0.498962,0.536789,-0.029968,4
22483970937232,-9.435059,-2.910065,1.352234,1
22483993947486,-0.075989,0.602295,-0.025330,4
22484002187232,-9.899231,-2.971954,1.326050,1
22484031484107,-10.092834,-2.856903,1.415710,1
22484023885230,0.380463,0.550674,0.006348,4
22484053822974,0.670273,0.569901,0.037689,4
22484060780982,-10.777588,-2.725189,0.945984,1
22484083730201,0.880692,0.722290,0.121353,4
22484113637427,1.150574,0.527893,0.193985,4
22484092030982,-13.273804,-2.787079,0.774597,1
22484121327857,-14.437012,-3.261566,1.514893,1
22484143575171,1.502335,0.139801,0.087891,4
22484150624732,-12.064575,-3.467865,2.091736,1
22484203450660,1.458893,-0.379654,-0.670120,4
22484211171607,-8.395630,-1.870636,0.820618,1
22484233357886,1.373093,-0.505341,-0.934296,4
22484240468482,-9.455688,-1.600067,-0.121216,1
22484263265113,1.206818,-0.978516,-1.015472,4
22484269765357,-10.547485,-1.667511,-0.983704,1
22484293202857,1.115326,-1.271530,-0.857040,4
22484301015357,-12.824707,-2.010284,-1.258240,1
22484323140601,1.142029,-1.790634,-0.667633,4
22484353047828,1.238510,-1.918808,-0.525925,4
22484330312232,-13.606262,-2.669647,-0.862305,1
22484359609107,-12.074097,-2.752960,0.202515,1
22484382985572,1.069397,-1.508652,-0.565445,4
22484390859107,-10.893433,-2.123749,0.153320,1
22484420155982,-9.549316,-1.665131,-0.491760,1
22484412892798,0.630753,-1.250168,-0.842438,4
22484442830542,0.032257,-1.145142,-1.165726,4
22484449452857,-8.855835,-1.788116,-0.863098,1
22484472768287,-0.360458,-1.148697,-1.418518,4
22484480702857,-8.583679,-1.969818,-1.232849,1
22484502675513,-0.471893,-1.188217,-1.516068,4
22484509999732,-8.507507,-2.007111,-1.375671,1
22484532582740,-0.421341,-1.226669,-1.437027,4
22484539296607,-8.127441,-2.058685,-1.274902,1
22484562520484,-0.355835,-1.124130,-1.216644,4
22484570546607,-7.518860,-2.120575,-1.055908,1
22484622365455,-0.246887,-0.435196,-0.470032,4
22484599843482,-7.094360,-2.234833,-0.710754,1
22484629140357,-7.025330,-2.255463,-0.178345,1
22484652303199,-0.117279,0.061127,-0.009308,4
22484660390357,-7.159424,-2.122955,-0.042664,1
22484682210425,-0.020081,0.516144,0.458160,4
22484689687232,-7.283997,-2.137238,0.338989,1
22484712117652,0.259048,0.914551,0.902496,4
22484742085914,0.628265,1.347137,1.332947,4
22484750234107,-8.656677,-1.949982,1.057068,1
22484771993140,0.926971,1.695343,1.740265,4
22484779530982,-10.448303,-1.504059,0.881714,1
22484808827857,-13.929199,-1.095428,-0.085510,1
22484801930884,0.855057,2.047455,2.126556,4
22484831838111,0.584473,1.897568,2.260437,4
22484840077857,-15.363770,-1.135895,0.623840,1
22484861745337,0.418198,1.633392,2.047165,4
22484898671607,-10.899780,-0.170258,3.773865,1
22484921620826,-0.566254,1.225723,0.906067,4
22484929921607,-8.701904,-0.056000,2.793152,1
22484951528052,-0.999908,1.013519,0.559631,4
22484959218482,-8.375793,-0.532074,1.053101,1
22484988515357,-8.941528,-0.963715,0.635742,1
22485019765357,-9.877014,-1.953156,0.857910,1
22485049062232,-10.247559,-2.944977,1.210999,1
22485011373023,-1.082153,0.168289,0.560699,4
22485041310767,-0.856415,-0.354019,0.759369,4
22485071248511,-0.639236,-0.565506,0.858002,4
22485078359107,-10.171387,-3.516266,1.835449,1
22485101155738,-0.329483,-0.402084,0.809937,4
22485109609107,-10.056335,-3.738434,1.814026,1
22485131093482,0.108795,-0.152145,0.584564,4
22485138905982,-9.493774,-3.540863,1.865601,1
22485161000708,0.518600,0.159393,0.226379,4
22485168202857,-9.031189,-3.569427,1.270508,1
22485197499732,-8.998657,-3.269501,0.573853,1
22485190938453,1.025238,0.300385,-0.074112,4
22485220876197,1.330719,0.220978,-0.228271,4
22485250783423,1.504120,0.003799,-0.278473,4
22485280721167,1.588852,-0.205902,-0.286667,4
22485310628394,1.631226,-0.314850,-0.303406,4
22485340596656,1.700287,-0.293854,-0.353241,4
22485370503882,1.851608,-0.206970,-0.416626,4
22485400441626,2.023926,-0.108704,-0.475006,4
22485228749732,-9.226379,-2.939423,0.148560,1
22485258046607,-9.515991,-2.672028,0.083496,1
22485287343482,-9.757202,-2.438751,0.188232,1
22485377187232,-9.840515,-2.654572,0.354065,1
22485408437232,-9.753235,-2.681549,0.215210,1
22485437734107,-9.713562,-2.686310,-0.021240,1
22485430379371,2.212631,-0.031799,-0.515594,4
22485460286597,2.345795,-0.058502,-0.551559,4
22485467030982,-9.598511,-2.560944,-0.330688,1
22485490224341,2.331543,-0.150009,-0.598557,4
22485498280982,-9.596924,-2.488739,-0.700439,1
22485527577857,-9.851624,-2.537140,-1.020203,1
22485550069312,2.079834,-0.269287,-0.753082,4
22485556874732,-10.314209,-2.702179,-1.532776,1
22485588124732,-10.455444,-2.748993,-1.889038,1
22485609914283,1.769363,-0.191315,-0.946762,4
22485617421607,-11.437744,-2.672821,-2.590454,1
22485639852027,1.692810,-0.112625,-0.980225,4
22485669759253,1.847687,-0.110840,-0.999100,4
22485646718482,-12.040771,-2.923553,-2.496033,1
22485699696998,2.088730,0.245911,-1.004791,4
22485707265357,-8.679688,-3.172699,-1.501831,1
22485736562232,-8.418640,-2.986237,-2.012817,1
22485729604224,2.347931,0.405411,-0.973114,4
22485759511451,2.480728,0.425705,-0.884094,4
22485797109107,-9.379517,-2.395111,-2.336548,1
22485819386939,2.212982,0.227036,-0.761627,4
22485826405982,-9.156555,-2.127716,-1.617676,1
22485849324683,1.836655,0.367310,-0.737762,4
22485857655982,-9.227966,-2.152313,-1.657349,1
22485879262427,1.471359,0.440659,-0.672256,4
22485886952857,-8.851074,-2.297516,-1.703369,1
22485909169654,1.292633,0.578445,-0.517731,4
22485916249732,-8.616211,-2.536346,-1.687500,1
22485939107398,1.403717,0.711960,-0.236816,4
22485947499732,-8.547974,-2.766449,-1.607361,1
22485976796607,-8.774109,-2.927521,-1.443909,1
22485998952369,1.942047,0.920593,0.483795,4
22486006093482,-9.062927,-2.836273,-1.339966,1
22486028859595,1.975861,0.978271,0.731247,4
22486035390357,-9.374756,-2.719635,-1.105103,1
22486058797339,1.897537,1.028122,0.854431,4
22486066640357,-9.729431,-2.676788,-0.781372,1
22486088735083,1.816010,1.057312,0.905350,4
22486125234107,-10.234863,-2.864838,-0.833740,1
22486118642310,1.734833,1.041290,0.929916,4
22486148580054,1.687119,0.941254,0.944153,4
22486156484107,-10.456238,-3.125885,-0.968628,1
22486178517798,1.720230,0.834076,0.929565,4
22486185780982,-10.662537,-3.285370,-0.742493,1
22486208425025,1.826691,0.758957,0.853729,4
22486215077857,-10.778381,-3.400421,-0.256104,1
22486238362769,1.966614,0.688461,0.708099,4
22486246327857,-10.498291,-3.448029,0.170776,1
22486268269996,2.091934,0.614761,0.511932,4
22486275624732,-10.277710,-3.160004,0.354065,1
22486304921607,-10.031738,-2.642670,0.260437,1
22486328114966,1.957703,0.214935,0.111740,4
22486336171607,-9.906372,-2.251495,0.327087,1
22486358052710,1.671814,-0.042130,-0.025696,4
22486387990455,1.238159,-0.312012,-0.113632,4
22486365468482,-9.890503,-1.913483,0.292175,1
22486417897681,0.829773,-0.511383,-0.152435,4
22486426015357,-10.297546,-2.033295,-0.098999,1
22486455312232,-10.445923,-2.302277,-0.160095,1
22486484609107,-10.522095,-2.596649,0.089844,1
22486515859107,-10.365784,-2.574432,0.416748,1
22486447835425,0.585892,-0.634933,-0.172379,4
