Inicio: 31-12-1969-20:59:59:999
Fim: 13-12-2018-16:49:10:859
557012700094,1.924866,-8.148468,12.857361,1
556992741598,-1.685760,2.810577,0.144791,4
557042637839,-2.949341,-12.689423,0.230286,1
557022709860,-1.748428,3.138138,0.609421,4
557072575583,11.370972,-10.713715,4.320557,1
557052617087,0.234711,-2.034393,0.217072,4
557102513327,4.234619,-8.952240,4.672058,1
557082524313,1.108078,-1.462952,-0.016495,4
557132420553,3.341980,-8.668976,2.929626,1
557112431540,1.215591,-0.003189,-0.054947,4
557162388815,9.290527,-8.697540,-1.481201,1
557142399801,0.919022,-2.528931,0.124496,4
557192296042,7.884521,-7.091583,-4.426514,1
557202275290,0.446548,-0.884384,-0.299545,4
557371953024,-2.416138,-12.011017,1.017395,1
557232243551,-0.033035,0.148834,-0.282806,4
557322026266,-1.675430,2.839066,0.019470,4
557351994528,-1.540146,2.813080,0.522186,4
557401890768,11.529663,-9.727448,3.833374,1
557381962790,0.350784,-2.124115,0.115234,4
557431797995,4.281433,-8.873688,3.812744,1
557411870016,0.593948,-1.490005,0.000595,4
557461735739,2.710388,-8.729279,2.479736,1
557441777243,0.189499,0.206879,-0.079514,4
557491642966,8.105896,-8.819733,-0.437012,1
557501591696,1.168961,-1.929001,-0.053528,4
557521580710,7.521912,-7.470856,-2.685669,1
557551518454,7.820251,-6.756744,-4.431274,1
557531559958,0.842117,-1.194855,-0.109070,4
557561528219,-0.293655,-0.456421,-0.147873,4
557671238913,5.554932,-9.722687,7.277771,1
557591435446,-0.251999,0.886902,-0.163895,4
557651249899,-1.436172,2.434601,0.047241,4
557701207174,-5.039307,-10.483612,0.443726,1
557741093649,0.501740,-2.411072,0.110962,4
557731114401,9.304810,-10.059906,4.017456,1
557800969137,1.085999,-1.670517,0.023376,4
557850865378,7.667114,-7.689850,-2.068359,1
557830937399,0.864899,-1.959259,-0.114761,4
557860844626,0.626709,-1.059906,-0.261093,4
557910801901,7.822632,-6.897186,-5.301697,1
557890751852,-0.034454,-0.739120,-0.239731,4
557940648092,7.061707,-6.671844,-3.692566,1
557920781149,0.061676,0.475327,-0.182404,4
557970616354,6.352356,-6.501251,-2.159607,1
557950627341,-0.089996,1.575134,-0.092331,4
558010502829,-2.176025,3.138138,0.415741,4
558060399069,6.522156,-9.187897,5.594055,1
558040410055,-0.324631,0.784363,0.065033,4
558090336813,10.448975,-9.064117,2.306763,1
558070378317,0.868820,-2.554916,0.559570,4
558120274557,2.160522,-8.781647,3.558044,1
558100346579,0.580780,0.198685,-0.007233,4
558150212301,5.937378,-9.140289,2.003662,1
558130253805,0.755234,-0.992981,0.029083,4
558180150046,8.388367,-8.361908,-1.080505,1
558190129294,1.220932,-1.612488,-0.183121,4
558210087790,7.063293,-7.154266,-3.364868,1
558239995016,8.026550,-6.997162,-5.137451,1
558220036520,0.282059,-1.218353,-0.256470,4
558269963278,7.051392,-6.958282,-4.745483,1
558250004782,-0.037659,-0.041992,-0.298477,4
558299870505,6.602295,-6.340179,-2.908630,1
558279912008,0.208725,1.218384,-0.269638,4
558329808249,5.774719,-6.904327,-0.714722,1
558309819235,-0.548569,2.176834,-0.093750,4
558359745993,0.595825,-6.828949,7.833191,1
558339787497,-1.425858,3.056961,0.130188,4
558389714255,-0.915710,-12.223663,4.472900,1
558369755758,-1.106842,2.720856,0.543549,4
558419621481,11.743103,-10.081329,3.461243,1
558449559225,3.594299,-9.087921,3.542969,1
558399662985,-0.014877,-2.173599,0.415741,4
558429570212,0.579712,-1.242203,0.007004,4
558479496969,4.252075,-8.827667,2.371826,1
558459538473,0.835709,-0.377029,-0.074173,4
558509434714,8.396301,-8.340485,-0.721863,1
558539341940,7.367981,-6.989227,-3.272034,1
558489506735,0.804367,-2.399689,0.023743,4
558519413962,0.570816,-1.753113,-0.252548,4
558569278932,8.104309,-6.503632,-5.310425,1
558549289918,0.036392,-1.138947,-0.310944,4
558599216676,7.111694,-6.942413,-4.868469,1
558579258180,-0.194321,-0.067627,-0.278900,4
558629154420,6.768127,-6.504425,-2.776123,1
558609226442,0.048508,1.218384,-0.198425,4
558659061647,6.088135,-7.002716,-1.103516,1
558639133668,-0.662155,2.008072,-0.090195,4
558669040895,-1.747711,2.704483,0.072876,4
558718967653,-4.875854,-11.230255,2.340088,1
558699009156,-2.177094,3.194748,0.432465,4
558748874879,9.903870,-9.929779,5.059265,1
558728916383,0.395645,-1.244339,-0.049255,4
558778812623,7.106140,-9.191071,2.939148,1
558758884645,1.029739,-2.362656,0.078217,4
558808750367,2.557251,-8.362701,3.398560,1
558788791871,1.188187,0.142075,-0.106216,4
558838657594,6.795898,-8.525360,1.045166,1
558848606324,0.915817,-2.132294,-0.036072,4
558898533082,7.940063,-6.654388,-4.611389,1
558928470826,7.820251,-7.116180,-5.388184,1
558938450074,-0.101395,0.552231,-0.215515,4
558988315797,6.461853,-6.786102,-2.119934,1
558968357301,-0.082870,1.475433,-0.230835,4
558998264528,-1.125000,2.284363,-0.184540,4
559048191285,-0.203979,-7.885040,11.148254,1
559028232789,-2.025421,2.885712,-0.057083,4
559058201051,-1.685043,2.022675,0.459534,4
559108066774,11.946228,-9.838531,2.685242,1
559088108278,-0.265518,-2.627548,0.026581,4
559137974000,3.691895,-9.161713,3.582642,1
559118015504,0.068085,-1.138596,-0.118683,4
559167911744,3.727600,-8.924469,2.745544,1
559147922731,0.775177,-0.278412,-0.128647,4
559197880006,8.056702,-8.469818,-0.058533,1
559227787233,7.696472,-7.135223,-2.769775,1
559287662721,7.186279,-6.951141,-5.308838,1
559207859254,1.997101,-2.010895,-0.104797,4
559237766481,1.317429,-1.601440,-0.189880,4
559297641969,-0.028397,0.775818,-0.202347,4
559347538209,6.647522,-6.295746,-2.635681,1
559377475953,5.554932,-6.890839,-0.043457,1
559407383180,-1.725037,-9.775055,10.536499,1
559357517457,-1.344315,2.466644,0.007004,4
559387424684,-2.075623,3.130661,0.178253,4
559437320924,2.001038,-10.763702,6.039978,1
559467258668,11.504272,-10.224945,2.680481,1
559497196412,3.694275,-8.529327,3.496948,1
559527103639,4.744019,-8.442841,2.728088,1
559417331910,-1.690384,2.034775,0.382980,4
559507175660,0.834274,-0.450378,-0.138611,4
559557041383,7.926575,-8.585663,-0.311646,1
559537082887,1.170380,-2.081741,0.104553,4
559566868043,1.475510,-1.809723,-0.118683,4
566944492555,-3.153259,-8.882416,-3.551331,1
567018985963,-3.204041,-8.884796,-3.528320,1
567049411988,-3.198486,-8.866547,-3.518005,1
567079349733,-3.194519,-8.884796,-3.546570,1
567109256959,-3.184998,-8.907806,-3.498169,1
567199070192,-3.168335,-8.876862,-3.576721,1
567229007936,-3.138977,-8.882416,-3.590210,1
567229007936,-0.007751,0.002502,-0.014008,4
567258915162,0.007202,0.002869,-0.013290,4
567288852906,0.019302,0.000732,-0.007950,4
567288852906,-3.114380,-8.874481,-3.586243,1
567318790651,-3.130249,-8.879242,-3.539429,1
567318790651,0.022873,-0.002121,-0.006165,4
567348728395,-3.144531,-8.896698,-3.544189,1
567348728395,0.019669,-0.004974,-0.003326,4
567378666139,-3.169922,-8.922882,-3.606873,1
567378666139,0.036392,-0.002121,-0.000122,4
567408573365,-3.199280,-9.079987,-3.991699,1
567438511110,0.235428,0.071930,0.079987,4
567468418336,-0.309311,0.747345,-0.227264,4
567468418336,-3.442871,-9.086334,-4.052002,1
567498356080,-4.064148,-10.697845,-2.662659,1
567528293824,-3.998291,-11.803131,-1.704163,1
567498356080,-0.484848,1.922623,-0.504623,4
567528293824,-1.016769,2.081772,-0.735687,4
567558231569,-5.205933,-16.273468,-5.405640,1
567588138795,-3.019958,-17.872284,-5.457214,1
567588138795,0.622437,0.250305,-1.864334,4
567618076539,-1.938477,-13.824860,-2.880066,1
567618076539,1.627884,-0.227844,-3.221191,4
567677952028,-1.805969,-10.071808,-2.667419,1
567648014283,1.797363,-0.921768,-4.413574,4
567677952028,3.007187,-2.032608,-4.938721,4
567707859254,-0.669739,-7.459747,-3.258545,1
567707859254,4.194565,-2.737213,-4.703384,4
567767704225,2.163376,-2.595505,-3.247192,4
567797641969,5.099487,-7.666840,-4.985107,1
567797641969,1.298203,-1.423782,-2.548996,4
567827579713,4.091797,-6.994781,-4.020264,1
567857517457,4.272705,-5.846649,-3.319641,1
567827579713,1.371185,-0.296921,-1.921661,4
567857517457,1.035797,0.248535,-1.425339,4
567887455201,4.976501,-5.983917,-3.814758,1
567887455201,0.461151,0.661896,-1.115234,4
567917362428,5.543030,-6.053741,-4.806580,1
567917362428,0.238266,0.791138,-1.019104,4
567947300172,6.568176,-6.280670,-6.203064,1
567947300172,-0.354889,0.897583,-1.069305,4
567977298951,6.774475,-5.972015,-6.483154,1
567977298951,-0.393341,1.346191,-1.102051,4
568007145143,-0.829483,2.013763,-1.057556,4
568037113404,-1.269547,2.876099,-0.775574,4
568037113404,6.916504,-5.805389,-3.699707,1
568066990113,6.153198,-6.689301,-0.466370,1
568066990113,-1.664749,4.106201,-0.545212,4
568096958375,4.144958,-8.121490,4.979919,1
568126865602,-3.292557,4.487885,-0.225845,4
568186741090,12.342957,-9.081573,6.396240,1
568156803346,0.188065,-0.821365,-1.049362,4
568186741090,3.060593,-3.272339,-0.437683,4
568306461549,8.857300,-3.751923,-7.739990,1
568306461549,-0.366989,1.001907,-0.245789,4
568426151490,4.497253,-9.310089,11.103027,1
568426151490,1.551346,-2.538895,-0.236176,4
568456089235,2.110672,-1.259293,-0.657013,4
568545902467,10.545776,-4.871490,-7.536865,1
568575840211,9.742004,-4.885773,-7.229004,1
568605747438,8.052734,-4.287506,-5.310425,1
568635709114,5.841370,-5.380890,1.069763,1
568755429573,2.105774,-7.899323,5.248901,1
568785367317,11.406677,-5.688751,-1.150330,1
568815305061,11.765320,-5.320587,-7.522583,1
568486026979,2.292252,-1.626007,-0.058868,4
568515964723,1.934799,-3.422226,0.294678,4
568545902467,0.922928,-1.064178,0.159393,4
568575840211,0.557999,0.421204,-0.105148,4
568605747438,-1.305161,2.311066,-0.180267,4
568635709114,-2.177094,4.018265,0.031219,4
568665677376,-2.903763,4.232605,0.259430,4
568695584602,0.127182,-1.785522,0.003082,4
568815305061,-0.017014,-1.447281,-0.110489,4
568845273323,-0.223862,0.102905,-0.410278,4
568845273323,10.842529,-4.556488,-7.650330,1
568875180549,8.973938,-3.746368,-4.247986,1
568905087776,6.261902,-4.639801,-0.064880,1
568875180549,-1.052368,2.301086,-0.433777,4
568934995003,-3.169922,-10.151947,9.030518,1
568934995003,-2.794113,4.786591,0.385834,4
568964932747,-2.246338,-9.416412,5.127502,1
568964932747,1.420670,-0.660431,-0.214096,4
568994870491,14.371033,-6.056122,9.878723,1
569024808235,2.762756,-7.515289,7.767334,1
568994870491,2.643661,-2.821945,0.851166,4
569024808235,2.271957,-0.012802,0.375504,4
569054715461,7.227539,-6.376678,4.542725,1
569054715461,1.457352,-3.182968,0.763229,4
569084653206,11.764526,-6.524261,-3.450562,1
569084653206,-0.919922,-2.306046,0.277237,4
569204373665,-3.113831,4.978500,0.125916,4
569114560432,10.103027,-5.762543,-7.658264,1
569144498176,9.187378,-4.773895,-5.657166,1
569174435920,6.877625,-5.338837,0.111267,1
569264218635,13.671997,-8.028656,7.330139,1
569264218635,0.664093,-2.903122,0.192505,4
569294186897,2.873840,-7.874725,5.239380,1
569294186897,0.917587,-0.359222,-0.139679,4
569324094124,7.293396,-5.421356,1.550598,1
569324094124,2.012772,-3.320755,0.131973,4
569383969612,0.119705,-0.524078,-0.398880,4
569443784065,6.783997,-4.598541,-0.154541,1
569413876838,-1.174133,1.408859,-0.511383,4
569443784065,-1.994095,3.108582,-0.286377,4
569473721809,4.690857,-9.339447,8.152161,1
569473721809,-2.420975,3.903976,-0.144318,4
569503629036,-5.977173,-10.170197,11.126831,1
569503629036,-1.743439,2.353424,-0.103363,4
569533566780,0.727112,-2.705872,0.191071,4
569533566780,7.480652,-7.442291,10.518250,1
569563474006,6.895081,-8.643585,7.100037,1
569593442268,3.171387,-6.575043,3.014526,1
569593442268,1.905960,-2.228424,0.197128,4
569623380012,11.418579,-4.274811,-2.917358,1
569653287239,10.749695,-5.304718,-6.861633,1
569683224983,10.496582,-4.499359,-5.164429,1
569623380012,1.740036,-3.045532,0.292191,4
569683224983,-0.277985,0.991226,-0.174225,4
569713132210,7.835327,-4.649323,-1.068604,1
569743069954,5.393066,-7.076508,4.377686,1
569743069954,-2.258270,4.197708,0.138733,4
569773007698,-8.626526,-12.784637,14.717224,1
569832883186,11.632019,-9.573517,6.274048,1
569832883186,1.772797,-1.907288,0.325302,4
569862790413,1.796326,-7.274872,4.731567,1
569862790413,1.884949,-1.058487,0.488007,4
569892728157,0.943588,-3.273758,0.499756,4
569922635383,10.784607,-4.965912,-6.856873,1
569952603645,9.645203,-3.355194,-7.163147,1
569922635383,-0.837326,-1.576874,0.073227,4
569952603645,-0.218887,-0.021698,-0.120453,4
569982510872,7.759155,-3.709869,-4.294800,1
569982510872,-0.958023,1.473297,-0.139328,4
570042355842,1.472595,-12.762421,14.766418,1
570012418098,-2.167480,2.606567,-0.066696,4
570042355842,-3.861160,3.257050,0.116302,4
570072293586,-7.035645,-12.650543,7.246826,1
570102200813,12.484985,-10.396332,8.371155,1
570072293586,0.397064,-1.121506,-0.020767,4
570102200813,-0.072906,-3.962692,0.473419,4
570132138557,4.501221,-11.584930,4.326111,1
570132138557,0.114731,-0.847351,-0.344055,4
570162045784,5.254211,-7.971527,2.059998,1
570192014045,12.755554,-5.087311,-3.769531,1
570192014045,2.451767,-2.908112,0.016617,4
570221921272,10.732239,-5.916473,-7.829651,1
