Inicio: 31-12-1969-20:59:59:999
Fim: 19-12-2018-17:23:08:094
23508705065746,0.227722,0.288986,0.581711,4
23508720049877,-9.840515,-3.502777,2.685242,1
23508735003490,0.191406,0.207458,0.515488,4
23508764941235,0.134079,0.234161,0.412598,4
23508749987621,-9.553284,-3.721771,2.798706,1
23508779864330,-9.779419,-4.013763,2.576538,1
23508824755688,0.445618,0.443146,0.223541,4
23508839739819,-11.633728,-4.216888,2.557495,1
23508869616528,-10.765686,-4.773895,2.469421,1
23508929461498,-8.355164,-3.240936,1.921936,1
23509004229565,0.741837,-0.111908,-0.873779,4
23508959368725,-9.051025,-2.988617,1.512512,1
23508989306469,-9.452515,-3.160004,1.158630,1
23509019213696,-9.883362,-3.058441,1.341125,1
23509079028149,-8.932800,-3.399628,1.203857,1
23509064074535,0.517532,-0.388916,-0.648758,4
23509108965893,-8.497986,-3.389313,1.156250,1
23509123980541,0.478729,-0.320908,-0.536606,4
23509138873119,-8.336121,-3.219513,1.157837,1
23509153826733,0.440277,-0.208405,-0.502075,4
23509168780346,-8.519409,-3.355194,0.846008,1
23509243578930,0.414276,-0.059219,-0.266373,4
23509258532543,-8.891541,-3.264740,0.665894,1
23509273486156,0.319580,-0.036789,-0.201935,4
23509303393383,0.261185,-0.006165,-0.141403,4
23509288439770,-8.701904,-3.357574,0.846802,1
23509333331127,0.213120,-0.026459,-0.099396,4
23509348284740,-8.828064,-3.178253,1.283203,1
23509363238354,0.129089,-0.009735,-0.079453,4
23509378191967,-9.148621,-3.069550,1.283997,1
23509393145580,-0.047852,-0.025391,-0.024628,4
23509408099194,-9.415222,-3.072723,1.485535,1
23509423052807,-0.296722,-0.023254,0.061539,4
23509527758617,-12.278809,-3.251251,1.800537,1
23509542742748,-0.388229,0.044739,0.611969,4
23509647448559,-7.051514,-2.876740,3.101807,1
23509662402172,-0.383957,0.135178,0.130615,4
23509752123852,-0.423126,-0.191315,0.245972,4
23509797015209,-8.377380,-2.894989,2.755066,1
23509886767406,-8.129028,-2.994965,2.459106,1
23509901721020,-0.275360,-0.039276,0.022018,4
23510036425610,-8.520203,-3.263153,3.064514,1
23509991473217,0.212051,0.154404,0.423981,4
23510126086254,-9.600891,-4.324799,3.279541,1
23510141039867,0.449524,0.208527,0.239914,4
23510245745678,-11.720215,-5.456268,2.601135,1
23510260699291,0.554916,0.197845,-0.154938,4
23510365435619,-8.922485,-3.344879,1.766418,1
23510380389233,2.000793,0.132324,-0.842087,4
23510515002270,-8.746338,-3.029083,1.495850,1
23510470110912,1.305084,-0.173157,-0.573273,4
23510604754467,-8.583679,-3.259186,0.915039,1
23510619708080,0.010178,-0.105865,-0.577545,4
23510724383373,-9.093872,-3.144928,1.084045,1
23510739367504,0.501160,0.204254,-0.011093,4
23510844073315,-10.610168,-2.371307,2.278198,1
23510963732738,-6.477844,-2.961639,2.507507,1
23510978686352,-2.855576,-0.382141,0.463867,4
23511098345776,-0.119415,-0.054947,0.815277,4
23511083392162,-9.618347,-3.471039,1.976685,1
23511218005199,-0.849304,-0.091263,0.318237,4
23511203051586,-8.175842,-3.320282,2.584473,1
23511322711010,-8.860596,-3.911407,3.067688,1
23511337664623,0.062866,0.162598,0.428253,4
23511442400951,-8.937561,-3.755890,2.789978,1
23511457354565,0.431015,0.189651,0.004211,4
23511562060375,-10.811707,-5.336456,2.908997,1
23511577013988,1.119949,-0.278534,-0.213318,4
23511696673412,0.914154,-0.439819,-0.926468,4
23511681719799,-9.546936,-3.433746,1.303040,1
23511801379223,-8.870911,-3.269501,0.660339,1
23511816332836,-0.026489,-0.482910,-0.896912,4
23511921038647,-8.864563,-3.358368,0.849182,1
23511935992260,0.129456,-0.304169,-0.346832,4
23512040698071,-8.997864,-3.035431,1.514893,1
23512055651684,0.136566,-0.046402,0.145920,4
23512205218334,-1.196075,-0.197357,0.954132,4
23512130450268,-10.056335,-2.746613,2.222656,1
23512280016918,-7.349854,-3.258392,2.704285,1
23512294940014,-0.891663,0.333496,0.677124,4
23512399676342,-8.962952,-3.104462,2.598755,1
23512414629955,-0.607193,-0.070618,0.635834,4
23512519335766,-8.391663,-3.870941,2.658264,1
23512534289379,-0.492188,0.105621,0.193985,4
23512638995190,-8.833618,-3.877289,3.478699,1
23512653948803,0.137634,0.243057,0.239197,4
23512758685131,-9.216858,-4.095490,3.222412,1
23512998013414,-9.624695,-3.363922,1.187195,1
23513012967028,1.171219,-0.102295,-0.918991,4
23513072811998,0.844025,-0.302399,-0.726730,4
23513087765612,-9.285095,-3.467072,1.179260,1
23513102719225,0.687714,-0.337646,-0.705017,4
23513117703356,-8.666199,-3.402008,1.349060,1
23513132656969,0.700180,-0.293854,-0.718536,4
23513147610582,-8.359924,-3.358368,1.560913,1
23513162564196,0.878906,-0.218719,-0.719604,4
23513177517809,-8.511475,-3.088593,1.695007,1
23513192471422,0.918427,-0.204483,-0.652679,4
23513207425035,-8.798706,-2.971954,1.450623,1
23513222378649,0.762848,-0.256821,-0.505280,4
23513252285875,0.450241,-0.319489,-0.320847,4
23513237332262,-8.758240,-2.824371,1.399048,1
23513267239489,-8.451172,-2.794220,1.533142,1
23513282193102,0.121979,-0.339417,-0.153870,4
23513297177233,-8.152832,-2.938629,1.590271,1
23513312130846,-0.083466,-0.250061,-0.014297,4
23513327084459,-8.446411,-3.137787,1.453796,1
23513342038072,-0.197754,-0.150726,0.137726,4
23513356991686,-8.925659,-3.267914,1.348267,1
23513371945299,-0.258270,-0.114410,0.298309,4
23513416806139,-9.171631,-3.262360,1.542664,1
23513401883043,-0.349426,-0.085922,0.437866,4
23513431790270,-0.446625,-0.042480,0.547531,4
23513446743883,-9.149414,-3.320282,1.829102,1
23513461697496,-0.501450,0.003448,0.645447,4
23513491604723,-0.589752,0.160461,0.768280,4
23513476681627,-9.619934,-3.279816,2.015564,1
23513506588854,-11.314758,-3.375824,1.879089,1
23513521542467,-0.742844,0.189651,0.898590,4
23513536496080,-11.703552,-3.390900,2.272644,1
23513551449694,-0.932617,-0.063492,0.945587,4
23513566403307,-9.160522,-3.166351,3.144653,1
23513581356920,-1.090698,-0.201630,0.822037,4
23513596341051,-6.817444,-2.983063,3.327148,1
23513626248278,-6.950745,-3.140167,2.981201,1
23513611294664,-1.057220,0.034775,0.659683,4
23513656155504,-8.299622,-3.563873,2.652710,1
23513641201891,-0.799805,0.296814,0.628708,4
23513671109117,-0.472961,0.270477,0.675705,4
23513686154283,-9.029602,-3.626556,2.552734,1
23513701046862,-0.234772,0.182526,0.698486,4
23513715969957,-9.582642,-3.378204,2.555908,1
23513730954088,-0.256134,0.080704,0.613403,4
23513745907701,-9.532654,-3.156036,2.810608,1
23513850613512,-0.808716,0.103134,0.096436,4
23513865567125,-8.003662,-3.616241,2.763794,1
23513880551256,-0.477600,0.102066,0.124207,4
23513895504869,-7.948914,-3.571014,3.028015,1
23513910458483,-0.211639,0.177185,0.188644,4
23513925412096,-8.448792,-3.421844,3.287476,1
23513940365709,-0.128326,0.217422,0.248459,4
23513955349840,-8.605896,-3.408356,3.361267,1
23513970272936,-0.089157,0.188583,0.261276,4
23514000210680,-0.060318,0.278305,0.237061,4
23513985257067,-8.392456,-3.475800,3.425537,1
23514015133776,-8.850281,-3.687653,3.409668,1
23514060025133,0.228424,0.260498,0.203598,4
23514074978746,-9.247009,-4.203400,3.189087,1
23514089932360,0.560974,0.252670,0.153046,4
23514104916490,-9.357300,-4.007416,3.335876,1
23514119839586,0.747177,0.228455,0.049072,4
23514134823717,-9.253357,-3.667023,3.402527,1
23514164700426,-9.912720,-3.738434,2.962158,1
23514194638170,-11.788452,-4.285919,2.835205,1
23514224545397,-11.544067,-4.382721,2.945496,1
23514284390367,-7.902893,-3.875702,2.171082,1
23514314297594,-9.220825,-3.724152,1.463318,1
23514344235338,-9.608032,-3.825714,1.150696,1
23514374173082,-10.031738,-3.871735,0.961060,1
23514209591783,0.212051,0.277954,-0.220444,4
23514239499010,0.045425,-0.132202,-0.331879,4
23514299343981,0.194244,-0.004028,-0.864517,4
23514359311022,0.348770,-0.184189,-1.005157,4
23514389096178,0.481567,-0.199493,-0.962067,4
23514419003405,0.552780,-0.279251,-0.909378,4
23514448941149,0.641785,-0.278534,-0.889801,4
23514404049791,-10.307861,-3.840790,0.646057,1
23514508755602,0.958313,-0.099091,-0.826065,4
23514493801989,-8.834412,-3.367889,0.794434,1
23514523709215,-8.635254,-3.152069,0.888855,1
23514538662828,0.976822,-0.084503,-0.714630,4
23514553646959,-8.594788,-2.990997,0.790466,1
23514598568834,0.630402,-0.100159,-0.362503,4
23514613461412,-8.574951,-2.854523,1.131653,1
23514643399156,-8.398804,-2.879913,1.374451,1
23514628445543,0.442047,-0.143250,-0.184479,4
23514688259996,0.056458,-0.106567,0.109253,4
23514673306383,-8.711426,-2.892609,1.354614,1
23514703213610,-9.176392,-2.920380,1.371277,1
23514748104967,-0.467270,-0.195587,0.306488,4
23514763058580,-9.104187,-2.791840,1.702942,1
23514778012194,-0.742126,-0.180984,0.367737,4
23514792996324,-9.486633,-2.836273,1.688660,1
23514807949938,-1.016998,-0.068832,0.496262,4
23514822903551,-11.033081,-3.163971,1.287964,1
23514837826647,-1.259460,-0.011505,0.707031,4
23514852810778,-11.428223,-3.448029,1.451416,1
23514897671617,-1.330307,-0.319839,0.892181,4
23514882748522,-9.133545,-3.536896,2.216309,1
23514957516588,-0.537415,0.287201,0.745850,4
23514972500719,-8.182190,-3.528961,2.518616,1
23514987454332,-0.209137,0.380844,0.811356,4
23515032315172,-10.222168,-3.632111,1.995728,1
23515047268785,-0.329483,0.044739,0.874023,4
23515062222399,-9.675476,-3.505951,2.389282,1
23515077206530,-0.570877,-0.047821,0.714157,4
23515107113756,-0.748184,0.000595,0.493408,4
23515092160143,-8.769348,-3.394073,3.127991,1
23515122067369,-8.251221,-3.524200,3.216064,1
23515137020983,-0.744980,0.109894,0.299377,4
23515166958727,-0.565186,0.118088,0.210724,4
23515196865953,-0.346222,0.086044,0.191849,4
23515241757311,-8.688416,-3.577362,3.224792,1
23515226773180,-0.277863,0.111679,0.212143,4
23515256680406,-0.266815,0.073227,0.238495,4
23515271664537,-8.612244,-3.667023,3.450134,1
23515286587633,-0.223389,0.103485,0.230652,4
23515301571764,-8.732056,-3.813019,3.404907,1
23515331509508,-8.933594,-4.044708,3.442200,1
23515346463121,0.064651,0.166504,0.184021,4
23515361416735,-8.865356,-4.119293,3.488220,1
23515376370348,0.246582,0.184311,0.139160,4
23515391323961,-9.178772,-4.124847,3.428711,1
23515451168932,-10.345947,-4.237518,2.734436,1
23515466122545,0.324921,0.291473,-0.102600,4
23515496029772,0.469467,0.079285,-0.142120,4
23515540890612,-8.701904,-4.398590,2.556702,1
23515525936998,0.764267,-0.241150,-0.278122,4
23515555844225,0.953674,-0.221222,-0.571136,4
23515570828356,-8.526550,-3.724152,1.815613,1
23515585751451,0.955460,-0.099808,-0.817169,4
23515600735582,-9.536621,-3.534515,1.327637,1
23515615689196,0.844025,-0.244003,-0.897629,4
23515720395006,-9.369202,-3.536896,1.169739,1
23515765286364,0.616867,-0.351532,-0.847778,4
23515780239977,-8.494812,-3.246490,0.945190,1
23515795193590,0.597290,-0.327667,-0.842804,4
23515810147203,-8.174255,-3.163177,0.955505,1
23515825100817,0.594437,-0.278534,-0.791534,4
23515840084947,-8.229004,-3.078278,0.836487,1
23515855008043,0.552780,-0.227631,-0.679016,4
23515869992174,-8.419434,-2.993378,0.912659,1
23515884915270,0.473022,-0.225845,-0.518448,4
23515899899401,-8.321838,-2.923553,1.223694,1
23515929806627,-8.459106,-2.953705,1.458557,1
23515959713854,-9.226379,-3.000519,1.399048,1
23515974667467,0.143341,-0.023972,0.019882,4
23515989651598,-9.877014,-2.967194,1.541870,1
23516004605211,0.030121,-0.090546,0.156601,4
23516034512438,-0.100555,-0.138260,0.238846,4
23516049496569,-9.471558,-2.674408,2.095703,1
23516064450182,-0.275726,-0.004028,0.324295,4
23516094357408,-0.617523,0.151917,0.484512,4
23516109280504,-11.490112,-2.737091,2.371033,1
23516124264635,-1.031952,-0.071320,0.647934,4
23516139248766,-9.594543,-3.104462,2.966125,1
23516228970446,-8.036194,-2.974335,2.686829,1
23516243924059,-0.581909,0.237000,0.597382,4
23516258877672,-8.870911,-3.115570,2.409119,1
23516273861803,-0.493973,0.135895,0.637604,4
23516288815416,-9.244629,-3.031464,2.407532,1
23516303769030,-0.556992,0.027649,0.662170,4
23516318722643,-9.138306,-2.944977,2.621765,1
23516333676256,-0.803726,-0.076660,0.648285,4
23516348629869,-8.451172,-3.114777,2.951843,1
23516423489489,-0.686584,0.099579,0.529373,4
23516453366197,-0.433090,0.126282,0.541473,4
23516468319811,-8.156799,-3.571014,2.813782,1
23516483273424,-0.319870,0.209229,0.582428,4
23516513180651,-0.292816,0.228821,0.630844,4
23516498227037,-8.751892,-3.674957,2.985168,1
23516528164781,-8.758240,-3.841583,3.315247,1
23516543118395,-0.228729,0.207809,0.626923,4
23516558041490,-8.529724,-4.028839,3.482666,1
23516573025621,-0.131165,0.302155,0.571381,4
23516602932848,-0.025421,0.304291,0.484161,4
23516617886461,-9.061340,-4.353363,3.492188,1
23516632840074,0.110229,0.262283,0.365601,4
23516662777819,0.267242,0.272247,0.217133,4
23516707638658,-9.534241,-4.114532,3.311279,1
23516722622789,0.186417,0.166153,-0.116837,4
23516737576403,-10.135681,-4.239105,2.979614,1
23516767483629,-11.784485,-4.918304,2.578918,1
23516782406725,0.096344,0.236298,-0.272430,4
23516797390856,-11.322693,-5.574493,2.782043,1
23516827298082,-8.541626,-5.206329,2.663025,1
23516842251696,1.211456,-0.105148,-0.635223,4
23516857235826,-7.801331,-4.031219,2.199646,1
23516872189440,1.524765,0.122009,-0.932877,4
23516887143053,-9.375549,-3.443268,1.531555,1
23516902127184,1.376297,-0.066345,-1.059982,4
23516917080797,-10.030151,-3.459137,1.381592,1
23516976895250,-10.453857,-3.276642,1.166565,1
23516991848864,0.706238,-0.507111,-0.984146,4
23517006802477,-9.925415,-3.288544,1.109436,1
23517021786608,0.530350,-0.540588,-1.024017,4
23517036740221,-9.237488,-3.002106,0.992798,1
23517051693834,0.353760,-0.471512,-1.078140,4
23517066647447,-8.793945,-2.918793,0.938843,1
23517081601061,0.209564,-0.365768,-1.092377,4
23517096585192,-8.455933,-3.102875,0.871399,1
23517111538805,0.213470,-0.300964,-1.014053,4
23517126492418,-8.174255,-3.225861,0.773010,1
23517141446031,0.392563,-0.212677,-0.842438,4
23517156399645,-8.150452,-3.289337,0.742065,1
23517171353258,0.628967,-0.158554,-0.597839,4
23517261105455,0.142975,0.034775,0.092865,4
23517276059069,-9.186707,-2.716461,1.604553,1
23517305966295,-9.735779,-2.794220,1.669617,1
23517335965074,-9.729431,-2.798981,1.782288,1
23517350857653,-0.592239,0.000595,0.547882,4
23517380734362,-0.809418,0.295044,0.739075,4
23517410672106,-1.010223,0.077499,0.932770,4
23517425656237,-10.578430,-3.296478,2.434509,1
23517440579332,-1.108139,-0.165314,1.004333,4
23517455532946,-7.693420,-3.226654,3.170044,1
23517470486559,-1.113129,-0.122238,0.850876,4
23517530301012,-0.494690,0.481247,0.742996,4
23517545285143,-9.168457,-3.359955,2.290894,1
23517560238756,-0.284973,0.370880,0.833786,4
23517590145983,-0.401047,0.175049,0.899292,4
23517620083727,-0.605774,0.095657,0.854797,4
23517649990953,-0.845734,-0.001892,0.696350,4
23517575192369,-9.858765,-3.406769,2.115540,1
23517605099596,-9.961121,-3.492462,2.140930,1
23517635037340,-9.535828,-3.463104,2.688416,1
23517664944567,-8.474182,-3.582916,3.110535,1
23517739743151,-0.358673,0.187515,0.320740,4
23517754696764,-8.305969,-3.775726,3.102600,1
23517769650377,-0.244385,0.236649,0.301865,4
23517784603990,-8.809814,-3.938385,3.136719,1
23517799557604,-0.165344,0.210297,0.309341,4
23517859402574,0.128738,0.184311,0.204315,4
23517874356188,-8.755859,-3.820953,3.307312,1
23517889309801,0.232697,0.213150,0.126343,4
23517904263414,-8.971680,-3.885223,3.439026,1
23517949124254,0.319580,0.191071,0.001373,4
23517964077867,-9.113708,-4.173248,3.277161,1
23517979031481,0.390076,0.210663,-0.091553,4
23517994015612,-9.537415,-4.293060,2.710632,1
23518008969225,0.424606,0.274384,-0.184128,4
23518023953356,-10.954529,-4.793732,2.391663,1
23518053860582,-12.431152,-5.446747,2.471008,1
23518068814196,1.070465,0.162949,-0.317291,4
23518083767809,-11.014832,-5.088104,2.820129,1
23518113705553,-8.196472,-3.634491,2.145691,1
23518128628649,1.375580,-0.231537,-0.986633,4
23518143612780,-8.984375,-2.891022,1.222900,1
23518158566393,1.082565,-0.185257,-1.201324,4
23518218411364,0.533554,-0.508896,-1.118011,4
23518233364977,-9.704834,-3.382172,1.057068,1
23518248379625,0.275421,-0.551270,-1.038971,4
23518278225817,0.183929,-0.548416,-0.972748,4
23518263272203,-9.563599,-3.482147,0.931702,1
23518293209947,-9.347778,-3.374237,0.773010,1
23518308163561,0.174316,-0.493225,-0.922913,4
23518323117174,-8.920105,-3.286957,0.629395,1
23518338070787,0.214905,-0.410629,-0.874847,4
23518353024401,-8.480530,-3.275848,0.504028,1
23518382962145,-8.363892,-3.155243,0.368347,1
23518412869371,-8.431335,-3.029877,0.523071,1
23518457730211,0.285034,-0.105148,-0.311951,4
23518502591051,-8.460693,-2.843414,1.207031,1
23518517575182,0.035095,0.053650,0.097855,4
23518532528795,-8.959778,-3.001312,1.207825,1
23518547482408,-0.113724,0.087830,0.331055,4
23518562436022,-9.052612,-3.006073,1.348267,1
23518622280992,-9.151001,-3.106049,1.907654,1
23518577359117,-0.274292,0.093170,0.539337,4
23518712002672,-12.321655,-3.528961,1.373657,1
23518667141832,-0.565536,0.222763,0.969788,4
23518697049059,-1.012360,0.338120,1.141052,4
23518726956285,-1.374451,-0.232254,1.185547,4
23518756863512,-1.599472,-0.251480,1.012512,4
23518741909899,-8.718567,-3.556732,2.279785,1
23518786770739,-1.423950,0.049728,0.732315,4
23518801693834,-6.765076,-3.343292,2.308350,1
23518816677965,-1.000610,0.418228,0.684601,4
23518831631578,-8.603516,-4.123260,2.262329,1
23518846585192,-0.518188,0.510437,0.819183,4
23518861569322,-9.927002,-4.481903,1.998901,1
23518876492418,-0.267883,0.339188,0.960892,4
23518891476549,-10.357056,-4.498566,1.995728,1
23518906430162,-0.169617,0.188232,0.972992,4
23518921383776,-9.963501,-4.375580,2.712219,1
23518936337389,-0.140427,0.030853,0.785004,4
23518951260485,-8.684448,-4.120087,3.662781,1
23518966244615,-0.159653,0.066101,0.459229,4
23518981198229,-7.993347,-3.788422,3.556458,1
23519011105455,-8.218689,-3.743988,3.103394,1
23519055966295,-0.112656,0.105988,-0.068771,4
23519070919908,-8.543213,-3.890778,2.939941,1
23519160733141,-8.763000,-4.174042,3.085938,1
23519175595201,0.331680,0.151550,-0.259964,4
23519190579332,-9.174011,-4.143097,3.043884,1
23519205532946,0.593018,0.224548,-0.367844,4
23519250393785,-9.470764,-3.997894,2.901855,1
23519265377916,1.050873,0.297180,-0.447952,4
23519280331530,-9.865112,-3.776520,2.847900,1
23519295285143,1.166595,0.207809,-0.465042,4
23519310238756,-9.837341,-3.666229,2.557495,1
23519340145983,-11.077515,-4.119293,2.278198,1
23519355099596,1.421509,0.342041,-0.415192,4
23519370083727,-11.431396,-4.487457,2.221863,1
23519429898180,-8.602722,-3.498016,1.568054,1
23519444851793,2.365021,0.108475,-0.761261,4
23519459805406,-8.429749,-3.141754,1.050720,1
23519474759020,2.383179,0.048309,-0.816452,4
23519489712633,-8.346436,-2.796600,0.677002,1
23519504666246,2.206223,0.020172,-0.752716,4
23519519650377,-8.762207,-2.640289,0.537354,1
23519534603990,1.820984,0.009491,-0.567932,4
23519549527086,-9.143066,-2.937836,0.177917,1
23519564511217,1.384842,-0.037506,-0.279541,4
23519579464830,-9.238281,-3.606720,-0.019653,1
23519594418444,1.034851,-0.020050,0.027710,4
23519609372057,-9.032776,-4.073273,0.112061,1
23519624325670,0.887100,0.017685,0.254150,4
23519639279283,-8.609070,-4.565216,0.219971,1
23519654232897,1.013855,0.059341,0.306854,4
23519669186510,-8.385315,-4.911163,-0.033936,1
23519684140123,1.401581,0.157608,0.222824,4
23519699093737,-8.621765,-4.948456,-0.289429,1
23519729000963,-8.686035,-4.644562,-0.390991,1
23519743954576,1.910706,0.178619,-0.134277,4
23519758908190,-8.629700,-4.325592,-0.241821,1
23519773861803,1.849121,0.184311,-0.293427,4
23519788845934,-9.052612,-4.338287,0.064453,1
23519833706774,1.249908,0.267273,-0.428375,4
23519863644518,0.982880,0.315689,-0.464325,4
23519893521227,0.947983,0.323883,-0.531982,4
23519908505358,-9.952393,-4.772308,1.122925,1
23519938412584,-9.764343,-4.865936,1.333984,1
23519923428453,1.097519,0.489792,-0.640213,4
23519953366197,1.428635,0.462021,-0.750229,4
23519998227037,-5.934326,-3.711456,1.706116,1
23519983303942,1.855530,0.364105,-0.973816,4
23520013211168,2.177032,0.737595,-1.265778,4
23520028195299,-7.885437,-3.322662,0.892029,1
23520043118395,2.315887,1.273071,-1.290344,4
23520058102526,-11.583740,-3.696381,0.570679,1
23520073086656,2.482147,1.089722,-1.021881,4
23520102963365,2.657684,0.803467,-0.740967,4
23520147824205,-10.226929,-2.929901,2.186951,1
23520132870592,3.059296,0.986465,-0.661575,4
23520162777819,3.328094,0.810577,-0.806488,4
23520177761949,-8.831238,-2.381622,2.094910,1
23520252530016,2.481079,0.706268,-1.139374,4
23520267483629,-8.951843,-2.632355,0.455627,1
23520297390856,-8.559875,-2.740265,0.481018,1
23520312344469,1.901810,0.619385,-0.783340,4
23520327328600,-8.280579,-2.833893,0.545288,1
23520342282213,1.667542,0.809509,-0.543365,4
23520357235826,-8.410706,-3.314728,0.703186,1
23520372158922,1.612701,0.969376,-0.313019,4
23520417050280,-8.154419,-4.139923,0.481812,1
23520402096666,1.910355,1.122116,-0.114700,4
23520432003893,2.487137,1.281982,0.004929,4
23520446957506,-8.831238,-4.370026,0.050171,1
23520461911119,3.084213,1.332535,0.039825,4
23520476864733,-9.907959,-4.140717,-0.240234,1
23520491848864,3.373322,1.171249,-0.004684,4
23520521725572,3.224136,0.929504,-0.157074,4
23520536709703,-9.439819,-3.026703,-0.369568,1
23520551663317,2.741699,0.880005,-0.414490,4
23520596524156,-10.662537,-2.818024,0.308044,1
23520611477770,1.677856,0.700211,-0.726379,4
23520626461901,-10.043640,-3.102875,0.581787,1
23520641384996,1.320404,0.633270,-0.827133,4
23520656369127,-9.445374,-3.194122,0.462769,1
23520686276354,-9.529480,-3.143341,-0.178345,1
23520701229967,1.156265,0.704483,-0.896912,4
23520716183580,-9.929382,-3.112396,-0.235474,1
23520731137194,1.205048,0.611557,-0.769455,4
23520835843004,-9.185120,-3.114777,0.693665,1
23520850766100,0.965424,0.518280,-0.131073,4
23520880673326,0.987503,0.455963,0.000656,4
23520910580553,0.975037,0.321747,0.112091,4
23520940518297,0.852203,0.193207,0.195053,4
23520895626940,-9.554871,-3.200470,0.847595,1
23520925564684,-9.684998,-3.141754,0.897583,1
23520955471910,-9.861145,-3.140167,1.176086,1
23520970395006,0.622208,0.040833,0.213562,4
23520985440172,-9.874634,-3.055267,1.426819,1
23521000332750,0.322784,-0.082718,0.146988,4
23521045193590,-9.682617,-3.072723,1.322876,1
23521060147203,-0.359039,-0.242584,-0.036011,4
23521075100817,-9.533447,-3.233002,1.067383,1
23521090054430,-0.539902,-0.294922,-0.064850,4
23521134945787,-8.951843,-3.274261,1.010254,1
23521119961656,-0.630341,-0.300964,-0.057022,4
23521149899401,-0.661667,-0.325897,-0.048828,4
23521164853014,-8.290894,-3.229828,0.982483,1
23521179806627,-0.674484,-0.221924,-0.022842,4
23521194760240,-8.169495,-3.340118,0.967407,1
23521209713854,-0.593658,-0.104080,0.056198,4
23521224667467,-8.282959,-3.468658,0.967407,1
23521254574694,-8.737610,-3.557526,1.174500,1
23521269528307,-0.284622,0.048309,0.375916,4
23521284512438,-9.200195,-3.478973,1.406189,1
23521374234117,-9.500916,-3.744781,1.595825,1
23521359280504,-0.703323,-0.093750,0.415802,4
23521389187731,-0.740356,-0.061005,0.221405,4
23521419094957,-0.605774,-0.047821,0.028778,4
23521434079088,-9.565186,-3.809845,1.698181,1
23521463986315,-9.424744,-3.733673,1.718811,1
23521493893541,-9.191467,-3.550385,1.873535,1
23521449032701,-0.459076,-0.065628,-0.112564,4
23521478939928,-0.337677,-0.080933,-0.185196,4
23521538784899,-0.229431,-0.110840,-0.190186,4
23521523831285,-8.963745,-3.346466,2.013977,1
23521553738512,-8.871704,-3.248077,2.092529,1
23521568692125,-0.279999,-0.123657,-0.149597,4
23521583645739,-8.779663,-3.321075,2.109985,1
23521598599352,-0.293518,-0.133270,-0.097610,4
23521613583483,-8.744751,-3.397247,2.040955,1
23521643460192,-8.899475,-3.513092,1.937012,1
23521628537096,-0.247955,-0.113693,-0.055954,4
23521658444322,-0.135437,-0.104080,-0.022125,4
23521673397936,-9.032776,-3.586884,1.948120,1
23521688351549,0.009827,-0.091614,-0.001129,4
23521703305162,-9.124817,-3.570221,1.906067,1
23521718258776,0.091354,-0.089127,-0.002899,4
23521733242906,-9.179565,-3.549591,1.794983,1
23521748196520,0.107025,-0.099091,-0.022125,4
23521763150133,-9.253357,-3.554352,1.706909,1
23521778103746,0.112000,-0.109070,-0.044922,4
23521793057360,-9.170837,-3.532135,1.645020,1
23521822964586,-9.028015,-3.479767,1.641052,1
23521837918199,0.087082,-0.117249,-0.063080,4
23521852902330,-9.051025,-3.453583,1.518860,1
23521897824205,0.025131,-0.098740,-0.036377,4
23521972561754,-8.951050,-3.501984,1.322876,1
23521987515367,-0.051773,-0.073456,-0.056671,4
23522017422594,-0.054626,-0.030380,-0.065216,4
23522002468981,-9.031982,-3.563873,1.295105,1
23522047360338,-0.033615,-0.033585,-0.052032,4
23522032406725,-9.133545,-3.590057,1.337158,1
23522062313951,-8.945496,-3.545624,1.433167,1
23522137265123,0.022278,0.060760,-0.006821,4
23528837977263,-8.586060,-3.025909,2.147278,1
23528877802702,-8.781250,-5.326935,-0.774231,1
23528907709929,-8.615417,-7.436737,-2.087402,1
23528937647673,-8.663025,-4.795319,-1.028931,1
23529027369352,-9.689758,-1.637360,6.828674,1
23529057276579,-8.062378,-1.512787,4.222168,1
23529087183806,-7.180054,0.841400,4.998962,1
23529087183806,-0.134735,-0.368973,0.324646,4
23529117121550,-7.168945,-0.009186,5.609131,1
23529117121550,-1.048325,-0.000824,0.540771,4
23529147028776,-8.338501,-0.256744,6.053467,1
23529206843229,-10.196777,-1.388214,3.277954,1
23529206843229,-5.024567,0.230591,-0.007538,4
23529236780974,-10.321350,-1.742096,3.573914,1
23529266688200,-9.626282,-1.638153,3.007385,1
23529266688200,-3.542374,0.051514,-0.155289,4
23529296595427,-9.362854,-1.675446,1.464111,1
23529296595427,-2.699631,0.217422,-0.048828,4
23529356409880,-0.574432,-0.068115,0.037689,4
23529386317106,-8.950256,-3.972504,1.931458,1
23529386317106,1.116028,-0.242935,0.334976,4
23529446131559,-0.171402,-0.356155,-0.108292,4
23529476069304,-7.173706,-2.330048,5.714661,1
23529476069304,-0.898071,-0.077728,-0.089066,4
23529505946013,-7.407776,-2.614899,4.805359,1
23529505946013,-0.762421,0.170776,0.004211,4
23529535883757,-7.564880,-3.408356,3.828613,1
23529535883757,-0.782715,0.288635,0.046234,4
23529565790983,-0.669495,0.468430,0.083969,4
23529595698210,-8.200439,-3.963776,1.879089,1
23529595698210,-0.605408,0.619034,0.191498,4
23529625605436,-8.948669,-4.628693,1.460144,1
23529685450407,0.745392,0.401489,0.413666,4
23529745264860,-10.343567,-3.259186,1.681519,1
23529775202604,-9.270020,-2.345917,2.181396,1
23529715357634,0.970764,0.256943,0.279434,4
23529745264860,1.122803,0.131973,0.034119,4
23529805079313,-9.114502,-2.442719,1.933838,1
23529805079313,-0.259338,-0.086639,-0.453293,4
23529835078093,-9.208923,-2.927521,1.622803,1
23529835078093,-0.620010,-0.070618,-0.526642,4
23529864924284,-8.945496,-3.789215,1.570435,1
23529864924284,-0.525299,-0.025757,-0.436920,4
23529894831511,-9.073242,-4.411285,1.808472,1
23529954676481,1.043396,0.286499,0.036972,4
23529984583708,-9.247009,-2.774384,1.705322,1
23529984583708,1.502686,0.392944,0.101410,4
23530014521452,-9.383484,-2.306244,1.495850,1
23530014521452,1.378433,0.377289,0.001724,4
23530044428679,-9.533447,-2.221344,1.210205,1
23530044428679,1.026306,0.266205,-0.149948,4
23530074335905,-9.682617,-1.972198,1.217346,1
23530074335905,0.596222,0.098862,-0.300903,4
23530104243132,-9.431091,-1.573090,1.336365,1
23530104243132,0.092072,-0.077026,-0.405228,4
23530134150358,-9.510437,-1.861908,1.602173,1
23530164057585,-9.594543,-2.565704,2.640015,1
23530164057585,-1.100311,-0.258606,-0.559387,4
23530193964811,-9.158142,-3.144135,2.659058,1
23530193964811,-1.751144,-0.318771,-0.563660,4
23530223872038,-8.865356,-3.430573,1.681519,1
23530223872038,-1.903168,-0.214096,-0.444748,4
23530253779265,-8.680481,-3.776520,0.914246,1
23530253779265,-1.561020,-0.121887,-0.306244,4
23530283686491,-8.444824,-4.186737,0.571472,1
23530283686491,-0.841827,-0.059219,-0.168457,4
23530313593718,-8.461487,-4.979401,0.465942,1
23530313593718,0.234482,-0.048538,0.014542,4
23530343500944,2.017517,0.078217,0.269470,4
23530373408171,-8.971680,-3.516266,1.412537,1
23530373408171,2.702179,0.286499,0.251312,4
23530403315397,-8.667786,-2.292755,1.372070,1
23530403315397,2.324066,0.077148,0.212860,4
23530433222624,-8.520996,-0.972443,2.216309,1
23530433222624,1.224274,0.109894,0.135239,4
23530463129850,-8.822510,-1.258087,2.645569,1
23530493037077,-8.767761,-2.829132,1.856873,1
23530493037077,-1.747223,0.105988,-0.070190,4
23530522944304,-9.492188,-6.169586,0.660339,1
23530522944304,-0.751740,0.233444,0.053711,4
23530552851530,-10.226135,-5.899017,1.509338,1
23530552851530,1.962692,0.359482,0.299011,4
23530582758757,-9.826233,-3.336151,3.189880,1
23530582758757,2.957458,0.378357,0.408676,4
23530612696501,-9.183533,-2.512543,3.841309,1
23530612696501,2.458298,0.359131,0.445343,4
23530642573210,-8.815369,-2.214996,3.884949,1
23530642573210,1.589203,0.373016,0.372009,4
23530672510954,-8.766174,-1.508026,3.594543,1
23530762232634,-9.724670,-3.965363,1.138794,1
23530732325407,-2.489212,0.086044,-0.044205,4
23530762232634,-2.735596,-0.067413,-0.152084,4
23530792109343,-9.673889,-4.943695,0.958679,1
23530822016569,-9.284302,-5.035736,0.998352,1
23530911768767,-8.761414,-3.653534,1.839417,1
23530941675993,-8.428162,-3.375824,1.862427,1
23531001520964,-8.601929,-3.846344,1.817993,1
23531031397673,-8.490051,-4.184357,1.628357,1
23531061304899,-8.794739,-4.312897,1.398254,1
23531091242643,-9.254150,-3.897125,1.164185,1
23531121149870,-9.848450,-3.554352,1.218933,1
23531210871550,-9.480286,-3.439301,1.926697,1
23531240778776,-9.161316,-3.583710,1.794189,1
23531300593229,-8.404358,-3.634491,1.754517,1
23531330530974,-8.300415,-3.362335,1.693420,1
23531390314909,-8.570190,-3.060822,1.387146,1
23531420252653,-8.615417,-3.162384,1.279236,1
23531509974333,-10.079346,-3.707489,0.338989,1
23531539851042,-9.723877,-4.366058,0.461975,1
23531599696013,-8.920898,-5.078583,0.397705,1
23530792109343,-2.215057,-0.199860,-0.236115,4
23530822016569,-1.319626,-0.232971,-0.313019,4
23530851923796,-0.479370,-0.186676,-0.361435,4
23530881861540,0.044006,-0.083069,-0.351471,4
23530911768767,0.225937,-0.007599,-0.280258,4
23531001520964,-0.459076,0.201050,-0.008606,4
23531031397673,-0.300644,0.225967,0.010986,4
23531091242643,0.371918,0.283295,-0.132507,4
23531121149870,0.529282,0.308563,-0.206909,4
23531240778776,0.255493,0.447067,-0.001129,4
23531270686003,0.502579,0.508667,0.111740,4
23531360438200,1.189377,0.515778,0.302933,4
23531390314909,1.091827,0.390808,0.362396,4
23531450129362,0.721542,0.212799,0.479172,4
23531480067106,0.438492,0.155472,0.555008,4
23531569758268,-0.809418,-0.175293,0.076843,4
23531599696013,-0.617523,-0.109772,-0.172379,4
23531809077116,0.710861,-0.152145,-0.233261,4
23531838953825,0.693420,-0.130432,-0.292725,4
23531868891569,0.718338,-0.135773,-0.337219,4
23531898768278,0.690567,-0.266785,-0.365356,4
23531928706022,0.555267,-0.366119,-0.371765,4
23532018427702,-0.588318,-0.512817,-0.107574,4
23532048334929,-0.756729,-0.493225,-0.036011,4
23532078242155,-0.719696,-0.412415,0.027008,4
23532108179899,-0.423477,-0.325180,0.102478,4
23532138056608,-0.210205,-0.258240,0.112457,4
23532197871061,-0.219818,-0.216583,0.093582,4
23532227778288,-0.346222,-0.273193,0.083252,4
23532257685515,-0.540970,-0.324463,0.034836,4
23532287592741,-0.675552,-0.300262,-0.035309,4
23532377344938,-0.406738,-0.053528,0.189713,4
23532407252165,-0.444839,0.042252,0.397995,4
23532467036100,-0.488983,0.128769,0.837341,4
23532496943327,-0.372925,0.195709,0.912827,4
23532526850554,-0.177811,0.255875,0.907837,4
23532556757780,0.040802,0.246262,0.809570,4
23532586695524,0.191406,0.145142,0.631561,4
23531629572722,-9.041504,-4.938141,0.510376,1
23531809077116,-9.509644,-3.945526,0.408813,1
23531838953825,-9.665955,-3.835236,0.595276,1
23531868891569,-10.126953,-3.622589,0.642090,1
23531898768278,-9.933350,-3.269501,0.821411,1
23531928706022,-9.504883,-3.006073,1.122131,1
23531958613249,-10.052368,-2.791840,1.018188,1
23531988520475,-10.184082,-2.736298,0.922974,1
23532048334929,-8.698730,-2.946564,1.570435,1
23532078242155,-7.944946,-3.049713,1.633911,1
23532167994352,-8.436890,-2.627594,1.712463,1
23532197871061,-9.307312,-2.494293,1.459351,1
23532227778288,-9.870667,-2.442719,1.546631,1
23532257685515,-9.822266,-2.369720,1.791016,1
23532287592741,-9.428711,-2.353058,2.121094,1
23532317530485,-8.659058,-2.560150,2.452759,1
23532407252165,-8.294861,-2.603790,2.355957,1
23532437128874,-8.451172,-3.013214,2.531311,1
23532526850554,-9.367615,-3.544830,2.810608,1
23532556757780,-9.681824,-3.598785,2.948669,1
23532586695524,-9.321594,-3.478973,3.038330,1
23532616572233,-8.886780,-3.109222,2.948669,1
23532646509977,-8.724915,-2.793427,2.820923,1
23532676417204,-8.460693,-2.917999,2.678894,1
23532706324431,-8.451172,-3.265533,2.632874,1
23532766169401,-8.828857,-3.790802,2.345642,1
23532796076628,-9.560425,-4.043915,2.304382,1
23532825983854,-10.948975,-4.456512,2.361511,1
23532855891081,-11.365540,-4.688995,2.348816,1
23532885798308,-10.249939,-4.448578,2.390869,1
23532646509977,-0.017944,0.084625,0.218201,4
23532676417204,-0.326279,0.015549,0.083618,4
23532706324431,-0.554855,0.001312,0.012756,4
23532736231657,-0.634247,0.010208,-0.017502,4
23532915705534,0.393631,0.095306,-0.307312,4
23532915705534,-9.358887,-3.820160,2.186157,1
23532945612761,0.474091,0.102783,-0.545868,4
23532975550505,-8.413086,-3.456757,2.013977,1
23532975550505,0.528931,0.112030,-0.693970,4
23533005460432,-8.491638,-3.379791,1.733887,1
23533005460432,0.645706,0.151199,-0.736694,4
23533035367659,-8.694763,-3.341705,1.541870,1
23533065274885,-8.681274,-3.427399,1.526001,1
23533065274885,0.976822,0.142654,-0.546570,4
23533095151594,-8.614624,-3.519440,1.525208,1
23533125089339,1.411194,0.173981,-0.205841,4
23533154996565,-9.577881,-3.417877,0.822998,1
23533154996565,1.552536,0.123077,-0.069122,4
23533184903792,1.435043,-0.011154,0.005646,4
23533214811018,-9.715149,-3.135406,0.765076,1
23533214811018,1.039490,-0.240799,-0.074829,4
23533244687727,-9.223206,-3.240936,0.620667,1
23533244687727,0.548157,-0.258957,-0.248932,4
23533364347151,-9.313660,-3.664642,0.342163,1
23533364347151,0.314941,-0.150009,-0.358582,4
23533394254378,-9.014526,-3.378204,0.565918,1
23533394254378,0.383301,-0.141113,-0.311234,4
23533424161604,-8.855042,-3.228241,0.819031,1
23533424161604,0.327057,-0.084854,-0.265656,4
23533454068831,-8.876465,-3.102875,1.065796,1
23533454068831,0.219177,-0.035370,-0.197662,4
23533484037093,-8.958984,-3.113190,1.095947,1
23533513913801,-9.158936,-3.156830,1.080078,1
23533484037093,0.055756,-0.014709,-0.108643,4
23533543790510,-9.484253,-3.194916,1.222107,1
23533543790510,-0.115143,0.019470,0.087891,4
23533573728255,-9.681030,-3.145721,1.596619,1
23533573728255,-0.111938,0.026947,0.166565,4
23533633542708,-10.002380,-3.071136,1.796570,1
23533603635481,-0.132233,0.015198,0.232788,4
23533633542708,-0.135437,0.096725,0.324295,4
23533663449934,-0.208069,0.199615,0.452118,4
23533693357161,-0.375061,0.050079,0.580994,4
23533663449934,-11.245728,-3.090973,1.598206,1
23533693357161,-11.025940,-3.042572,2.193298,1
23533723264387,-9.320007,-2.956879,2.740784,1
23533723264387,-0.559479,-0.069901,0.602356,4
23533783078841,-6.681763,-3.087799,2.978027,1
23533783078841,-0.564819,-0.017914,0.409027,4
23533813016585,-7.790222,-3.076691,2.774902,1
23533813016585,-0.297089,0.193207,0.355270,4
23533842923811,-9.037537,-3.017181,2.405945,1
23533842923811,-0.152893,0.134109,0.347794,4
23533872831038,-9.671509,-3.046539,2.468628,1
23533872831038,-0.116577,-0.002258,0.339966,4
23533902738264,-9.918274,-3.037811,2.836792,1
23533932645491,-9.580261,-2.940216,3.260498,1
23533932645491,-0.261124,-0.179565,0.092865,4
23533962583235,-8.860596,-2.748199,3.162903,1
23533962583235,-0.313461,-0.215164,-0.107574,4
23533992490462,-8.324219,-2.786285,2.697144,1
23533992490462,-0.298859,-0.202698,-0.278473,4
23534022397688,-8.355164,-2.666473,2.693970,1
23534022397688,-0.243317,-0.185257,-0.340424,4
23534052335432,-8.499573,-2.646637,2.681274,1
23534052335432,-0.213776,-0.203766,-0.310165,4
23534082242659,-8.705872,-2.655365,2.599548,1
23534112149885,-9.017700,-2.651398,2.537659,1
23534112149885,-0.398193,-0.166031,-0.163483,4
23534142057112,-8.795532,-2.651398,2.652710,1
23534142057112,-0.404968,-0.153214,-0.143539,4
23534171964339,-8.376587,-2.710114,2.764587,1
23534171964339,-0.298508,-0.049957,-0.125031,4
23534201902083,-8.355164,-2.806915,2.719360,1
23534231778792,0.123398,0.262634,0.100342,4
23534261716536,-8.663818,-2.844208,3.139099,1
23534261716536,0.302124,0.337402,0.255585,4
23534291623762,-8.750305,-2.819611,3.357300,1
23534291623762,0.377609,0.374786,0.370941,4
23534321530989,-8.816162,-2.810883,3.469177,1
23534321530989,0.274353,0.361267,0.409744,4
23534351468733,-8.802673,-3.036224,3.267639,1
23534351468733,0.076401,0.342041,0.389801,4
23534411283186,-10.682373,-4.388275,2.789185,1
23534441190413,-10.789490,-4.938934,2.897888,1
23534381375960,0.016235,0.431046,0.378052,4
23534411283186,0.181427,0.366608,0.355988,4
23534471097639,-9.665161,-4.501740,2.624939,1
23534471097639,0.744690,-0.043198,-0.037796,4
23534501035384,-9.081970,-3.531342,2.017151,1
23534501035384,0.815186,-0.080582,-0.364990,4
23534530942610,-9.065308,-3.185394,1.694214,1
23534560849837,0.537476,-0.262878,-0.706787,4
23534560849837,-9.028015,-3.344086,1.460938,1
23534590787581,-9.392212,-3.563873,1.314941,1
23534590787581,0.353043,-0.281738,-0.701096,4
23534620694807,-9.684998,-3.905060,1.137207,1
23534620694807,0.239105,-0.333725,-0.653381,4
23534650602034,-9.381104,-4.005829,1.220520,1
23534650602034,0.247650,-0.398163,-0.613159,4
23534680509260,-9.072449,-3.719391,1.155457,1
23534680509260,0.368347,-0.360428,-0.628113,4
23534710447005,-9.054199,-3.418671,1.043579,1
23534740354231,-9.085144,-3.291718,0.867432,1
23534770261458,-9.169250,-3.316315,0.719055,1
23534770261458,0.119476,-0.235458,-0.679733,4
23534800168684,-9.152588,-3.334564,0.677795,1
23534800168684,0.022278,-0.209824,-0.624542,4
23534830075911,-9.078796,-3.299652,0.919006,1
23534830075911,0.003418,-0.154633,-0.541595,4
23534860013655,-8.789185,-3.336151,1.161804,1
23534889920882,0.018372,0.001663,-0.318359,4
23534889920882,-8.628113,-3.170319,1.401428,1
23534919828108,-8.775696,-2.911652,1.333191,1
23534919828108,-0.025070,0.068954,-0.191605,4
23534949765852,-0.080261,0.029785,-0.076248,4
23534949765852,-8.749512,-3.139374,1.724365,1
23534979642561,-8.578918,-3.294098,2.095703,1
23535009580305,-8.834412,-3.279816,2.152832,1
23535009580305,-0.218750,0.064331,0.156952,4
23535039457014,-9.015320,-3.225861,2.319458,1
23535039457014,-0.253296,0.026581,0.300079,4
23535099301985,-0.459793,-0.049255,0.579224,4
23535159116438,-11.494873,-3.506744,2.193298,1
23535129209212,-0.754593,0.007355,0.718430,4
23535159116438,-1.067200,-0.105148,0.843399,4
23535189023665,-10.203125,-3.800323,2.609863,1
23535189023665,-1.163681,-0.266785,0.875092,4
23535218930891,-8.367859,-3.717804,2.755859,1
23535218930891,-0.978180,-0.288864,0.782516,4
23535308774641,-8.624146,-3.267120,2.440063,1
23535338559798,-0.482574,-0.137909,0.511932,4
23535368467024,-9.841309,-3.345673,2.040161,1
23535368467024,-0.753174,-0.226196,0.450333,4
23535398374251,-9.399353,-3.464691,2.371033,1
23535398374251,-0.919800,-0.309875,0.346008,4
23535428281477,-8.317078,-3.436127,2.411499,1
23535428281477,-0.873154,-0.271057,0.210358,4
23535458188704,-7.743408,-3.532928,2.213135,1
23535458188704,-0.717209,-0.096954,0.095367,4
23535488095930,-7.828308,-3.590057,2.412292,1
23535488095930,-0.474747,0.050797,0.107819,4
23535547910384,-8.267883,-3.689240,2.786011,1
23535607724837,-8.671753,-3.585297,3.026428,1
23535637601546,-8.707458,-3.346466,3.417603,1
23535518003157,-0.268250,0.104553,0.192200,4
23535547910384,-0.218048,0.129486,0.278015,4
23535577817610,-0.237274,0.128052,0.311478,4
23535637601546,-0.377548,0.061829,0.175110,4
23535667539290,-8.848694,-3.270294,3.572327,1
23535727353743,-9.111328,-3.680511,3.370789,1
23535667539290,-0.725754,0.039398,-0.006104,4
23535697446516,-1.307877,-0.035721,-0.186615,4
23535727353743,-2.185867,-0.012939,-0.369629,4
23535757291487,-9.531860,-3.822540,3.351746,1
23535757291487,-3.183838,-0.067047,-0.651962,4
23535817075423,-8.838379,-4.488251,1.230835,1
23535817075423,-5.434006,-0.365051,-1.236221,4
23535846982649,-8.696350,-5.065094,-0.314026,1
23535846982649,-6.393524,-0.335144,-1.425629,4
23535876889876,-6.653793,-0.190948,-1.531021,4
23535906797102,-8.717773,-7.539886,-3.519592,1
23535906797102,-5.880478,-0.247559,-1.360123,4
23535936734846,-7.093567,-8.842743,-3.770325,1
23535966642073,-6.365173,-8.069916,-3.097473,1
23535966642073,-1.732269,0.201752,-0.907593,4
23535996549300,-6.811890,-6.392548,-2.671387,1
23535996549300,0.306046,0.539642,-0.674744,4
23536026456526,-7.345886,-5.367401,-2.725342,1
23536026456526,1.501617,0.723709,-0.374969,4
23536056363753,-8.216309,-5.029388,-2.703125,1
23536086270979,-8.705872,-4.896088,-3.180786,1
23536056363753,2.193756,0.782104,-0.101166,4
23536086270979,2.629913,0.690948,0.120285,4
23536116178206,-8.717773,-5.453888,-3.660828,1
23536116178206,3.489746,0.599808,0.360962,4
23536146085432,-8.515442,-5.678436,-3.698120,1
23536175992659,-8.495605,-4.864349,-3.381531,1
23536146085432,5.068420,0.599457,0.535065,4
23536175992659,6.477615,0.683472,0.576019,4
23536205930403,-8.451172,-3.610687,-2.788818,1
23536205930403,7.189697,0.731537,0.662170,4
23536235837630,-8.381348,-2.951324,-1.540710,1
23536235837630,7.334961,0.761810,0.659332,4
23536265744856,-8.493225,-1.806366,0.570679,1
23536325559309,-8.675720,-1.890472,1.999695,1
23536325559309,1.861572,0.605499,0.341736,4
23536385404280,-8.943909,-3.213959,1.745789,1
23536355497053,0.409302,0.500824,0.258789,4
23536385404280,-0.463715,0.404343,0.167999,4
23536415311507,-9.345398,-3.687653,1.435547,1
23536415311507,-0.981384,0.330643,0.073288,4
23536445249251,-9.562805,-4.186737,1.334778,1
23536475125960,-9.263672,-4.398590,1.522827,1
23536445249251,-1.023758,0.228455,0.040527,4
23536475125960,-0.612885,0.138031,0.077209,4
23536505063704,-0.124054,0.110962,0.138443,4
23536534970930,-9.103394,-3.617035,2.254395,1
23536534970930,0.180008,0.121292,0.226028,4
23536564878157,-10.668091,-3.292511,2.014771,1
23536564878157,0.172531,0.256226,0.358475,4
23536594815901,-11.982056,-3.377411,2.071899,1
23536594815901,-0.183151,0.171143,0.504456,4
23536624692610,-10.698242,-3.465485,2.715393,1
23536624692610,-0.511414,-0.140396,0.573883,4
23536654630354,-8.297241,-3.052887,3.098633,1
23536684507063,-0.665588,0.065399,0.270889,4
23536744352034,0.208847,0.283646,0.169769,4
23536684507063,-7.325256,-3.047333,3.510437,1
23536714444807,-7.755310,-3.373444,3.661194,1
23536744352034,-8.717773,-3.395660,3.335876,1
23536804197005,-9.554871,-2.512543,2.422607,1
23536804197005,0.061096,-0.131851,0.169418,4
23536834073714,-9.024841,-2.320526,3.049438,1
23536864011458,-8.772522,-2.473663,2.953430,1
23536864011458,-0.856064,-0.305954,0.017746,4
23536893918684,-1.096390,-0.315918,-0.078033,4
23536953763655,-1.435699,-0.268570,-0.151367,4
23536983640364,-8.131409,-3.146515,2.069519,1
23536983640364,-1.451004,-0.228333,-0.082306,4
23537013578108,-7.785461,-3.405182,2.203613,1
23537013578108,-1.352020,-0.177780,0.059052,4
