Inicio: 31-12-1969-20:59:59:999
Fim: 14-12-2018-15:30:57:558
1355925191046,9.047729,-3.373444,0.794434,1
1355958027960,9.138184,-3.350433,0.886475,1
1355987935186,9.210388,-3.298065,0.838074,1
1356047759420,9.373047,-3.410736,0.814270,1
1356107695944,9.534119,-3.366302,0.845215,1
1356137725241,9.569824,-3.413910,0.832520,1
1356200835592,9.407959,-3.500397,0.817444,1
1356212554342,0.043167,-0.018860,-0.067764,4
1356232573874,9.297668,-3.503571,0.895996,1
1356242522604,0.062393,-0.018860,-0.076660,4
1356262481100,9.227051,-3.496429,0.934082,1
1356292388327,9.143738,-3.476593,1.011047,1
1356272460348,0.057755,-0.019562,-0.074890,4
1356302428610,0.058823,-0.012451,-0.070969,4
1356322417624,9.084229,-3.463104,0.965820,1
1356332366354,0.049576,-0.004257,-0.054596,4
1356352324850,9.132629,-3.501190,0.981689,1
1356362304098,0.027847,0.009979,-0.036438,4
1356392272360,0.059540,0.011414,-0.030731,4
1356442168600,9.342102,-3.491669,0.928528,1
1356422210104,0.063812,-0.001770,-0.012573,4
1356452147848,0.035324,0.037048,-0.011154,4
1356482116110,0.079117,0.020660,-0.001892,4
1356502105124,9.332581,-3.443268,0.907898,1
1356532012350,9.415100,-3.433746,0.861877,1
1356562041647,9.400024,-3.475800,0.815857,1
1356651885397,9.292908,-3.372650,0.889648,1
1356631865866,0.063812,-0.012802,0.020889,4
1356661803610,0.042801,-0.017075,0.013062,4
1356681792624,9.223083,-3.376617,0.870605,1
1356691741354,0.034256,-0.005676,0.003448,4
1356711699850,9.129456,-3.371063,0.858704,1
1356771636374,9.159607,-3.390900,0.832520,1
1356781615622,0.031769,-0.018494,-0.003677,4
1356801543600,9.181824,-3.412323,0.784119,1
1356831450827,9.194519,-3.396454,0.792053,1
1356811522848,0.027847,-0.021347,0.010925,4
1356841491110,0.021805,-0.040222,0.030151,4
1356891387350,9.229431,-3.286957,0.792847,1
1356901397116,-0.031601,-0.066559,0.061127,4
1356921416647,9.383362,-3.345673,0.849182,1
1356931334860,-0.063644,-0.034882,0.050446,4
1356951323874,9.403992,-3.385345,0.812683,1
1357011260397,9.388123,-3.313141,0.880920,1
1357021178610,-0.024490,-0.056946,-0.009369,4
1357041167624,9.420654,-3.372650,0.887268,1
1357051116354,-0.018784,-0.034515,-0.026459,4
1357071074850,9.346863,-3.361542,0.908691,1
1357101104147,9.394470,-3.344086,0.929321,1
1357190947897,9.295288,-3.463898,0.903931,1
1357200866110,-0.020218,0.008560,-0.066345,4
1357220855124,9.277832,-3.458344,0.879333,1
1357230803854,-0.010605,0.014969,-0.068115,4
1357250762350,9.274658,-3.468658,0.889648,1
1357260741598,0.000076,0.020309,-0.066696,4
1357280669577,9.285767,-3.434540,0.846802,1
1357290709860,-0.011307,0.026001,-0.055298,4
1357310698874,9.310364,-3.459930,0.797607,1
1357320647604,-0.024124,0.025299,-0.033585,4
1357340606100,9.279419,-3.463104,0.815857,1
1357370513327,9.251648,-3.437714,0.718262,1
1357380523092,-0.020218,-0.004974,0.010208,4
1357400542624,9.448425,-3.364716,0.776184,1
1357410460836,-0.042999,0.027786,0.016968,4
1357430449850,9.373840,-3.446442,0.690491,1
1357440429098,-0.039078,0.013901,0.010208,4
1357460357077,9.341309,-3.413910,0.734131,1
1357470366842,0.004349,0.014969,-0.005463,4
1357490386374,9.250061,-3.382172,0.722229,1
1357520293600,9.313538,-3.365509,0.757935,1
1357530272848,0.008270,-0.007111,-0.001190,4
1357560210592,0.012894,-0.009247,-0.001190,4
1357550200827,9.220703,-3.358368,0.725403,1
1357580230124,9.307190,-3.359955,0.684937,1
1357590148336,0.011826,-0.010315,-0.007233,4
1357610137350,9.304016,-3.405182,0.763489,1
1357620116598,0.012894,-0.013519,-0.009735,4
1357640044577,9.298462,-3.402008,0.734131,1
1357650054342,0.016464,-0.020279,-0.001892,4
1357670073874,9.310364,-3.367889,0.734131,1
1357679992086,0.016464,-0.017792,0.010208,4
1357699981100,9.306396,-3.379791,0.764282,1
1357739898092,-0.012375,-0.011734,0.024445,4
1357759917624,9.326233,-3.354401,0.779358,1
1357769835836,-0.007751,-0.012085,0.022308,4
1357789824850,9.350830,-3.352814,0.815063,1
1357799773581,-0.000992,-0.006744,0.018753,4
1357819732077,9.401611,-3.315521,0.765869,1
1357849761374,9.341309,-3.378204,0.851563,1
1357829741842,0.001862,-0.016006,0.013763,4
1357859679586,0.028214,0.008560,0.005219,4
1357879668600,9.424622,-3.346466,0.836487,1
1357909575827,9.462708,-3.375824,0.890442,1
1357919555075,-0.007751,0.017822,-0.004745,4
1357939605124,9.339722,-3.448029,0.851563,1
1357949492819,0.044586,0.002502,-0.016846,4
1357979522116,0.072357,0.021378,-0.031448,4
1357999419577,9.208801,-3.362335,0.903137,1
1358029326803,9.318298,-3.412323,0.849182,1
1358059356100,9.286560,-3.428192,0.814270,1
1358069274313,0.071640,0.031708,-0.019348,4
1358099212057,0.063812,0.036331,-0.017212,4
1358149077780,9.319885,-3.407562,0.767456,1
1358179107077,9.294495,-3.412323,0.765869,1
1358238921530,9.309570,-3.344879,0.788086,1
1358159118063,0.017166,0.035263,0.007721,4
1358189055807,0.040314,0.031342,0.022308,4
1358218993551,0.043167,0.026001,0.024445,4
1358308806784,0.022156,0.011765,0.010559,4
1358328765280,9.307983,-3.362335,0.789673,1
1358428588278,0.028915,-0.007813,-0.007233,4
1358448638327,9.273865,-3.395660,0.891235,1
1358548339254,-0.031250,0.008209,0.011627,4
1358568267233,9.133423,-3.417084,0.888062,1
1358668120749,-0.003479,0.012482,0.001663,4
1358688140280,9.384155,-3.354401,0.843628,1
1358787871725,-0.098541,0.008560,0.027298,4
1358807891256,9.326233,-3.360748,0.803162,1
1358907622702,-0.049759,-0.035233,-0.031097,4
1358927642233,9.268311,-3.349640,0.884888,1
1359027404196,-0.088577,0.010696,-0.051743,4
1359047393209,9.201660,-3.417084,0.833313,1
1359147155172,-0.147675,0.019241,-0.054947,4
1359167144186,9.298462,-3.452789,0.839661,1
1359236968405,-0.086792,0.007492,-0.069901,4
1359316802389,9.815002,-3.423431,1.497437,1
1359386687643,0.194122,0.545822,0.564560,4
1359406646139,10.031616,-4.110565,2.480530,1
1359496489889,8.551025,-6.181488,2.025085,1
1359536406881,-0.039795,0.616318,0.812012,4
1359626220114,0.473618,0.518051,0.734741,4
1359646148092,7.739319,-6.532990,1.821960,1
1359745971090,0.496399,0.507370,1.017441,4
1359865752584,0.377838,0.206161,1.000702,4
1359885772116,4.698792,-7.005890,3.431091,1
1360005523092,2.702454,-6.665497,3.018494,1
1359985503561,0.350784,-0.235321,0.604080,4
1360105254538,0.586121,-0.467102,0.035126,4
1360125274069,2.029602,-6.633759,3.316040,1
1360225036032,1.229477,-0.817444,-0.139328,4
1360245025045,2.388245,-5.554657,3.058960,1
1360344756491,1.702652,-0.879395,-0.502136,4
1360364776022,2.854004,-5.010345,4.122192,1
1360464568502,2.562134,0.183380,-0.564087,4
1360484526999,6.886353,-1.525482,4.107910,1
1360584288961,0.533432,0.185150,-1.090668,4
1360604277975,6.012756,4.151703,-4.770081,1
1360704039938,-3.357712,-0.619843,3.410736,4
1360724028952,19.556274,-6.352875,19.466858,1
1360823790915,0.214767,-3.386627,-1.321381,4
1360843779928,13.149902,-13.374969,10.273865,1
1360943541891,-0.473801,-5.830475,-1.459167,4
1360963530905,19.556274,-6.517120,-10.580566,1
1361063292868,0.676910,-1.967453,0.101715,4
1361083281881,0.289551,-9.238678,4.491943,1
1361173003561,11.845459,-5.765717,-5.465149,1
1361212981588,-0.771454,-3.762238,2.046753,4
1361302764303,-0.881470,-1.830017,-0.103012,4
1361322783834,-1.746460,-8.510284,-13.041077,1
1361422515280,0.241470,-0.024551,-2.031311,4
1361442534811,-1.059326,-5.539581,-4.087708,1
1361482360250,2.117447,-0.326828,-1.367310,4
1361652007467,-0.399963,-6.422699,-7.247253,1
1361681914694,-0.615784,-5.802216,-8.654846,1
1361711821920,-1.041077,-5.795074,-7.859802,1
1361512297995,-0.035873,-0.714554,0.203888,4
1361542235739,0.638107,-0.419037,0.416092,4
1361572142965,0.085175,0.270966,0.638977,4
1361602080709,0.114014,0.428680,0.718369,4
1361632110006,-0.674973,0.453964,0.981842,4
1361661956198,-1.678635,0.507370,1.231781,4
1361691893942,-2.490051,0.648712,1.054474,4
1361721831686,-2.401398,1.046417,0.743652,4
1361861480124,1.783630,-1.602448,-11.723938,1
1361891509420,2.511230,-1.711151,-12.595947,1
1361921416647,2.508057,-0.897064,-12.484070,1
1361951323874,2.352539,-0.171051,-8.830994,1
1361981231100,1.158386,-0.046478,-7.163940,1
1361751769430,-1.859146,1.141830,0.516144,4
1361781707174,-0.991135,0.796829,0.618683,4
1361811614401,-1.790085,0.865189,0.460236,4
1361841582663,-2.465485,0.901505,0.316757,4
1361871489889,-2.407455,0.342163,0.130554,4
1361961272604,-1.478195,-0.640503,0.232025,4
1361991240866,-2.074554,-0.542236,-0.174576,4
1362021178610,-2.645996,-0.704941,-0.096252,4
1362051085836,-2.762421,-0.253479,0.119507,4
1362081023581,-1.138535,0.448975,0.358765,4
1362110961325,0.479309,0.353912,0.715164,4
1362140868551,1.436691,0.542618,0.213501,4
1362200744040,0.391006,0.418365,0.007355,4
1362230681784,-0.602692,0.133179,0.037628,4
1362260589010,-1.076935,-0.180496,0.055786,4
1362290526754,-0.480927,-0.419403,0.134827,4
1362320495016,0.328705,-0.385925,-0.070618,4
1362350402243,0.873093,-0.306885,-0.122955,4
1362380339987,1.164688,-0.146317,-0.067413,4
1362410277731,0.421982,-0.036301,-0.022903,4
1362440184958,-0.228500,0.068726,-0.029663,4
1362470122702,-0.437851,0.136383,-0.015778,4
1362529998190,-0.274780,0.196198,0.026581,4
1362559935934,-0.206421,0.193695,0.026581,4
1362589843161,-0.183273,0.136383,0.016968,4
1362619780905,-0.006332,0.040604,0.011276,4
1362649718649,0.169556,-0.102173,0.009491,4
1362679656393,0.295593,-0.227493,-0.011871,4
1362709594137,0.323715,-0.260605,-0.035004,4
1362739531881,0.193771,-0.191177,-0.052811,4
1362769469625,-0.039444,-0.074036,-0.052094,4
1362799376852,-0.163345,0.039536,-0.033585,4
1362829345114,-0.144470,0.125702,-0.012222,4
1362859252340,-0.047623,0.170563,0.014832,4
1362889190084,-0.022354,0.157028,0.029083,4
1362919097311,-0.086441,0.116440,0.024445,4
1362949035055,-0.094986,0.081909,0.012344,4
1362978972799,-0.030182,0.012833,-0.002960,4
1363008910543,0.053482,-0.104309,-0.015076,4
1363128631002,0.020370,-0.010315,-0.021484,4
1363158538229,-0.055466,0.052002,-0.012222,4
1363188475973,-0.103882,0.082977,-0.007233,4
1362011260397,-0.941101,-0.751068,-8.385864,1
1362041167624,-0.002441,0.381989,-10.179871,1
1362071074850,0.698181,1.607880,-10.622620,1
1362100982077,-0.851440,2.093475,-10.204468,1
1362130889303,0.634705,1.207977,-8.934143,1
1362220733053,2.022461,0.901703,-9.102356,1
1362250640280,2.050232,1.931610,-10.333801,1
1362310454733,1.919312,2.376740,-9.736328,1
1362340484030,0.376038,1.072296,-8.871460,1
1362400298483,0.867981,-0.440826,-9.246765,1
1362460112936,0.541870,0.107452,-9.190430,1
1362490142233,0.751343,0.554962,-9.703796,1
1362579863913,1.762207,1.415863,-9.616516,1
1362639800436,1.793152,1.057220,-10.267151,1
1362699614889,0.842590,0.543854,-9.332458,1
1362729644186,0.534729,0.308197,-9.211853,1
1362759551413,0.641052,0.262970,-9.328491,1
1362789458639,0.668030,0.471649,-9.390381,1
1362819365866,0.711670,0.700165,-9.290405,1
1362879302389,1.071899,0.692230,-9.541931,1
1362909087545,1.383728,0.862823,-9.718872,1
1362939116842,1.566223,0.897736,-9.814087,1
1362969024069,1.601929,0.962006,-9.930725,1
1362998931295,1.500366,0.961212,-9.941040,1
