Inicio: 31-12-1969-20:59:59:999
Fim: 19-12-2018-15:21:46:284
16236893423214,-2.730835,-0.453094,0.108902,4
16236953359737,-7.719604,-3.174286,0.728577,1
16236923391476,-2.522202,-0.165771,0.160873,4
16236953359737,-1.892365,0.043930,0.249893,4
16236983297482,-7.765625,-3.493256,0.990417,1
16236983297482,-0.952072,0.200226,0.402985,4
16237013265743,-7.849731,-2.754547,1.464905,1
16237013265743,-0.126770,0.349762,0.537216,4
16237133077755,-0.048798,0.906616,0.862274,4
16237163046017,-10.214233,-2.850555,2.467834,1
16237163046017,0.227844,1.034790,1.021423,4
16237193014279,-11.824951,-3.254425,2.786804,1
16237222952023,-13.878418,-3.601166,3.051025,1
16237252920284,-13.786377,-3.505157,3.019287,1
16237193014279,0.697815,1.172577,1.205490,4
16237282888546,1.691513,0.097336,0.745499,4
16237312917843,1.261429,-0.325989,0.091446,4
16237312917843,-9.569153,-2.161835,2.673340,1
16237342855587,-8.540039,-1.561981,1.995728,1
16237372762814,-9.627075,-1.760345,1.481567,1
16237372762814,0.249207,-0.583771,-1.080978,4
16237402731075,0.096817,-0.708023,-1.278946,4
16237432668820,-12.731079,-2.798981,1.476807,1
16237432668820,0.266647,-1.126007,-1.272171,4
16237462637081,-12.109802,-2.876740,1.134827,1
16237492574825,-10.652222,-2.422089,0.700806,1
16237492574825,0.302261,-1.425797,-0.841721,4
16237522543087,-0.144577,-1.321838,-0.831406,4
16237522543087,-9.388245,-1.911896,0.321533,1
16237552511349,-8.685242,-1.763519,0.058105,1
16237552511349,-0.586060,-1.134552,-0.972397,4
16237582479611,-8.102051,-1.915863,-0.011719,1
16237582479611,-0.931061,-0.902069,-1.149704,4
16237612447872,-7.902100,-2.307831,-0.258484,1
16237762258663,1.080917,0.196320,0.090744,4
16237672384396,-7.848938,-2.825958,-0.321167,1
16237702322140,-7.910034,-2.557770,0.054932,1
16237792226925,-8.706665,-1.258087,0.933289,1
16237822195187,-9.631042,-1.301727,1.117371,1
16237852163448,-0.006424,0.685516,1.019287,4
16237852163448,-11.237000,-1.480255,1.104675,1
16237882101193,-0.234650,0.665573,1.266022,4
16237912069454,-12.350220,-2.068207,1.796570,1
16237972005978,-9.488220,-2.648224,4.380859,1
16237972005978,0.246002,0.631744,1.232193,4
16238001974239,-7.764038,-1.841278,3.581848,1
16238031911984,-9.024841,-1.166840,2.579712,1
16238031911984,0.246719,0.549149,0.345306,4
16238061880245,-11.072754,-0.922455,1.776733,1
16238091848507,-10.852173,-0.855011,1.663269,1
16238091848507,-0.498123,-0.824097,-0.386703,4
16238121816769,-9.909546,-0.632050,1.563293,1
16238121816769,-1.056747,-1.265228,-0.517014,4
16238151785030,-8.586060,-0.836761,1.219727,1
16238151785030,-1.847153,-1.420105,-0.543015,4
16238181722775,-7.591064,-1.523895,1.026917,1
16238181722775,-2.705917,-1.170517,-0.513809,4
16238211721554,-3.127106,-0.711945,-0.450439,4
16238271627560,-6.989624,-3.234589,0.442139,1
16238241659298,-2.906006,-0.374420,-0.325119,4
16238361501827,1.310913,0.554138,0.738724,4
16238361501827,-7.433167,-2.721222,2.397217,1
16238391531124,-7.844971,-1.961090,3.266846,1
16238391531124,1.782669,0.802643,0.911758,4
16238421438351,-9.070862,-1.142242,3.748474,1
16238421438351,1.649155,1.041199,1.057022,4
16238451406612,-10.261047,-0.994659,3.781006,1
16238451406612,0.899338,1.069321,1.142838,4
16238481344357,-11.402039,-1.716705,3.599304,1
16238481344357,0.262741,0.957520,1.210480,4
16238541280880,-14.444153,-3.209198,2.785217,1
16238511312618,0.100739,0.753510,1.256760,4
16238631155148,-8.338501,-2.879120,2.479736,1
16238631155148,0.050888,-0.697342,-0.283463,4
16238661123409,-7.710083,-2.532379,1.736267,1
16238661123409,-0.160950,-0.434937,-0.926819,4
16238691061154,-9.554077,-2.837860,1.316528,1
16238721059933,-10.991821,-3.150482,1.053101,1
16238721059933,0.040207,-0.465561,-1.446274,4
16238751028195,-11.221924,-3.231415,0.827759,1
16238751028195,0.555756,-0.738998,-1.331635,4
16238780965939,-10.218994,-2.884674,0.958679,1
16238780965939,0.957016,-0.844391,-1.116943,4
16238870840206,-8.467041,-1.882538,0.466736,1
16238870840206,0.244934,-0.331329,-1.225540,4
16238900808468,-8.736816,-1.950775,0.484192,1
16238930776730,-8.985962,-1.993622,0.373108,1
16238930776730,-0.163437,-0.177170,-1.289978,4
16238960714474,-8.813782,-2.002350,0.252502,1
16238960714474,-0.200821,-0.134094,-1.173553,4
16238990682736,-0.083694,-0.005203,-0.951385,4
16239050619259,-8.286926,-1.980927,0.950745,1
16239050619259,0.308304,0.308105,-0.241440,4
16239080557003,-8.259949,-1.791290,0.888062,1
16239110525265,-9.027222,-1.818268,0.900757,1
16239110525265,0.202209,0.714355,0.548248,4
16239140463009,-9.996826,-2.123749,1.161011,1
16239140463009,0.236389,0.847153,0.922806,4
16239170431271,-10.606995,-2.418121,1.578369,1
16239170431271,0.461044,0.954315,1.269577,4
16239200399532,-11.288574,-2.534760,1.650574,1
16239200399532,0.803909,1.096375,1.576843,4
16239230337277,-11.498840,-2.695831,2.181396,1
16239230337277,1.140366,1.081787,1.745255,4
16239260305538,-11.356018,-2.825958,3.381104,1
16239260305538,1.502457,1.094604,1.735992,4
16239350179806,0.440399,-0.070007,0.571396,4
16239380117550,-9.026428,-0.710602,2.690796,1
16239410085812,-10.587952,-1.014496,2.307556,1
16239380117550,-0.456467,-0.520752,0.037689,4
16239410085812,-1.049622,-0.850433,-0.462540,4
16239440023556,-11.918579,-1.069244,1.560913,1
16239440023556,-1.607178,-1.279816,-0.939285,4
16239469991818,-12.207397,-1.139862,1.007080,1
16239469991818,-2.212082,-1.671814,-1.333771,4
16239499960079,-11.094971,-1.561981,1.031677,1
16239499960079,-2.606216,-1.812103,-1.619308,4
16239529897823,-9.962708,-1.844452,0.927734,1
16239619772091,-1.357956,-0.701263,-1.676636,4
16239619772091,-7.331604,-1.925385,0.915833,1
16239649740353,-6.750793,-1.707184,1.181641,1
16239679708614,-6.122375,-1.389008,1.563293,1
16239679708614,-0.275955,-0.391861,-0.963486,4
16239709646359,-0.019608,-0.191406,-0.473587,4
16239739614620,-5.424133,-0.915314,2.267883,1
16239739614620,0.011734,0.062805,0.094299,4
16239769582882,-5.739929,-0.841522,1.731506,1
16239799551144,-0.420853,0.793747,1.387070,4
16239829488888,-11.208435,-1.823029,1.986206,1
16239829488888,-0.301941,1.359131,2.218430,4
16239859457150,-14.825806,-3.369476,3.027222,1
16239889394894,-13.426147,-3.769379,3.483459,1
16239889394894,1.481094,1.474136,3.340302,4
16239919363155,-11.426636,-3.578949,2.488464,1
16239919363155,2.332748,1.008789,3.121338,4
16239949331417,-9.187500,-2.304657,2.090149,1
16239949331417,2.374405,0.387863,2.406418,4
16240009237423,-12.659668,0.428009,2.559082,1
16239979269161,1.534149,0.237610,1.629181,4
16240009237423,0.116760,-0.225952,0.730896,4
16240039205685,-13.698303,-0.056000,2.086182,1
16240039205685,-1.686218,-0.879990,-0.085861,4
16240069143429,-13.367432,-0.698700,1.135620,1
16240099111691,-12.042358,-1.369171,0.069214,1
16240099111691,-4.719666,-1.671463,-1.056778,4
16240129079952,-10.495911,-2.075348,-1.113831,1
16240129079952,-5.395065,-1.653656,-1.307068,4
16240159017696,-9.600098,-2.638702,-1.525635,1
16240159017696,-5.306412,-1.478485,-1.386459,4
16240188985958,-4.639557,-1.313293,-1.279648,4
16240219015255,-8.076660,-2.990997,-1.863647,1
16240248891964,-7.688660,-3.107635,-1.881897,1
16240248891964,-2.716949,-1.066559,-0.615997,4
16240278860226,-7.278442,-3.130646,-1.586731,1
16240278860226,-1.772385,-0.972565,-0.171661,4
16240308828487,-7.209412,-2.745026,-1.019409,1
16240338766232,-7.864014,-2.505402,-0.524292,1
16240308828487,-0.999069,-0.734375,0.286560,4
16240338766232,-0.525894,-0.419281,0.754745,4
16240368734493,-9.094666,-2.177704,0.029541,1
16240368734493,-0.335770,-0.124115,1.215469,4
16240398702755,-9.954773,-1.867462,0.246155,1
16240428671017,-10.810120,-1.787323,0.217590,1
16240428671017,-0.921097,0.210907,1.883392,4
16240458608761,-11.606750,-2.055511,0.149353,1
16240488577023,-11.135437,-2.397491,0.198547,1
16240488577023,-1.712570,0.233704,2.103775,4
16240518545284,-10.282471,-2.677582,0.426270,1
16240518545284,-1.814041,0.288528,2.024734,4
16240548513546,-1.697968,0.491470,1.894791,4
16240578451290,-10.470520,-2.892609,1.703735,1
16240578451290,-1.549500,0.598999,1.737411,4
16240608419552,-10.114258,-2.573639,1.835449,1
16240608419552,-1.587952,0.506775,1.569366,4
16240638357296,-9.672302,-2.527618,1.622803,1
16240638357296,-1.846085,0.331604,1.405228,4
16240668325558,-9.383484,-2.968781,1.731506,1
16240758230343,-2.014130,-0.240189,0.321457,4
16240788137570,-9.838928,-3.213959,1.617249,1
16240788137570,-2.019821,-0.303207,-0.119324,4
16240818136349,-9.731812,-2.748199,1.576782,1
16240848074093,-2.127701,-0.342377,-1.049652,4
16240907980099,-10.427673,-2.027740,1.828308,1
16240907980099,-2.041901,-0.391510,-1.594040,4
16240937948361,-10.065063,-1.942047,1.769592,1
16240937948361,-1.870651,-0.502228,-1.697281,4
16240967916622,-9.803223,-1.853973,2.025085,1
16241027822628,-1.000137,-0.549591,-1.334122,4
16241117696896,-8.129822,-1.197784,1.583130,1
16241057790890,-0.824600,-0.566315,-1.072083,4
16241117696896,-0.607773,-0.349136,-0.402023,4
16241147665157,-8.672546,-1.358856,1.585510,1
16241147665157,-0.640182,-0.174316,0.059769,4
16241177633419,-0.924301,-0.095993,0.523682,4
16241207571163,-8.692383,-1.422333,1.702942,1
16241207571163,-1.673752,-0.041168,0.859421,4
16241237539425,-9.008972,-1.969025,1.419678,1
16241267507687,-4.151428,-0.107742,0.891113,4
16241297445431,-9.001831,-5.338837,-0.318787,1
16241297445431,-4.318771,-0.355194,0.613754,4
16241357351437,-8.659851,-5.973602,-1.143982,1
16241357351437,-3.446121,-0.606903,0.150192,4
16241387289181,-8.603516,-6.267975,-1.157471,1
16241417257443,-8.278992,-6.375885,-1.620056,1
16241477163448,-1.833618,-0.642151,0.299728,4
16241507131710,-7.709290,-5.913300,-1.589111,1
16241507131710,-0.910416,-0.579849,0.479538,4
16241537069454,-7.851318,-5.701447,-1.289185,1
16241537069454,-0.065170,-0.480865,0.707748,4
16241567037716,-8.563843,-5.448334,-0.947205,1
16241626974239,2.013016,0.012604,1.118622,4
16241656942501,-10.333252,-4.130402,0.710327,1
16241686910763,-10.215820,-3.287750,1.319702,1
16241656942501,2.123032,0.136139,0.943451,4
16241716848507,0.964127,0.385010,0.197556,4
16241746816769,0.165543,0.433441,-0.176285,4
16241776785030,-0.272034,0.393555,-0.377808,4
16241716848507,-10.090454,-2.654572,1.770386,1
16241746816769,-9.703247,-2.505402,1.650574,1
16241806722775,-9.003418,-3.140167,1.047546,1
16241836691036,-0.164154,0.167831,-0.272781,4
16241836691036,-8.928833,-2.778351,1.752136,1
16241866659298,-8.947083,-3.221100,1.792603,1
16241866659298,-0.162018,0.129379,-0.110062,4
16241926565304,-9.746887,-3.856659,1.528381,1
16241926565304,0.619492,0.120834,0.334625,4
16241956533566,-10.197571,-3.924103,1.262573,1
16241956533566,1.143570,0.059235,0.453903,4
16241986471310,-10.552246,-3.506744,0.976929,1
16242016439571,1.683334,-0.228439,0.290115,4
16242046468868,-10.155518,-2.010284,1.339539,1
16242046468868,1.193771,-0.382248,0.003510,4
16242076345577,-9.849243,-1.734161,1.333191,1
16242076345577,0.395187,-0.452026,-0.343628,4
16242106313839,-9.741333,-2.033295,1.067383,1
16242106313839,-0.306564,-0.466980,-0.622055,4
16242136282101,-9.558838,-2.317352,0.815857,1
16242136282101,-0.688950,-0.469116,-0.760910,4
16242196218624,-9.368408,-2.967987,0.395325,1
16242196218624,-0.474625,-0.389374,-0.652664,4
16242226186886,-9.111328,-3.033844,0.308044,1
16242226186886,-0.051285,-0.341660,-0.484619,4
16242256155148,-8.928040,-2.904510,0.400085,1
16242256155148,0.382004,-0.235199,-0.306244,4
16242316061154,0.844147,-0.008408,-0.066269,4
16242375967159,-9.746887,-2.349091,0.876160,1
16242405935421,-9.735779,-2.094391,0.957092,1
16242435903683,-9.527100,-1.968231,1.143555,1
16242465871945,-9.345398,-2.073761,1.374451,1
16242435903683,0.364563,-0.088867,-0.189819,4
16242465871945,0.046265,-0.010544,-0.272064,4
16242495840206,-9.224792,-2.284027,1.406189,1
16242525777950,-9.154175,-2.330841,1.499817,1
16242615682736,-9.162109,-2.188812,1.915588,1
16242645620480,-9.243835,-2.151520,1.942566,1
16242825399532,-9.516785,-2.330048,1.897339,1
16242495840206,-0.079422,0.066360,-0.295914,4
16242555746212,0.135269,0.125107,-0.161331,4
16242585714474,0.275558,0.151093,-0.046341,4
16242615682736,0.383789,0.163208,0.082199,4
16242675588741,0.426514,0.143616,0.325363,4
16242705557003,0.377380,0.115494,0.410461,4
16242795431271,0.264511,0.027557,0.433243,4
16242825399532,0.216812,-0.010895,0.393723,4
16242855367794,0.140976,-0.067154,0.338898,4
16242885305538,0.027756,-0.108093,0.266266,4
16242975179806,-0.281647,-0.169342,0.074356,4
16243005178585,-0.295532,-0.154739,0.035202,4
16243095022335,-0.450409,-0.146194,-0.077667,4
16243124960079,-0.506302,-0.142273,-0.085144,4
16243154928341,-0.539780,-0.126617,-0.063431,4
16243184866085,-0.526245,-0.101334,-0.012512,4
16243214864864,-0.484589,-0.066437,0.055496,4
16243244802609,-0.438309,-0.016953,0.133820,4
16243274770870,-0.393082,0.028259,0.218918,4
16243304739132,-0.361038,0.049271,0.293320,4
16243334707394,-0.333633,0.047134,0.339966,4
16243364645138,-0.309067,0.040375,0.362396,4
16243394613400,-0.300156,0.032532,0.364182,4
16243424581661,-0.307999,0.001923,0.345306,4
16243484487667,-0.376709,-0.074982,0.276230,4
16242855367794,-9.539001,-2.293549,1.833069,1
16243035085812,-9.460449,-2.082489,1.429993,1
16243065054073,-9.402527,-1.976959,1.457764,1
16243095022335,-9.352539,-1.946808,1.519653,1
16243184866085,-9.066101,-1.965851,1.660095,1
16243214864864,-8.994690,-1.969025,1.702148,1
16243244802609,-8.920105,-1.972992,1.741821,1
16243274770870,-9.020874,-1.995209,1.882263,1
16243304739132,-9.179565,-2.037262,1.925903,1
16243334707394,-9.236694,-2.081696,2.018738,1
16243364645138,-9.252563,-2.150726,2.046509,1
16243514455929,-9.300964,-2.320526,2.077454,1
16243514455929,-0.375641,-0.112015,0.218918,4
16243544424191,-0.361404,-0.147614,0.145920,4
16243574361935,-0.387039,-0.186066,0.057632,4
16243544424191,-9.178772,-2.277679,2.088562,1
16243604330196,-9.237488,-2.088837,2.145691,1
16243604330196,-0.448624,-0.235916,-0.030319,4
16243634267941,-9.397766,-2.054718,2.102051,1
16243664266720,-9.326355,-1.971405,2.125061,1
16243634267941,-0.524460,-0.277222,-0.094757,4
16243664266720,-0.577164,-0.328842,-0.155289,4
16243694204464,-0.638397,-0.321365,-0.214035,4
16243724172726,-9.407288,-1.949982,1.929871,1
16243754140987,-9.655640,-2.021393,1.920349,1
16243724172726,-0.689316,-0.266541,-0.257462,4
16243754140987,-0.662247,-0.219177,-0.273483,4
16243784078732,-9.712769,-2.043610,1.857666,1
16243784078732,-0.535141,-0.151886,-0.239670,4
16243814046993,-9.642151,-2.091217,1.888611,1
16243814046993,-0.341812,-0.052551,-0.149582,4
16243844015255,-9.590576,-2.071381,2.023499,1
16243844015255,-0.123917,0.054260,-0.015717,4
16243874044552,0.020981,0.119415,0.109253,4
16243963857784,-8.839966,-2.057098,2.493225,1
16243993826046,-9.780212,-2.198334,2.414673,1
16243903921261,0.070480,0.164978,0.189362,4
16243933889523,0.083649,0.197021,0.224609,4
16243963857784,0.084366,0.229065,0.233505,4
16243993826046,0.160202,0.312744,0.283005,4
16244053732052,-9.811157,-2.108673,2.566223,1
16244083669796,-8.259949,-2.116608,2.116333,1
16244023763790,0.318634,0.305618,0.376633,4
16244053732052,0.352814,0.054611,0.379135,4
16244083669796,0.289444,0.001556,0.268051,4
16244113638058,0.256683,0.067429,0.113525,4
16251173060947,-8.781250,-1.911896,1.157043,1
16251203334385,-8.718567,-1.858734,1.293518,1
16251233607822,-8.848694,-1.890472,1.380005,1
16251293178135,-9.124817,-2.019806,1.561707,1
16251323451572,-9.250183,-2.095978,1.670410,1
16251352748447,-9.282715,-2.133270,1.732300,1
16251383021885,-9.444580,-2.202301,1.742615,1
16251363429600,-0.023880,0.272858,0.612686,4
16251393367344,-0.089386,0.278564,0.663605,4
16251443568760,-9.661987,-2.394318,1.910034,1
16251423335606,-0.155258,0.270020,0.685318,4
16251453303867,-0.212570,0.269653,0.676071,4
16251472865635,-9.635803,-2.518890,1.867981,1
16251483241611,-0.273819,0.226929,0.625504,4
16251503139072,-9.604858,-2.556183,1.827515,1
16251533412510,-9.835754,-2.710114,1.810852,1
16251543147617,-0.351074,0.178162,0.480957,4
16251573115879,-0.337189,0.135071,0.406906,4
16251592982822,-10.080139,-2.783112,1.830688,1
16251603084141,-0.343597,0.103394,0.313263,4
16251623256260,-10.077759,-2.861664,1.884644,1
16251652553135,-9.800049,-2.814056,1.929871,1
16251662990147,-0.310135,0.012955,0.054062,4
16251682826572,-9.346985,-2.754547,1.800537,1
16251692927891,-0.277725,-0.041519,-0.093689,4
16251713100010,-9.208130,-2.707733,1.816406,1
16251722896152,-0.199753,-0.061096,-0.205841,4
16251742396885,-9.485840,-2.574432,1.900513,1
16251772670322,-9.495361,-2.351471,1.841003,1
16251752833897,-0.123566,-0.106674,-0.272415,4
16251782771641,-0.123917,-0.183929,-0.311935,4
16251832240635,-9.749268,-2.212616,1.668030,1
16251862514072,-9.763550,-2.175323,1.578369,1
16251892787510,-9.568359,-2.261810,1.471252,1
16251922084385,-9.496948,-2.328461,1.326843,1
16251842677647,-0.205093,-0.251938,-0.322617,4
16251872645908,-0.271317,-0.292175,-0.331528,4
16251902583652,-0.277374,-0.304993,-0.342911,4
16251932521397,-0.207230,-0.282913,-0.342209,4
16251952357822,-9.462036,-2.305450,1.311768,1
16252022395664,0.138474,-0.196045,-0.269211,4
16252042201572,-9.400940,-2.057892,1.283997,1
16252052333408,0.131363,-0.180023,-0.227921,4
16252072475010,-9.274780,-2.047577,1.313354,1
16252082271152,0.101089,-0.143707,-0.169876,4
16252101771885,-9.223999,-2.069000,1.376831,1
16252112239414,0.098251,-0.101334,-0.091202,4
16252132045322,-9.131958,-2.115814,1.376038,1
16252142177158,0.098953,-0.065369,-0.012161,4
16252162318760,-9.204163,-2.170563,1.439514,1
16252172145420,0.108932,-0.029419,0.054428,4
16252202083164,0.114975,-0.000931,0.098221,4
16252221889072,-9.615173,-2.859283,1.775940,1
16252232051426,0.131363,0.041794,0.078278,4
16252252162510,-9.875427,-3.170319,1.771179,1
16252261989170,0.200424,0.017944,-0.081223,4
16252281459385,-9.761169,-3.181427,1.793396,1
16252321895176,0.062286,0.084167,-0.520935,4
16252311732822,-9.915894,-3.417877,1.788635,1
16252342006260,-9.647705,-3.286163,1.869568,1
16252351863438,-0.178040,0.129379,-0.727432,4
16252371303135,-9.326355,-3.540863,1.268921,1
16252381801182,-0.309418,0.240463,-0.828552,4
16252411769444,-0.442581,0.248657,-1.003372,4
16252501613194,-1.043564,0.563034,-1.252945,4
16252521693760,-9.007385,-5.392792,0.741272,1
16252531550938,-0.649429,0.487198,-1.138306,4
16252550990635,-8.506714,-4.935760,0.390564,1
16252561519199,-0.430115,0.458359,-1.015823,4
16252581264072,-8.248047,-4.688202,0.483398,1
16252591456944,-0.457169,0.385376,-0.848129,4
16252621425205,-0.463577,0.381454,-0.716400,4
16252640834385,-8.088562,-5.326141,0.810303,1
16252651362949,0.021347,0.069565,-0.436554,4
16252671107822,-7.967163,-4.765167,1.875122,1
16252701381260,-7.772766,-5.253937,1.219727,1
16252760951572,-7.406189,-6.355255,-0.217224,1
16252741237217,-0.349655,0.048920,-0.526276,4
16252771174961,-0.277725,0.020432,-0.418396,4
16252791225010,-7.068970,-6.234650,0.447693,1
16252801143223,-0.102921,0.235840,-0.357864,4
16252831080967,0.004608,0.267517,-0.180923,4
16252850795322,-6.980103,-6.095795,0.045410,1
16252891017490,-0.067673,0.270721,-0.102585,4
16252910365635,-7.543457,-5.883942,0.435791,1
16252920955235,-0.526596,0.151459,-0.274200,4
16252940639072,-7.511719,-6.623444,-0.194214,1
16252950892979,-0.644455,0.126526,-0.256393,4
16252980861240,-0.279160,-0.010544,-0.082657,4
16252970912510,-7.533936,-6.333038,-0.167236,1
16253000209385,-7.272888,-5.753021,-0.542542,1
16253010829502,-0.138870,-0.171112,0.116730,4
16253030482822,-7.003906,-5.124603,-0.541748,1
16253040767246,-0.000732,-0.424973,0.313263,4
16253090053135,-7.424438,-4.379547,1.097534,1
16253120326572,-7.954468,-4.091522,1.932251,1
16253130641514,-0.257797,-0.321365,0.643661,4
16253150600010,-8.381348,-3.771759,1.031677,1
16253160609776,-1.653824,0.158936,0.345306,4
16253179896885,-8.502747,-5.146027,-0.642517,1
16253210170322,-8.679688,-7.063812,-2.064392,1
16253240443760,-8.555908,-7.166168,-2.271484,1
16253269740635,-8.134583,-6.564728,-2.179443,1
16253190547520,-2.779617,0.346558,0.144501,4
16253220515781,-2.476624,0.263611,0.142365,4
16253330287510,-7.625977,-5.042084,-0.940857,1
16253340419346,0.545792,-0.586258,0.739441,4
16253360560947,-7.161011,-5.003998,-0.979736,1
16253370326572,1.001511,-0.683456,1.055954,4
16253389857822,-7.052307,-5.070648,-0.793274,1
16253420131260,-7.709290,-5.068268,-0.431458,1
16253450404697,-8.703491,-4.631866,0.130310,1
16253400294834,1.601089,-0.670990,1.512756,4
16253460231358,3.289780,-0.475891,2.305298,4
16253479701572,-9.735779,-3.896332,0.865845,1
16253490169102,4.004700,-0.207428,2.347305,4
16253509975010,-10.584778,-3.085419,1.645813,1
16253550105625,3.451065,0.515686,1.395615,4
16253569545322,-11.787659,-1.492157,2.101257,1
16253580073887,2.222015,0.555557,0.656845,4
16253610011631,0.947754,0.352615,-0.076599,4
16253599818760,-11.421082,-0.994659,1.749756,1
16253719935947,-9.265259,-2.332428,1.247498,1
16253699885899,-0.650497,-0.331696,-1.150406,4
16253729854160,-0.637680,-0.422119,-1.078140,4
16253749232822,-8.855042,-2.653778,1.314941,1
16253839076572,-8.943909,-2.402252,1.113403,1
16253849666172,0.155930,0.027191,-0.143890,4
16253869350010,-9.308899,-2.429230,0.978516,1
16253879634434,0.255264,0.103745,-0.075180,4
16253899623447,-9.538208,-2.450653,1.056274,1
16253928920322,-9.676270,-2.355438,1.051514,1
16253939540440,0.491669,0.111572,-0.086212,4
16253959193760,-9.636597,-2.139618,1.141174,1
16253969508701,0.529404,0.067780,-0.109360,4
16253989467197,-9.407288,-1.972992,1.300659,1
16253999476963,0.426865,0.056396,-0.093689,4
16254018764072,-9.323181,-1.942047,1.371277,1
16254029414707,0.264511,0.068146,-0.031738,4
16254049037510,-9.273987,-2.034882,1.379211,1
16254059382969,0.139542,0.061737,0.056198,4
16254079310947,-9.298584,-2.156281,1.305420,1
16254089320713,0.062637,0.041077,0.149124,4
16254138881260,-9.393799,-2.280853,1.271301,1
16254119288975,-0.020676,0.018646,0.218552,4
16254149257236,-0.122849,0.000137,0.250244,4
16254169154697,-9.399353,-2.396698,1.194336,1
16254179194981,-0.208298,-0.009827,0.245255,4
16254209193760,-0.241058,-0.006271,0.224609,4
16254228725010,-9.509644,-2.576019,1.095947,1
16254269069248,-0.222900,0.028625,0.176193,4
16254258998447,-9.555664,-2.647430,1.112610,1
16254289271885,-9.562012,-2.658539,1.118958,1
16254299037510,-0.200470,0.049988,0.154831,4
16254318568760,-9.469971,-2.626801,1.164185,1
16254328975254,-0.184799,0.063507,0.130966,4
16254348842197,-9.385864,-2.610931,1.194336,1
16254358943516,-0.195480,0.082031,0.100708,4
16254379115635,-9.366028,-2.599030,1.243530,1
16254408412510,-9.385071,-2.472870,1.335571,1
16254418849522,-0.294815,0.100189,0.032349,4
16254438685947,-9.425537,-2.502228,1.457764,1
16254508723789,-0.571823,0.086655,-0.037796,4
16254528529697,-9.512024,-2.655365,1.797363,1
16254538661533,-0.453964,0.085938,-0.007172,4
16254588100010,-9.347778,-2.687103,1.826721,1
16254598567539,0.005676,0.083801,0.054062,4
16254618373447,-9.398560,-2.648224,1.641846,1
16254628535801,0.243515,0.115494,0.040176,4
16254648646885,-9.433472,-2.545868,1.574402,1
16254677943760,-9.348572,-2.426056,1.511719,1
16254658504063,0.441467,0.131866,0.013123,4
16254688441807,0.527985,0.152878,-0.001480,4
16254708217197,-9.221619,-2.365753,1.451416,1
16254718410069,0.531189,0.143265,-0.017136,4
16254738490635,-9.085938,-2.320526,1.456177,1
16254767787510,-8.943115,-2.207062,1.422852,1
16254778316074,0.394470,0.068848,-0.045273,4
16254798060947,-8.719360,-2.159454,1.402222,1
16254838222080,0.192947,-0.076416,-0.010727,4
16254857631260,-8.955811,-2.314178,1.239563,1
16254887904697,-9.631042,-2.343536,1.123718,1
16254898128086,0.076889,-0.125549,0.257370,4
16254918178135,-10.264221,-2.345123,0.976929,1
16254987971836,-0.867691,-0.257278,0.355270,4
16255008021885,-9.999207,-2.715668,0.277100,1
16255017940098,-1.227280,-0.234497,0.183670,4
16255037318760,-9.478699,-2.966400,0.107300,1
16255047908360,-1.363297,-0.122345,-0.011444,4
16255107814365,-0.828171,0.287811,-0.186966,4
16255137782627,-0.106827,0.464767,-0.080521,4
16255067592197,-8.994690,-3.134613,0.050171,1
16255097865635,-8.724121,-3.397247,-0.048218,1
16255187709385,-9.151794,-2.933075,0.940430,1
16255167781406,0.707779,0.593292,0.120285,4
16255277553135,-10.087280,-1.573883,1.649780,1
16255287562901,0.377731,0.398895,0.594894,4
16255306850010,-10.372131,-1.822235,1.837036,1
16255337123447,-10.613342,-2.232452,1.646606,1
16255347468906,-0.561844,0.165695,0.403336,4
16255367396885,-10.665710,-2.457001,1.523621,1
16255377406651,-0.620590,0.023987,0.258438,4
16255396693760,-10.829956,-2.387970,1.613281,1
16255407374912,-0.557220,-0.041168,0.128479,4
16255457240635,-11.494080,-2.067413,1.422058,1
16255437312656,-0.540848,-0.144775,0.038757,4
16255497249180,-0.526596,-0.381531,0.000305,4
16255516810947,-11.148132,-2.222931,1.533142,1
16255527186924,-0.444351,-0.500809,-0.005386,4
16255547084385,-9.805603,-2.312592,1.605347,1
16255557155186,-0.293045,-0.650345,-0.116470,4
16255577357822,-8.048889,-2.275299,1.633911,1
16255587092930,-0.140656,-0.772110,-0.351105,4
16255606654697,-7.343506,-1.945221,1.569641,1
16255617061192,-0.109680,-0.759293,-0.592850,4
16255636928135,-8.445618,-1.206512,0.893616,1
16255647029453,-0.374222,-0.791687,-0.762680,4
16255667201572,-10.211853,-0.931183,0.377869,1
16255676967197,-0.811783,-1.080078,-0.863449,4
16255696498447,-10.953735,-0.983551,0.398499,1
16255706935459,-1.158569,-1.386627,-0.918274,4
16255726771885,-10.810913,-1.198578,0.622253,1
16255736873203,-1.448029,-1.341766,-0.874481,4
16255757045322,-10.108704,-1.462006,0.592896,1
16255786342197,-9.055786,-1.542938,0.353271,1
16255816615635,-8.321838,-1.697662,0.469116,1
16255766841465,-1.697617,-1.201141,-0.839233,4
16255826716953,-1.571930,-0.646790,-0.839233,4
16255846889072,-7.767212,-2.110260,0.832520,1
16255886622959,-0.364609,-0.115936,-0.523788,4
16255936732822,-7.131653,-1.369171,1.590271,1
16255916591221,0.199005,0.010468,-0.249985,4
16255946559483,0.410492,0.132935,0.054428,4
16255966029697,-7.075317,-0.809784,2.108398,1
16255996303135,-7.167358,-0.705841,2.318665,1
16256006465488,-0.275238,0.385376,0.668228,4
16256026576572,-7.468079,-0.918488,2.294861,1
16256036403233,-0.703552,0.509979,0.965881,4
16256145717197,-10.783936,-2.420502,2.269470,1
16256156245762,-0.195480,0.999542,2.279312,4
16256186214024,0.263092,1.117386,2.429550,4
16256235560947,-15.347900,-5.860931,2.996277,1
16256216151768,1.407043,1.288284,2.487228,4
16256246089512,2.914154,1.224548,2.330933,4
16256265834385,-14.224365,-5.050018,2.900269,1
16256276057774,3.581726,0.671265,1.735992,4
16256296107822,-11.126709,-2.951324,2.516235,1
16256305995518,3.030579,-0.020157,0.807800,4
16256335933262,1.925797,-0.324570,-0.095474,4
16256355678135,-8.635254,-0.486847,1.681519,1
16256365901524,0.914291,-0.484787,-0.805771,4
16256445521885,-11.980469,-3.002106,1.838623,1
16256455775791,-0.199753,-1.567505,-1.323807,4
16256475795322,-11.576599,-3.278229,1.225281,1
16256485713535,-0.241058,-1.786819,-1.169281,4
16256505092197,-10.910095,-2.817230,0.746033,1
16256515712315,-0.363541,-1.637283,-1.084549,4
16256545650059,-0.817123,-1.459625,-1.228027,4
16256575587803,-1.282471,-1.179062,-1.531021,4
16256594935947,-9.393005,-2.140411,-0.398132,1
16256605556065,-1.503922,-0.880707,-1.834000,4
16256625209385,-9.370789,-2.574432,-0.729004,1
16256635493809,-1.273575,-0.638596,-2.013443,4
16256655482822,-9.366821,-2.824371,-0.838501,1
16256665462070,-0.564697,-0.479446,-2.024124,4
16256684779697,-8.943909,-2.689484,-0.513184,1
16256695430332,0.283737,-0.398987,-1.888474,4
16256725416133,0.910721,-0.241974,-1.611832,4
16256715070674,-8.473389,-2.191193,0.043030,1
16256745344111,-8.377380,-1.673065,0.425476,1
16256774640986,-8.443237,-1.094635,0.763489,1
16256755353877,1.140015,-0.049347,-1.211288,4
16256785291621,1.008987,0.143982,-0.717819,4
16256804914424,-8.419434,-0.750275,1.012634,1
16256835187861,-8.661438,-0.850250,1.253052,1
16256815259883,0.614502,0.350128,-0.146744,4
16256865461299,-9.304138,-1.245392,1.296692,1
16256875165889,-0.086182,0.748169,1.142120,4
16256894758174,-10.101563,-1.553253,1.140381,1
16256905134150,-0.101852,0.888092,1.729233,4
16256925031611,-11.313171,-2.000763,1.652161,1
16256965040156,0.605957,1.137329,2.470505,4
16256995069453,1.217636,1.166168,2.352646,4
16257024946162,1.552307,1.141953,1.935730,4
16257054883906,1.483231,1.121307,1.480362,4
16256955305049,-11.394897,-2.895782,2.897095,1
16256984601924,-10.188049,-3.340118,3.879395,1
16257014875361,-8.860596,-3.028290,3.536621,1
16257045148799,-9.559631,-1.519135,2.203613,1
16257074445674,-11.397278,0.225677,0.981689,1
16257084852168,0.795013,0.380386,0.851593,4
16257114789912,-0.374222,-0.577713,0.155899,4
16257134992549,-10.459412,0.147919,1.080872,1
16257144758174,-1.568726,-1.058716,-0.355728,4
16257164289424,-9.511230,-0.587616,1.271301,1
16257264570186,-3.462143,-0.448822,-0.516312,4
16257284406611,-7.524414,-3.487701,0.294556,1
16257294507930,-2.317123,-0.212418,-0.268143,4
16257343976924,-7.474426,-2.866425,1.360168,1
16257324476191,-1.171387,-0.006622,-0.047409,4
16257354413936,-0.400925,0.209488,0.130264,4
16257374250361,-7.476013,-2.507782,1.553772,1
16257384351680,0.081161,0.387863,0.308640,4
16257404523799,-7.660095,-2.326874,1.972717,1
16257414319941,0.387344,0.623917,0.508728,4
16257433820674,-8.402771,-2.258636,2.760620,1
16257444288203,0.646545,0.880981,0.739792,4
16257523664424,-11.494080,-2.408600,2.509888,1
16257564100215,1.263916,0.977463,1.387070,4
16257553937861,-13.262695,-3.053680,2.538452,1
16257584211299,-13.745117,-3.394867,3.046265,1
16257594037959,1.711105,0.551285,1.241104,4
16257643781611,-10.272949,-2.529999,2.459900,1
16257653943965,1.484299,-0.427826,0.182602,4
16257674055049,-8.727295,-1.592133,1.345093,1
16257703351924,-9.782593,-1.423920,0.944397,1
16257733625361,-11.110840,-1.830963,1.097534,1
16257763898799,-11.963013,-2.305450,1.310974,1
16257713849971,0.838806,-0.663162,-0.838165,4
16257773755977,0.579254,-1.255615,-1.139374,4
16257793195674,-11.969360,-2.670441,1.307007,1
16257803693721,0.395187,-1.508759,-1.043961,4
16257833661983,0.120316,-1.427216,-0.959579,4
16257823469111,-10.303101,-2.602203,1.112610,1
16257853742549,-9.218445,-2.157867,0.587341,1
16257863599727,-0.277023,-1.110703,-0.977020,4
16257883039424,-8.493225,-1.972198,0.177917,1
16257953443477,-0.593536,-0.408951,-1.244049,4
16257972883174,-8.001282,-2.712494,-0.479065,1
16257983381221,-0.063751,-0.314957,-1.119431,4
16258003156611,-8.158386,-2.640289,-0.310852,1
16258033430049,-8.305969,-2.118988,0.026367,1
16258043287227,0.948471,-0.161499,-0.623474,4
16258062726924,-8.489258,-1.736542,0.459595,1
16258073255488,0.919983,-0.025146,-0.327255,4
16258093000361,-8.740784,-1.336639,0.618286,1
16258103223750,0.581390,0.148254,-0.043137,4
16258123273799,-9.198608,-1.050995,0.604797,1
16258133161494,0.025253,0.342285,0.234222,4
16258193067500,-0.325439,0.679459,0.850174,4
16258242414424,-11.523438,-3.156036,2.517029,1
16258223035762,0.032379,0.778076,1.103317,4
16258272687861,-10.402283,-3.216339,3.823853,1
16258282911250,1.408829,0.911591,1.083725,4
16258302961299,-8.704285,-2.144379,4.406250,1
16258372816035,-0.170563,0.209488,-0.036011,4
16258392805049,-10.576843,0.881073,0.829346,1
16258402753779,-1.075256,-0.679901,-0.412704,4
16258422101924,-10.547485,0.192352,1.017395,1
16258511945674,-7.541077,-2.466522,1.134033,1
16258522596309,-3.321503,-0.954041,-0.536240,4
16258542219111,-7.438721,-2.886261,0.960266,1
16258552534053,-2.638626,-0.457367,-0.238602,4
16258572492549,-7.132446,-3.294891,0.830933,1
16258582471797,-1.463699,-0.058609,0.125275,4
16258601789424,-7.124512,-3.236176,0.893616,1
16258632062861,-7.462524,-2.631561,1.476807,1
16258642408320,0.433640,0.505707,0.786789,4
16258662336299,-7.682312,-2.111847,1.853699,1
16258672346065,0.748016,0.659882,0.997925,4
16258721906611,-8.305176,-1.420746,1.882263,1
16258702314326,0.624832,0.794815,1.154221,4
16258732252070,0.247421,0.910172,1.280624,4
16258752180049,-9.157349,-1.711151,2.044922,1
16258762220332,-0.055557,1.037628,1.389572,4
16258781476924,-10.220581,-2.399872,2.529724,1
16258792158076,-0.071579,1.138397,1.482498,4
16258811750361,-11.221130,-3.118744,2.717773,1
16258822187373,0.258820,1.258728,1.555130,4
16258842023799,-12.463684,-3.221893,2.553528,1
16258931867549,-12.175659,-3.032257,3.239075,1
16258961164424,-9.535828,-2.261810,2.717773,1
16258991437861,-7.825134,-1.878571,1.871155,1
16258941907832,1.285278,0.141479,0.529373,4
16258971845576,0.918198,-0.288971,-0.150650,4
16259001813838,0.647964,-0.412155,-0.679016,4
16259021711299,-8.630493,-1.960297,1.264160,1
16259051008174,-10.414978,-2.527618,1.033264,1
16259091688106,1.270676,-1.292633,-0.923264,4
16259081281611,-12.212952,-3.003693,1.385559,1
16259111555049,-12.704102,-3.070343,1.505371,1
16259121625850,1.371445,-1.575684,-0.681870,4
16259141828486,-12.164551,-2.582367,1.283203,1
16259171125361,-10.938660,-1.968231,0.661133,1
16259151594111,0.921402,-1.592773,-0.565445,4
16259241468379,-1.267517,-0.946930,-1.498611,4
16259260969111,-8.912170,-2.230072,-0.291809,1
16259271406123,-1.450165,-0.725830,-1.782730,4
16259291242549,-8.755066,-2.618073,-0.873413,1
16259301374385,-1.076675,-0.625778,-1.878860,4
16259321515986,-8.347229,-2.768829,-1.231262,1
16259331312129,-0.350723,-0.569885,-1.795547,4
16259350812861,-7.904480,-2.692657,-0.861511,1
16259361280391,0.472443,-0.456299,-1.553085,4
16259381086299,-7.833862,-2.293549,-0.022827,1
16259391248652,1.033203,-0.235199,-1.175690,4
16259411359736,-7.810852,-1.830170,0.552429,1
16259421186397,1.125061,0.022919,-0.712479,4
16259440656611,-7.967957,-1.322357,0.467529,1
16259451154658,0.838455,0.276062,-0.213318,4
16259470930049,-8.473389,-1.030365,0.446899,1
16259481092402,0.282669,0.466187,0.289764,4
16259530500361,-10.900574,-1.801605,0.803955,1
16259560773799,-11.902710,-2.337982,0.971375,1
16259570966670,-0.162018,0.854630,1.614944,4
16259591047236,-12.201843,-3.120331,2.162354,1
16259680890986,-7.292725,-1.164459,3.266052,1
16259690748164,1.695786,0.249359,0.348862,4
16259710187861,-9.450928,-1.112885,3.272400,1
16259740461299,-11.612305,-1.179535,2.955017,1
16259750654170,-0.247467,-0.785995,-0.405930,4
16259770734736,-10.802185,-0.815338,3.055786,1
16259800031611,-9.864319,-0.805817,2.789185,1
16259780591914,-1.244736,-1.141678,-0.432999,4
16259840497920,-2.922745,-0.703400,-0.221146,4
16259830305049,-8.619385,-1.700043,1.675964,1
16259860578486,-8.031433,-2.223724,0.696045,1
16259870435664,-3.078323,-0.395065,-0.092621,4
16259900403926,-2.809525,-0.240540,0.055847,4
16259920148799,-7.688660,-2.634735,0.264404,1
16259930341670,-2.224899,-0.140854,0.187576,4
16259950422236,-7.413330,-3.114777,0.389771,1
16259960309932,-1.361160,0.026489,0.352066,4
16259979719111,-7.556946,-3.183014,0.884888,1
16259990278193,-0.466080,0.246521,0.510147,4
16260009992549,-7.679932,-2.701385,1.340332,1
16260040265986,-7.901306,-2.208649,1.641846,1
16260050153682,0.342850,0.684082,0.751190,4
16260069562861,-8.595581,-1.150177,3.130371,1
16260080091426,-0.405548,0.788055,0.778961,4
16260099836299,-9.555664,-1.817474,3.577087,1
16260110059688,-1.525650,0.761353,0.731247,4
16260130109736,-10.119019,-2.870392,4.012695,1
16260140027949,-2.182892,0.727524,0.765427,4
16260159406611,-10.246765,-5.303925,2.478943,1
16260189680049,-10.249146,-7.189178,1.095947,1
16260199933955,1.851028,0.628189,1.554413,4
16260229871699,3.461746,0.774170,1.714279,4
16260219953486,-10.773621,-4.675507,1.577576,1
16260249250361,-11.876526,-2.971161,2.196472,1
16260339094111,-10.076965,-1.695282,2.477356,1
16260349683711,1.309845,-0.522888,-0.289505,4
16260369367549,-8.482117,-1.339813,1.590271,1
16260379621455,0.631241,-0.715500,-0.826767,4
16260399640986,-9.335083,-1.448517,1.186401,1
16260409589717,0.084717,-0.840820,-1.202393,4
16260428937861,-10.545105,-2.108673,1.188782,1
16260439527461,-0.038834,-1.011017,-1.316681,4
16260469465205,0.080795,-1.150574,-1.157883,4
16260459211299,-12.370850,-2.779938,1.333191,1
16260489484736,-12.499390,-3.287750,1.146729,1
16260499433467,0.193314,-1.495575,-0.874832,4
16260518781611,-10.461792,-3.019562,0.862671,1
16260529371211,0.122452,-1.366333,-0.639496,4
16260559339473,-0.198334,-1.088989,-0.655518,4
16260579328486,-9.038330,-2.059479,0.146179,1
16260589307734,-0.513077,-0.878204,-0.889435,4
16260619245479,-0.701065,-0.633255,-1.166428,4
16260638898799,-8.540039,-2.467316,-0.283081,1
16260649274775,-0.671509,-0.452744,-1.331284,4
16260669172236,-8.321045,-2.791840,-0.476685,1
16260679151484,-0.177322,-0.356964,-1.338394,4
16260728742549,-8.121094,-2.271332,0.116821,1
16260759015986,-8.351990,-1.725433,0.533386,1
16260709119746,0.568924,-0.244812,-1.202042,4
16260769025752,1.162094,-0.001648,-0.652664,4
16260788312861,-8.606689,-1.054962,0.772217,1
16260798994014,0.781845,0.129730,-0.304108,4
16260818586299,-8.871704,-0.612213,0.853943,1
16260828931758,0.028458,0.282120,0.061905,4
16260878156611,-9.601685,-1.657990,0.850769,1
16260908430049,-9.831787,-2.250702,0.961060,1
16260858869502,-0.716370,0.421692,0.453903,4
16260888837764,-0.953491,0.525650,0.852661,4
16260948743770,-0.266342,0.837189,1.535187,4
16260998273799,-10.750610,-3.234589,3.232727,1
16260978681514,0.290863,1.029449,1.720322,4
16261008649775,0.942062,1.124512,1.715347,4
16261028547236,-9.791321,-3.019562,3.409668,1
16261038618037,1.349365,0.969269,1.429092,4
16261058820674,-8.996277,-1.944427,2.464661,1
16261068555781,1.327286,0.846436,1.036026,4
16261088117549,-9.961121,-0.559845,1.357788,1
16261118390986,-11.175110,0.281219,1.202271,1
16261098524043,0.882248,0.561966,0.630844,4
16261128461787,0.017426,-0.115570,0.132034,4
16261148664424,-11.092590,0.219330,1.584717,1
16261177961299,-10.172180,-0.513824,1.781494,1
16261188367793,-2.170074,-0.997833,-0.585373,4
16261208234736,-9.025635,-1.731781,1.338745,1
16261238508174,-8.291687,-2.326080,1.111816,1
16261248273799,-3.019577,-0.749680,-0.706436,4
16261267805049,-7.965576,-2.671234,1.050720,1
16261298078486,-7.863220,-3.014801,1.157837,1
16261278211543,-2.721222,-0.476593,-0.619919,4
16261308179805,-1.987427,-0.204590,-0.459335,4
16261368085811,-0.521622,0.124756,-0.098312,4
16261387922236,-7.793396,-2.284027,1.660095,1
16261398023555,-0.107895,0.247223,0.073654,4
16261418195674,-7.970337,-2.007111,2.204407,1
16261427991816,0.127792,0.386444,0.251663,4
16261477765986,-8.989136,-1.788116,3.215271,1
16261457960078,0.117111,0.524231,0.405121,4
16261487897822,-0.086533,0.668060,0.582077,4
16261508039424,-9.763550,-2.352264,3.154175,1
16261517835566,-0.025650,0.684448,0.786438,4
16261537336299,-10.614929,-2.845795,2.960571,1
16261607709834,1.910126,0.587952,1.538742,4
16261567609736,-11.689270,-4.266876,1.743408,1
16261597883174,-12.637451,-2.657745,2.422607,1
16261627180049,-12.270081,-2.380035,2.711426,1
16261637678096,1.486084,0.309891,1.349686,4
16261657453486,-10.720459,-2.864044,2.739197,1
16261667615840,1.123276,0.001205,0.916397,4
16261687726924,-9.030396,-2.907684,2.110779,1
16261697584102,0.969467,-0.202087,0.372009,4
16261717023799,-8.546387,-2.406219,1.053101,1
16261727521846,0.945618,-0.277573,-0.111130,4
16261747297236,-9.753235,-2.124542,0.550049,1
16261757490108,0.913223,-0.464844,-0.523071,4
16261806867549,-12.221680,-2.624420,0.967407,1
16261817396113,0.813522,-1.124237,-0.842438,4
16261837140986,-11.937622,-2.506989,1.003113,1
16261847333858,0.420105,-1.317917,-0.874481,4
16261867414424,-10.304688,-2.352264,0.871399,1
16261896711299,-9.035950,-2.192780,0.599243,1
16261877302119,-0.178757,-1.248840,-0.964554,4
16261907239863,-0.717789,-0.919159,-1.126205,4
16261926984736,-8.494812,-2.170563,0.256470,1
16261937208125,-1.049622,-0.621506,-1.316330,4
16261957258174,-8.257568,-2.418915,0.079529,1
16261967145869,-1.082382,-0.381531,-1.437378,4
16261986555049,-8.402771,-2.722809,0.150146,1
16262016828486,-8.447205,-2.733917,-0.022034,1
