Inicio: 31-12-1969-20:59:59:999
Fim: 19-12-2018-17:48:40:228
25077494051748,4.102127,0.267273,0.516907,4
25077524020010,-0.404724,-10.109100,3.446167,1
25077553957754,6.813721,0.308212,0.865479,4
25077553957754,-0.854614,-6.567108,6.971497,1
25077583926016,3.902039,0.298599,0.776459,4
25077613863760,0.493317,0.149414,0.410095,4
25083568301016,0.445862,-7.008270,7.260315,1
25083598238760,0.387146,-7.051910,7.362671,1
25083623202139,0.474426,-7.008270,7.395996,1
25083653689199,0.734680,-7.110626,7.436462,1
25083683626943,0.675964,-7.072540,7.407898,1
25083713564688,0.620422,-7.218536,7.668152,1
25083743502432,0.673584,-7.392303,7.833191,1
25083773470693,0.477600,-7.544647,7.753845,1
25083803408438,-0.080200,-8.484100,7.803833,1
25083833407217,-0.153198,-8.333344,7.665771,1
25083833407217,1.086487,-0.151794,0.190063,4
25083863283926,-0.171448,-6.723419,7.186523,1
25083863283926,2.086594,-0.060287,0.338181,4
25083893252188,2.395996,0.121643,0.365952,4
25083893252188,-0.242065,-5.564178,7.765747,1
25083923189932,-0.346008,-3.801117,8.012512,1
25083923189932,1.127426,0.116302,0.343872,4
25083953127676,-0.274597,-3.640839,6.815979,1
25083953127676,-0.560547,0.068237,0.215347,4
25083983095938,0.076111,-3.918549,6.374817,1
25083983095938,-1.152283,0.018753,0.030914,4
25084013033682,0.468079,-4.777069,6.262939,1
25084013033682,-1.327103,-0.019348,-0.133575,4
25084042971426,0.725159,-5.971222,6.804077,1
25084042971426,-1.201065,-0.030029,-0.331879,4
25084072939688,0.436340,-8.595184,11.660828,1
25084072939688,-0.742844,-0.171371,-0.535889,4
25084102877432,1.990723,-11.181061,8.747253,1
25084102877432,-0.514618,0.011276,-0.099747,4
25084132815176,-0.117493,-5.457062,5.770996,1
25084132815176,0.154022,0.124496,0.166931,4
25084162783438,-0.645142,-7.638275,7.674500,1
25084162783438,0.440628,-0.166031,-0.142471,4
25084192721182,0.762451,-6.880524,7.306335,1
25084222750479,0.483948,-5.933929,7.906982,1
25084222750479,0.462341,-0.029663,-0.049896,4
25084252627188,0.478394,-6.473480,8.275146,1
25084282595449,0.447449,-6.284637,7.959351,1
25084252627188,0.238403,0.016617,-0.037445,4
25084282595449,-0.027557,0.091385,-0.011444,4
25084312533193,0.199890,-6.942413,7.546753,1
25084342470938,0.105469,-6.504425,7.803040,1
25084372439199,0.253052,-6.159271,8.018066,1
25084402376943,0.527588,-6.333832,8.003784,1
25084432345205,0.546631,-6.783722,7.618164,1
25084492251211,0.295898,-6.628204,7.656250,1
25084402376943,-0.084885,-0.012573,-0.152435,4
25084432345205,-0.137573,-0.011505,-0.026398,4
25084462282949,-0.032196,0.015198,0.017029,4
25084492251211,0.090637,-0.001541,0.002075,4
25084522188955,0.133011,-0.020767,-0.014297,4
25084552157217,0.368896,-6.388580,7.944275,1
25084582125479,0.437927,-6.393341,7.902222,1
25084612063223,0.429993,-6.475861,7.857788,1
25084612063223,-0.009048,0.013412,0.002441,4
25084642031484,-0.009399,0.028366,0.009918,4
25084642031484,0.356201,-6.513153,7.851440,1
25084671969229,0.350647,-6.430634,7.838745,1
25084671969229,-0.029694,0.019470,-0.005035,4
25084701906973,0.303833,-6.730560,7.619751,1
25084701906973,0.021927,-0.011871,-0.027115,4
25084731875234,0.446655,-6.810699,7.540405,1
25084731875234,0.218460,0.007721,-0.108643,4
25084761812979,0.449829,-6.814667,7.555481,1
25084761812979,0.431732,-0.023972,-0.038147,4
25084791781240,0.572021,-6.592499,7.794312,1
25084821718984,0.824432,0.032639,0.042664,4
25084851687246,0.356201,-4.865936,9.031311,1
25084851687246,0.410004,0.108826,-0.003967,4
25084971499258,0.407776,-5.494354,8.469543,1
25084971499258,0.196030,-0.053879,0.022018,4
25085001437002,0.487915,-5.082550,8.910706,1
25085031405264,0.270508,-5.983917,8.146606,1
25085001437002,-0.182083,0.044037,0.027008,4
25085031405264,-0.600784,0.102783,0.028427,4
25085061312490,0.127686,-7.249481,7.252380,1
25085091280752,0.154663,-7.001129,7.563416,1
25085091280752,0.155441,-0.090912,0.047302,4
25085121218496,0.333984,-6.129120,8.053772,1
25085121218496,0.444183,-0.164612,0.122070,4
25085151156240,0.509338,-5.089691,8.901978,1
25085211062246,0.283997,-6.197357,8.116455,1
25085151156240,0.234833,-0.004745,0.045868,4
25085181124502,-0.299576,0.122360,0.061188,4
25085211062246,-0.525665,0.231308,0.070801,4
25085240999990,0.062622,-6.006927,8.237061,1
25085240999990,-0.641022,0.288635,0.034836,4
25085270968252,-0.280151,-6.827362,7.167480,1
25085270968252,-0.627838,0.275818,-0.169891,4
25085300905996,0.142273,-0.005814,-0.227203,4
25085330843740,0.591858,-6.644867,8.484619,1
25085330843740,0.998535,-0.200928,-0.108643,4
25085360781484,0.268921,-4.543793,8.775818,1
25085360781484,0.414642,0.041901,-0.037796,4
25085390749746,-0.386093,0.074646,-0.058807,4
25085420687490,0.285583,-6.167999,8.588562,1
25085420687490,-0.927979,0.052216,-0.068054,4
25085450625234,0.453003,-5.503082,8.605225,1
25085450625234,-1.473785,0.110962,0.041245,4
25085480562979,0.358582,-6.844818,7.999817,1
25085480562979,-1.990402,0.397583,-0.081589,4
25085510500723,0.199890,-7.899323,7.187317,1
25085510500723,-1.945892,0.396515,-0.096191,4
25085540468984,0.371277,-8.023895,6.722351,1
25085570406729,-0.470581,-6.609161,5.695618,1
25085540468984,-1.238800,0.230591,-0.155289,4
25085600374990,-0.655457,-5.416595,3.492188,1
25085600374990,-1.594131,-0.440186,-0.498154,4
25085630312734,0.620422,-14.445343,4.205505,1
25085630312734,-1.151932,-0.137543,-0.608887,4
25085660250479,-0.134155,-8.187347,4.875183,1
25085660250479,0.478363,-0.133987,0.029495,4
25085690218740,0.413330,-8.193695,4.912476,1
25085690218740,0.271515,-0.206619,-0.112564,4
25085720156484,0.729919,-8.747528,6.603333,1
25085720156484,0.499374,-0.177780,-0.044922,4
25085750094229,0.806091,-7.758087,6.231995,1
25085750094229,0.131226,-0.075241,0.020233,4
25085780062490,0.717224,-8.340485,6.073303,1
25085780062490,-0.021149,0.005219,-0.007538,4
25085839937979,0.483154,-8.460297,5.881287,1
25085810000234,-0.074554,0.003799,0.063324,4
25085839937979,-0.066376,-0.056366,0.072571,4
25085869906240,0.657715,-8.206390,6.162964,1
25085869906240,-0.142212,-0.061356,0.069366,4
25085899843984,0.631531,-8.474579,6.105835,1
25085899843984,-0.409241,-0.025757,0.082184,4
25085929781729,1.010803,-8.534882,5.751953,1
25085929781729,-0.500381,-0.065979,0.098206,4
25085959749990,0.944946,-8.661041,5.813049,1
25085959749990,-0.405319,-0.069901,0.084320,4
25086049654775,0.439514,-8.641205,5.333008,1
25085989687734,-0.166061,-0.308807,-0.021774,4
25086019625479,-0.137222,-0.436264,-0.066635,4
25086049654775,-0.159653,-0.339066,-0.087280,4
25086109469229,0.469666,-9.270416,4.458618,1
25086109469229,-0.040024,-0.157486,-0.047409,4
25086169375234,0.214172,-8.200836,4.335632,1
25086169375234,1.400513,0.344177,0.096436,4
25086199312979,0.170532,-7.556549,5.463928,1
25086259218984,0.779907,-9.133942,6.889771,1
25086259218984,0.485840,0.034058,0.207153,4
25086289156729,0.129272,-8.314301,6.985779,1
25086289156729,0.994629,-0.110840,0.234573,4
25086319094473,-0.096069,-6.622650,6.772339,1
25086319094473,1.409760,0.008423,0.243118,4
25086349032217,0.386353,-6.256073,6.877869,1
25086349032217,0.945129,0.114166,0.207870,4
25086379000479,0.497437,-6.244965,6.885803,1
25086379000479,0.411438,0.066101,0.106750,4
25086408907705,0.273682,-6.237030,6.990540,1
25086408907705,0.027985,-0.062775,-0.012161,4
25086438875967,0.277649,-6.381439,6.983398,1
25086468813711,0.495850,-7.645416,8.634583,1
25086498751455,-0.047150,-0.043198,-0.134277,4
25086528719717,0.113403,-6.780548,6.620789,1
25086528719717,-0.074921,-0.002258,0.003510,4
25086558657461,0.472046,-6.968597,6.804077,1
25086558657461,-0.060669,-0.035721,-0.110077,4
25086588595205,0.556152,-7.818390,7.639587,1
25086588595205,0.176086,-0.002960,-0.112915,4
25086648501211,0.377625,-6.835297,7.162720,1
25086648501211,0.202789,0.029785,-0.018921,4
25086678438955,0.361755,-7.161407,7.618958,1
25086678438955,0.254425,0.009491,-0.045990,4
25086708376699,0.333191,-7.220917,7.078613,1
25086798220449,-0.211990,0.280090,-0.241089,4
25086828158193,0.421265,-7.470062,7.595947,1
25086828158193,-0.048218,0.260498,-0.225067,4
25086858095938,0.542664,-7.345490,8.199768,1
25086858095938,0.172882,0.062195,0.002441,4
25086888033682,0.874329,-6.078339,7.622925,1
25086917971426,0.020569,-6.414764,7.420593,1
25086917971426,-0.133667,-0.086639,0.076492,4
25086947909170,-0.104111,-0.159622,0.034836,4
25086977846914,-0.097702,-0.113693,0.074707,4
25086947909170,-0.556274,-7.301849,7.837158,1
25087067660147,0.198166,0.313202,-0.119690,4
25087127566152,0.234802,-6.684540,7.972839,1
25087097597891,0.307114,0.291473,-0.146744,4
25087127566152,0.473022,0.166504,-0.047760,4
25087157503897,0.203064,-6.352081,8.507629,1
25087157503897,0.397186,-0.015427,0.096786,4
25087187441641,-0.015457,-0.096603,0.108185,4
25087217379385,0.144348,-5.624481,7.672913,1
25087247317794,-0.073059,-7.247101,6.568420,1
25087278415206,0.173706,-9.523529,6.121704,1
25087247317794,-0.769897,0.155472,-0.084442,4
25087278415206,-0.011536,0.062195,-0.084793,4
25087307193282,0.393494,-7.186005,7.020691,1
25087307193282,1.118881,-0.101944,0.046585,4
25087337161544,0.608521,-4.957977,9.222534,1
25087337161544,0.863251,0.131973,0.046936,4
25087367099288,0.272888,-4.606476,9.017822,1
25087426974776,-0.652405,0.035126,-0.001129,4
25087456912521,-0.019897,-7.296295,7.262695,1
25087456912521,-0.203094,-0.126511,-0.047409,4
25087486880782,0.210205,-6.829742,7.943481,1
25087486880782,-0.088806,-0.082367,-0.051331,4
25087516818526,-0.032547,-0.010086,-0.062363,4
25087516818526,0.230835,-7.175690,6.788208,1
25087546756271,0.369690,-7.218536,7.233337,1
25087546756271,0.219879,-0.013290,0.005646,4
25087606662276,0.268921,-5.892670,8.102173,1
25087606662276,-0.016174,0.000946,0.041962,4
25087636600021,-0.261124,0.050079,-0.024979,4
25087666537765,-0.112732,-7.191559,6.962769,1
25087696475509,0.107849,-7.471649,7.288879,1
25087696475509,0.198166,0.053650,-0.107574,4
25087726413253,0.346985,-0.026108,0.023804,4
25087756350997,0.313354,-5.919647,8.380676,1
25087756350997,0.104523,-0.073105,0.103195,4
25087786319259,0.257019,-6.024384,7.949036,1
25087786319259,-0.222321,0.024811,0.009201,4
25087816257003,0.041199,-7.150299,6.948486,1
25087816257003,-0.148972,0.150482,-0.075531,4
25087846194747,0.109161,0.094940,-0.066635,4
25087846194747,0.047546,-7.332001,7.551514,1
25087906070235,0.256226,-6.259247,7.708618,1
25087906070235,-0.072784,0.074646,-0.026764,4
25087936038497,0.063232,0.205673,-0.148529,4
25087936038497,0.077698,-7.248688,7.263489,1
25088025851730,0.209412,-5.730011,8.694092,1
25088055758956,-0.216614,-0.149292,0.153397,4
25088085727218,-0.681610,0.049377,-0.051682,4
25088115664962,0.041992,-7.497040,6.720764,1
25088115664962,-0.268951,0.170776,-0.149948,4
25088145602706,-0.100830,-6.672638,7.792725,1
25088145602706,0.106659,0.085327,-0.046692,4
25088175570968,-0.031479,0.004150,-0.062714,4
25088205478194,-0.130981,-7.174103,7.213501,1
25088205478194,0.000565,0.034775,-0.179504,4
25088235415939,0.071350,-6.306854,8.537781,1
25088235415939,0.222015,-0.122955,-0.131790,4
25088355166915,0.280823,-8.968109,7.834778,1
25088355166915,-1.693115,0.181824,0.020233,4
25088385135177,-0.280945,-9.133942,6.270081,1
25088385135177,-0.440567,0.411819,0.022736,4
25088415072921,-0.227783,-9.295807,5.254456,1
25088415072921,-0.051056,0.363754,0.060822,4
25088474948409,0.007080,-7.739044,4.600647,1
25088474948409,-0.166061,-0.103363,0.102127,4
25088504886153,0.115784,-7.679535,4.857727,1
25088534823898,0.153076,-6.690094,5.536133,1
25088564761642,0.187988,-6.890045,5.799561,1
25088564761642,-0.387161,-0.465454,-0.124664,4
25088594729903,0.183228,-7.834259,5.822571,1
25088594729903,-0.487213,-0.340485,-0.139618,4
25088624667648,0.326843,-8.240509,6.346252,1
25088624667648,0.067856,-0.118683,-0.208694,4
25088654574874,0.359375,-8.128632,7.512634,1
25088654574874,0.554199,0.053650,-0.232910,4
25088714480880,-0.161789,0.149063,-0.138550,4
25088744418624,0.509338,-8.657867,5.545654,1
25088744418624,0.241608,0.202469,-0.158493,4
25088774356368,0.274475,-8.649139,5.265564,1
25088834231856,0.365723,-7.395477,8.227539,1
25088834231856,1.121735,0.023743,0.092514,4
25088864200118,-0.230957,-7.341522,8.137878,1
25088864200118,0.544586,-0.137543,0.111023,4
25088924075606,0.631531,-6.962250,5.857483,1
25088924075606,-0.621078,-0.286728,0.046585,4
25088954013351,0.850525,-6.300507,6.401001,1
25088954013351,-0.080963,0.119507,-0.086212,4
25088983951095,1.169495,-8.083405,7.352356,1
25088983951095,-0.276077,0.100647,-0.150299,4
25089013888839,0.866394,-8.366669,7.096069,1
25089013888839,-0.177460,0.035126,-0.079453,4
25089133639815,0.518860,-8.227020,6.997681,1
25089133639815,0.338806,0.087830,-0.004684,4
25089163608077,0.497437,-7.133636,7.730042,1
25089163608077,0.289673,-0.046753,0.029144,4
25089193515304,0.487915,-6.582977,7.833191,1
25089193515304,-0.199173,-0.075592,-0.008240,4
25089283359054,0.253052,-9.578278,5.541687,1
25089223483565,-0.652771,0.087463,-0.074463,4
25089313296798,0.652954,-8.075470,7.013550,1
25089313296798,0.433151,-0.033585,0.017395,4
25089343234542,0.598999,-6.625824,7.507874,1
25089463016036,0.558472,0.003799,-0.062714,4
25089492953780,0.607727,-7.726349,7.372986,1
25089492953780,0.470535,0.076782,-0.042786,4
25089522891524,0.636292,-7.396271,7.101624,1
25089552829269,0.592651,-7.622406,6.711243,1
25089552829269,0.167191,-0.027527,0.013474,4
25089582797530,0.429199,-7.351837,7.130981,1
25089582797530,0.068573,-0.060287,0.004211,4
25089612704757,0.253052,-7.037628,6.445435,1
25089612704757,0.009460,0.059692,-0.031036,4
25089642673019,0.333191,-7.436737,5.961426,1
25089642673019,0.058594,0.243774,-0.074829,4
25089672610763,0.445068,-8.077850,7.146057,1
25089672610763,0.124115,0.201050,-0.060944,4
25089702579024,0.283203,-7.958038,7.476929,1
25089702579024,0.128387,0.017685,-0.006821,4
25089732486251,0.453796,-6.974945,6.758057,1
25089732486251,0.124817,0.063263,-0.016083,4
25089762423995,0.402222,-7.391510,5.718628,1
25089792361739,0.314941,-7.857269,6.536682,1
25089762423995,0.139420,0.238434,-0.077667,4
25089792361739,0.425323,0.264420,-0.103668,4
25089822299483,0.413330,-7.603363,7.787170,1
25089852237228,0.328430,-7.219330,8.443359,1
25089822299483,0.510773,0.131622,-0.009674,4
25089852237228,0.383667,-0.070251,0.050858,4
25089882205489,0.208618,-6.710724,8.294189,1
25089882205489,0.007324,-0.176712,0.024872,4
25089912143233,0.295898,-6.813080,7.372192,1
25089912143233,-0.238342,-0.153564,-0.059158,4
25089942080978,-0.014343,-7.018585,5.317139,1
25089972018722,0.093491,0.237000,-0.094406,4
25090001956466,0.442688,-8.057220,8.448120,1
25090001956466,0.321350,0.152985,-0.007889,4
25090031894210,0.110229,-6.604401,8.509216,1
25090031894210,0.109512,-0.010803,0.053711,4
25090061831954,0.320496,-6.310822,6.888977,1
25090061831954,-0.349060,-0.036072,-0.062363,4
25090091769698,-0.277145,0.060410,-0.106155,4
25090121737960,0.191162,-7.486725,6.752502,1
25090121737960,0.129089,0.127350,-0.056671,4
25090151675704,0.309387,-7.318512,7.083374,1
25090151675704,0.191757,0.101715,-0.071976,4
25090181613448,0.233414,0.049011,-0.013947,4
25090211551192,0.310181,-6.866241,7.958557,1
25090211551192,0.100616,-0.070251,0.063324,4
25090241488937,-0.236557,-0.081650,0.012405,4
25090271426681,0.257813,-7.428009,6.276428,1
25090331302169,0.265457,0.191788,-0.052399,4
25090361239913,0.149902,-7.160614,7.981567,1
25090361239913,0.076401,0.050446,0.040894,4
25090391177657,0.223694,-7.127289,7.157959,1
25090391177657,-0.107315,0.010925,0.020950,4
25090421115401,-0.033615,0.096008,-0.014297,4
25090451053146,0.109436,-7.341522,6.881042,1
25090451053146,0.094208,0.136246,-0.039932,4
25090480990890,0.248291,-7.228058,7.518982,1
25090480990890,0.105591,0.132324,-0.064499,4
25090510928634,0.091187,-7.381989,7.403137,1
25090510928634,0.036880,0.029434,-0.013947,4
25090540866378,0.165771,-7.116180,7.097656,1
25090570834640,0.129807,0.131973,-0.082306,4
25090600741866,0.057068,-7.343109,7.175415,1
25090600741866,0.172531,0.078918,-0.071259,4
25090630710128,0.237976,-6.620270,7.829224,1
25090630710128,0.114853,-0.051743,0.013824,4
25090660647872,0.169739,-7.218536,7.157959,1
25090720523360,0.082809,0.024094,-0.025696,4
25090750461105,-0.108765,-6.898773,7.537231,1
25090750461105,-0.260056,-0.054947,-0.052399,4
25090780398849,-0.372925,-0.157837,-0.046692,4
25090810367110,0.377625,-7.203461,7.167480,1
25090810367110,-0.294586,-0.047470,0.007065,4
25090900180343,0.821167,-5.910919,7.568176,1
25090840304855,-0.160721,0.067535,0.078629,4
25090900180343,0.522873,0.227386,-0.213318,4
