Inicio: 31-12-1969-20:59:59:999
Fim: 19-12-2018-15:27:59:149
16604627362615,0.849136,1.030151,1.936447,4
16604636945135,-8.773315,-1.706390,3.692139,1
16604747083074,-0.946014,-1.070114,-0.175934,4
16604756085760,-10.898987,-0.824066,1.764038,1
16604866773016,-3.626633,-0.432800,-0.504913,4
16604877179510,-7.273682,-2.595062,0.096191,1
16604986523992,0.117477,0.442337,0.054428,4
16604996320135,-7.587097,-2.645844,1.641052,1
16605106183416,0.040573,1.118103,1.091202,4
16605115460760,-9.609619,-2.238007,3.558044,1
16605236554510,-13.747498,-3.528168,3.393005,1
16605225903875,1.670151,0.587952,1.482132,4
16605384992010,-12.010620,-2.660126,1.187988,1
16605465314276,0.531906,-1.508392,-1.027222,4
16605474835760,-10.364990,-2.474457,0.841248,1
16605585004217,-0.548676,-0.494049,-1.355484,4
16605595929510,-8.475769,-2.584747,-0.418762,1
16605704724676,0.598129,-0.071075,-0.838516,4
16605715070135,-8.010803,-1.531830,0.479431,1
16605824445135,-0.089737,0.739624,0.821686,4
16605834210760,-10.157104,-2.169769,1.095154,1
16605953351385,-11.036255,-2.975922,4.184082,1
16605944165594,1.636688,1.265854,1.887665,4
16606043195135,-10.305481,0.324066,1.484741,1
16606093793279,-1.018646,-1.040924,-0.603897,4
16606183606512,-3.466766,-1.252411,-0.688980,4
16606193585760,-7.890991,-1.989655,0.732544,1
16606303296453,-1.115128,-0.024078,-0.001480,4
16606312726385,-7.140381,-3.135406,1.106262,1
16606433820135,-9.311279,-1.549286,3.130371,1
16606542706854,0.012085,0.792679,1.647339,4
16606662427313,0.273056,-0.271164,-0.479279,4
16606672101385,-8.004456,-2.433197,1.140381,1
16606782147772,0.982285,-1.183334,-0.986984,4
16606791242010,-9.948425,-2.901337,0.833313,1
16606901837713,0.195084,-0.196045,-1.038620,4
16606912335760,-8.804260,-2.482391,0.285828,1
16607021531736,0.574982,-0.150818,-0.833893,4
16607031449949,-8.543213,-1.799225,0.622253,1
16607141252195,0.202560,0.313095,0.140228,4
16607150590574,-10.081726,-2.051544,1.147522,1
16607271684324,-12.174866,-2.031708,3.354919,1
16607260972654,0.638000,0.527786,1.042068,4
16607380754148,-0.356064,-0.242325,-0.154922,4
16607390824949,-9.609619,-0.217072,0.673035,1
16607509965574,-7.860840,-2.034088,1.184814,1
16607470475828,-1.732147,-1.757980,-0.802200,4
16607560258543,-2.509018,-0.608688,-0.151367,4
16607599809324,-6.591309,-2.860077,0.579407,1
16607629106199,-6.904724,-3.237762,1.089600,1
16607660356199,-7.333191,-2.845001,1.744202,1
16607590196287,-1.871002,-0.192123,0.108902,4
16607620103513,-0.942093,0.209488,0.431473,4
16607650041258,0.081512,0.496811,0.775757,4
16607679979002,0.782913,0.707947,1.075897,4
16607709886228,1.085892,0.848938,1.331528,4
16607739823972,0.849136,0.937592,1.523087,4
16607689653074,-7.656921,-2.296722,2.077454,1
16607750199949,-8.574158,-1.177948,2.335327,1
16607769761716,0.292282,1.088547,1.655533,4
16607779496824,-9.788147,-1.362823,2.723328,1
16607799668943,-0.164871,1.191086,1.719620,4
16607808793699,-10.859314,-2.284821,3.249390,1
16607829637205,-0.226822,1.203903,1.691849,4
16607840043699,-11.248901,-2.905304,3.332703,1
16607859574949,-0.049149,1.227753,1.570435,4
16607869340574,-11.886047,-2.913239,2.524170,1
16607898637449,-12.558899,-2.722809,2.048889,1
16607889482175,0.200073,1.064697,1.340439,4
16607919419920,0.401596,0.811554,1.041367,4
16607949357664,0.466751,0.430939,0.665741,4
16607959184324,-12.473206,-3.168732,3.513611,1
16608009202634,0.322189,-0.315308,-0.300186,4
16607988481199,-10.587952,-3.228241,3.383484,1
16608019731199,-8.321045,-2.849762,2.569397,1
16608039140379,0.367416,-0.448120,-0.782623,4
16608138871824,-12.860413,-3.281403,1.226074,1
16608158860838,1.363251,-1.375244,-0.622406,4
16608168168699,-11.767029,-3.082245,1.038818,1
16608188768064,0.973740,-1.427216,-0.576477,4
16608199418699,-10.325317,-2.637115,0.688110,1
16608218705808,0.412277,-1.132416,-0.819656,4
16608228715574,-9.562805,-2.169769,0.512756,1
16608248643552,-0.046310,-0.778168,-1.250809,4
16608258012449,-9.039917,-2.224518,0.334229,1
16608278581297,-0.330429,-0.438858,-1.648148,4
16608318559324,-10.201538,-2.624420,-0.150574,1
16608308519041,-0.348587,-0.288254,-1.856796,4
16608338426267,-0.052353,-0.428177,-1.945450,4
16608368364011,0.355301,-0.475525,-1.906281,4
16608408403074,-8.728882,-1.686554,0.427063,1
16608398271238,0.654373,-0.399689,-1.751755,4
16608428208982,0.702087,-0.256210,-1.503952,4
16608458146726,0.600616,-0.081039,-1.150772,4
16608468949949,-8.727295,-1.177155,1.017395,1
16608488053953,0.352463,0.098755,-0.702866,4
16608498246824,-8.689209,-1.123993,0.991211,1
16608558793699,-9.880188,-1.607208,1.269714,1
16608577867185,0.109283,0.575134,0.919952,4
16608607774412,0.346054,0.724319,1.369980,4
16608677934324,-9.229553,-2.029327,4.660950,1
16608697557127,0.744095,0.845367,1.502075,4
16608707231199,-8.639221,-1.214447,3.606445,1
16608727525388,0.476364,0.713287,1.211197,4
16608738481199,-9.635010,-0.467804,2.239319,1
16608767778074,-11.070374,-0.122650,1.437134,1
16608787370359,-0.307281,-0.536407,0.429337,4
16608797074949,-11.394897,-0.313873,1.387146,1
16608847215330,-1.730011,-1.464966,-0.119324,4
16608826371824,-10.848999,-0.546356,1.654541,1
16608877153074,-2.715530,-1.409424,-0.261734,4
16608886918699,-8.452759,-1.752411,0.926147,1
16608916215574,-7.570435,-2.281647,0.695251,1
16608976762449,-6.872986,-3.348846,0.508789,1
16608966935789,-2.541061,-0.105606,-0.185898,4
16608996843015,-1.405304,0.185989,0.109253,4
16609006059324,-6.809509,-3.490875,0.973755,1
16609026780759,-0.220413,0.384308,0.440720,4
16609037309324,-6.815063,-2.945770,1.522827,1
16609066606199,-6.955505,-2.440338,1.875122,1
16609056749021,0.562515,0.589020,0.727341,4
16609086656248,0.947403,0.786621,0.966599,4
16609095903074,-7.315735,-1.850800,2.447205,1
16609185746824,-10.848206,-2.771210,3.146240,1
16609266221677,1.273880,0.838608,1.458633,4
16609275590574,-13.742737,-3.937592,2.555115,1
16609296159422,1.400635,0.216248,0.795700,4
16609306840574,-12.023315,-2.894196,2.526550,1
16609336137449,-9.792114,-1.628632,2.168701,1
16609326097166,0.980148,-0.297867,-0.087631,4
16609356034910,0.291214,-0.566315,-0.965988,4
16609385942136,-0.161667,-0.436005,-1.560211,4
16609396684324,-10.530029,-1.850800,1.065796,1
16609445787107,0.028458,-1.167313,-1.902359,4
16609455278074,-12.398621,-3.087799,1.216553,1
16609475724851,0.243866,-1.429352,-1.644592,4
16609515824949,-9.925415,-2.038849,1.046753,1
16609505662595,0.217163,-1.310089,-1.340530,4
16609545121824,-8.966125,-1.579437,0.498474,1
16609565507566,-0.531235,-0.720123,-1.241562,4
16609576371824,-8.517822,-1.650055,0.430237,1
16609595445310,-0.737732,-0.467697,-1.253311,4
16609605668699,-8.606689,-2.063446,0.443726,1
16609634965574,-8.713013,-2.222931,0.292969,1
16609695512449,-8.638428,-2.018219,0.397705,1
16609625383054,-0.649078,-0.339172,-1.172134,4
16609655290281,-0.290909,-0.359467,-0.993393,4
16609685228025,0.182266,-0.401825,-0.750931,4
16609715165769,0.537949,-0.321014,-0.408783,4
16609754106199,-9.661987,-1.380280,1.076111,1
16609775041258,0.491318,-0.311035,0.242050,4
16609804948484,-0.091171,-0.201736,0.493057,4
16609814653074,-10.708557,-0.601898,0.629395,1
16609834886228,-0.887985,-0.172897,0.671432,4
16609843949949,-11.154480,-0.980377,0.657959,1
16609864823972,-1.385361,-0.134094,0.812073,4
16609875199949,-10.248352,-1.634186,0.957886,1
16609904496824,-8.666992,-2.220551,1.441101,1
16609933793699,-8.470215,-2.509369,1.798950,1
16609965043699,-8.896301,-2.330841,2.128235,1
16610054887449,-9.941284,-0.881195,1.978271,1
16610084184324,-10.363403,-0.313080,1.445068,1
16610113481199,-10.691101,-0.261505,1.175293,1
16609894731199,-1.441971,-0.062531,0.913895,4
16609924668943,-1.113708,0.192749,1.003616,4
16609984513914,-0.310486,0.394623,1.110077,4
16610014451658,0.014221,0.273575,1.087296,4
16610174028074,-9.980957,-1.702423,0.887268,1
16610164079343,-3.105392,-0.799164,0.231018,4
16610193986570,-3.267029,-0.665298,0.049438,4
16610203324949,-9.158142,-2.437958,0.763489,1
16610223924314,-2.810226,-0.478378,-0.034592,4
16610234574949,-8.386902,-2.742645,0.549255,1
16610253862058,-1.988495,-0.325287,0.003510,4
16610263871824,-8.022705,-2.735504,0.720642,1
16610313707029,-0.823181,-0.107025,0.296524,4
16610293168699,-8.055237,-2.201508,1.364929,1
16610324418699,-8.050476,-1.700043,1.594238,1
16610353715574,-7.841797,-1.357269,1.676758,1
16610373552000,-1.125809,0.094849,0.579941,4
16610403489744,-1.251495,0.238678,0.755112,4
16610414262449,-9.204163,-2.058685,1.880676,1
16610443559324,-9.606445,-2.214996,2.112366,1
16610493272459,-0.944229,0.113007,1.103668,4
16610504106199,-9.452515,-2.207855,2.066345,1
16610533403074,-10.094421,-1.866669,1.679932,1
16610523210203,-0.969864,0.031464,1.040649,4
16610553117429,-1.180283,-0.160080,0.869400,4
16610562699949,-10.877563,-1.415192,1.223694,1
16610583055174,-1.698318,-0.460571,0.598450,4
16610623246824,-12.365295,-1.629425,0.387390,1
16610642900144,-2.913834,-0.806290,0.153397,4
16610652543699,-12.378784,-1.967438,0.039063,1
16610683793699,-11.248108,-2.375275,-0.164856,1
16610702775633,-3.420837,-0.955826,-0.148880,4
16610713090574,-9.909546,-2.637909,-0.345764,1
16610732713377,-3.321854,-0.802017,-0.279892,4
16610742387449,-8.774109,-2.822784,-0.326721,1
16610771684324,-8.424988,-2.936249,-0.164063,1
16610792527830,-2.274033,-0.341309,-0.358231,4
16610802934324,-8.554321,-2.936249,-0.042664,1
16610832231199,-8.755066,-2.638702,0.089050,1
16610822496091,-1.570145,-0.309616,-0.232193,4
16610852403318,-1.086288,-0.349136,-0.027115,4
16610861528074,-9.195435,-1.935699,0.200134,1
16610892778074,-10.124573,-1.410431,0.166809,1
16610912248289,-1.319855,-0.453812,0.545761,4
16610922074949,-11.083862,-1.002594,0.076355,1
16610942155515,-2.004868,-0.539978,0.815994,4
16610951371824,-11.494080,-1.000214,-0.154541,1
16610972123777,-2.811661,-0.563110,1.018570,4
16611011918699,-9.913513,-2.225311,-0.524292,1
16611032029783,-3.384521,-0.409302,1.132156,4
16611041215574,-8.648743,-2.572845,-0.388611,1
16611061906492,-2.966171,-0.083893,1.112564,4
16611072465574,-8.333740,-2.957672,-0.254517,1
16611091813718,-2.159744,0.220886,1.190536,4
16611101762449,-8.838379,-3.247284,0.073975,1
16611121751463,-1.152878,0.353333,1.393845,4
16611131059324,-9.115295,-3.090973,0.768250,1
16611151689207,-0.340042,0.414215,1.661942,4
16611162309324,-9.127197,-2.835480,1.413330,1
16611191606199,-9.348572,-2.236420,1.750549,1
16611211534177,0.032379,0.479370,2.002304,4
16611220903074,-9.758789,-1.515961,1.764832,1
16611241471922,-0.718155,0.396408,1.873428,4
16611252153074,-10.165039,-1.393768,1.885437,1
16611271409666,-1.669479,0.328049,1.513824,4
16611281449949,-10.334045,-1.922211,2.052063,1
16611301347410,-2.306442,0.350830,1.000412,4
16611341996824,-9.890503,-2.843414,1.715637,1
16611371293699,-9.654846,-2.839447,1.887024,1
16611331254636,-2.415741,0.355103,0.418655,4
16611391099607,-1.908035,0.207352,-0.512039,4
16611400590574,-9.617554,-2.660919,2.175842,1
16611421037351,-1.666275,0.036804,-0.774796,4
16611431840574,-9.310486,-2.609344,2.317871,1
16611461137449,-9.078796,-2.546661,2.609070,1
16611521684324,-9.100220,-2.249908,3.272400,1
16611540696775,-0.317963,0.038940,-1.120499,4
16611550981199,-9.145447,-1.911102,3.208923,1
16611570665037,-0.040253,0.054962,-1.200256,4
16611609574949,-9.907959,-1.348541,2.522583,1
16611600572263,0.110352,0.077393,-1.186722,4
16611630510008,0.254898,0.041443,-1.053207,4
16611640824949,-10.586365,-1.339020,2.562256,1
16611660417234,0.373825,-0.162567,-0.917557,4
16611670121824,-9.554871,-1.293793,2.391663,1
16611759965574,-8.284546,-1.186676,1.272095,1
16611780137693,-0.270966,-0.236267,-0.576126,4
16611789262449,-8.118713,-1.365997,1.132446,1
16611810075437,-0.349289,-0.222031,-0.512039,4
16611820512449,-7.926697,-1.565155,1.107056,1
16611849809324,-7.825928,-1.617523,0.759521,1
16611840013181,-0.350723,-0.159012,-0.380295,4
16611869950925,-0.408752,-0.014816,-0.149231,4
16611879106199,-8.694763,-1.526276,0.542908,1
16611899858152,-0.503464,0.145401,0.195419,4
16611910356199,-10.372131,-1.617523,0.416748,1
16611939653074,-11.371887,-1.980133,0.392151,1
16611959733640,-0.566833,0.199875,1.111862,4
16611968949949,-11.801147,-2.761688,0.401672,1
16611989640867,-0.363174,0.268585,1.521301,4
16612000199949,-11.500427,-3.341705,0.629395,1
16612019578611,-0.075851,0.318787,1.649475,4
16612029496824,-10.599854,-3.548798,0.842041,1
16612079454099,0.290512,0.373978,1.017151,4
16612058793699,-9.499329,-3.509918,1.286377,1
16612119340574,-9.813538,-3.009247,1.282410,1
16612139299070,-0.098282,0.261108,0.138443,4
16612148637449,-10.868042,-3.069550,0.928528,1
16612209184324,-11.160034,-2.833893,1.434753,1
16612229081785,-0.835999,-0.291809,-0.127151,4
16612238481199,-9.934143,-2.894989,1.921936,1
16612259019529,-1.184204,-0.102051,-0.201218,4
16612288926756,-1.347275,-0.063232,-0.400589,4
16612348802244,-0.677917,-0.107025,-0.820007,4
16612299028074,-9.151001,-3.058441,1.349854,1
16612328324949,-9.500916,-3.209198,1.503784,1
16612359574949,-9.453308,-3.269501,1.812439,1
16612378739988,-0.013199,-0.141571,-0.801498,4
16612388871824,-9.381897,-3.139374,2.051270,1
16612408677732,0.553619,-0.151184,-0.633804,4
16612528367674,1.054565,-0.077118,0.083618,4
16612539262449,-9.804810,-2.491913,1.998901,1
16612558305418,1.178116,-0.091721,0.142715,4
16612568559324,-9.913513,-2.571259,2.116333,1
16612588243162,1.274246,-0.122345,0.152328,4
16612597856199,-9.792114,-2.374481,2.025085,1
16612618150388,1.203751,-0.196747,0.090027,4
16612648088133,0.980865,-0.290039,-0.044556,4
16612658403074,-9.523926,-1.827789,1.659302,1
16612678025877,0.727722,-0.336670,-0.198715,4
16612687699949,-9.673096,-1.889679,1.625977,1
16612716996824,-9.658020,-1.949982,1.578369,1
16612806840574,-8.957397,-1.773041,1.297485,1
16612827684080,0.290863,-0.291809,-0.388489,4
16612838090574,-8.792358,-1.791290,1.314148,1
16612857682859,0.233185,-0.207794,-0.365341,4
16612867387449,-8.786011,-1.765106,1.438721,1
16612887529050,0.198288,-0.105957,-0.317276,4
16612896684324,-8.875671,-1.727020,1.638672,1
16612917466795,0.171234,-0.025497,-0.266373,4
16612927934324,-8.807434,-1.681793,1.768799,1
16612947404539,0.138123,0.043213,-0.235031,4
16612957231199,-8.791565,-1.635773,1.783875,1
16612986528074,-8.861389,-1.561981,1.836243,1
16613097062742,-0.054855,0.179581,0.113174,4
16626125210537,-9.805603,-2.806915,1.068970,1
16626195370449,-9.707214,-2.956085,1.183228,1
16626225308193,-9.885742,-2.823578,1.210205,1
16626255245937,-9.791321,-2.603790,1.131653,1
16626285153164,-9.709595,-2.486359,1.131653,1
16626374935879,-9.519958,-2.170563,1.247498,1
16626404934658,-9.778625,-2.015045,1.476807,1
16626434780849,-9.921448,-1.910309,1.461731,1
16626434780849,-0.301224,-0.148682,-0.902969,4
16626464718594,-9.914307,-1.925385,1.482361,1
16626524563564,-0.144211,-0.167557,-0.821426,4
16626554501308,-8.784424,-1.710358,1.648987,1
16626554501308,-0.059830,-0.101685,-0.733841,4
16626584408535,-8.697937,-1.583405,1.706116,1
16626614376797,-8.619385,-1.504059,1.754517,1
16626644284023,-8.519409,-1.600861,1.739441,1
16626734097256,-8.627319,-1.915070,1.507751,1
16626674221767,-0.055206,0.079895,0.157318,4
16626704220547,-0.065536,0.149323,0.397644,4
16626793942226,-0.065887,0.344788,0.825958,4
16626823849453,-8.810608,-2.455414,1.243530,1
16626853787197,-8.949463,-2.549042,1.087219,1
16626823849453,0.023483,0.403168,0.903214,4
16626853787197,0.122818,0.462631,0.944870,4
16626883694424,-9.423950,-2.639496,1.055481,1
16626883694424,0.194733,0.526001,0.967667,4
16626913632168,-9.765930,-2.877533,1.099121,1
16626913632168,0.262375,0.546295,0.962677,4
16626943569912,-9.980957,-3.163177,1.180847,1
16626943569912,0.392685,0.561615,0.936691,4
16626973477138,-10.230103,-3.336151,1.223694,1
16627033339270,-11.369507,-3.306793,1.142761,1
16627033339270,0.876541,0.489685,0.706680,4
16627063277014,-11.648804,-3.095734,1.141968,1
16627093214758,-10.810913,-2.808502,1.134827,1
16627093214758,0.396957,0.022217,0.280869,4
16627123121985,-0.131042,-0.089584,-0.001831,4
16627153059729,-9.371582,-2.875946,1.034058,1
16627153059729,-0.535858,-0.060394,-0.252487,4
16627183027991,-0.776535,-0.037247,-0.422318,4
16627212935217,-9.077209,-3.185394,0.582581,1
16627212935217,-0.790787,-0.070358,-0.472153,4
16627242842444,-8.902649,-3.505951,0.441345,1
16627302687415,-9.213684,-3.351227,0.580994,1
16627302687415,0.465317,-0.093857,-0.151367,4
16627332594641,-10.188049,-3.021149,0.799194,1
16627332594641,0.750153,-0.056122,-0.028183,4
16627362532385,-11.002930,-2.500641,0.621460,1
16627362532385,0.797150,-0.150467,-0.005753,4
16627392470130,0.541870,-0.184296,-0.030319,4
16627422377356,-13.595947,-2.195160,0.851563,1
16627422377356,0.178711,-0.304626,-0.137482,4
16627512160071,-11.521851,-2.004730,3.386658,1
16627512160071,-0.440079,-0.665298,-1.056778,4
16627542097815,-9.492981,-1.187469,2.475769,1
16627542097815,-0.692154,-0.937317,-1.534576,4
16627572005042,-8.486084,-0.860565,1.186401,1
16627572005042,-0.936401,-1.192596,-1.933701,4
16627601942786,-9.519165,-0.569366,0.179504,1
16627631850012,-0.695358,-1.649384,-2.241318,4
16627631850012,-11.006104,-0.705048,-0.156128,1
16627661787757,-0.568970,-2.204453,-2.038727,4
16627691725501,-8.905823,-0.809784,1.614868,1
16627691725501,-0.524460,-2.155670,-1.573380,4
16627751600989,-1.245804,-1.067978,-0.437973,4
16627781508215,-4.745728,-1.512787,0.979309,1
16627781508215,-1.262177,-0.542465,0.009201,4
16627811415442,-4.675110,-2.034088,1.042786,1
16627811415442,-0.819260,-0.064667,0.477402,4
16627871260413,-6.276306,-1.938873,1.702148,1
16627841353186,-0.090103,0.310608,1.008255,4
16627931135901,0.267715,0.840393,2.321320,4
16627901198157,-6.865051,-1.302521,1.887817,1
16628020857581,-0.326508,1.551392,2.892410,4
16628050795325,-13.079407,-4.037567,2.949463,1
16628080702551,-15.162231,-4.298615,2.348022,1
16628080702551,0.890427,1.744019,2.763519,4
16628110640296,-17.112549,-4.898468,1.862427,1
16628110640296,1.279221,1.349884,2.290695,4
16628140547522,-15.873962,-4.203400,2.454346,1
16628140547522,1.293472,0.505005,1.404877,4
16628170485266,-11.963806,-2.161041,3.058960,1
16628200423010,-8.893127,-1.775421,2.867737,1
16628200423010,-0.278091,-0.222382,-0.872696,4
16628230330237,-8.066345,-2.415741,2.162354,1
16628230330237,-0.907562,-0.058960,-1.529587,4
16628260267981,-0.797546,-0.069290,-1.732895,4
16628290175208,-9.400940,-4.336700,1.245911,1
16628290175208,0.021698,-0.268311,-1.615402,4
16628320112952,-10.417358,-4.654083,1.158630,1
16628320112952,1.239700,-0.602997,-1.200256,4
16628350050696,2.222733,-0.933044,-0.679733,4
16628379957923,-10.143616,-2.622040,1.165771,1
16628379957923,2.370132,-0.998199,-0.371399,4
16628409865149,1.781601,-0.915588,-0.393478,4
16628409865149,-9.830200,-1.779388,1.043579,1
16628439802893,-9.950806,-1.427887,0.775391,1
16628469710120,0.123169,-0.661377,-0.985565,4
16628499647864,-9.732605,-2.190399,0.140625,1
16628499647864,-0.240341,-0.706955,-1.259354,4
16628529555090,-0.300156,-0.760361,-1.413162,4
16628559492835,-8.941528,-2.496674,-0.562378,1
16628559492835,-0.012833,-0.774246,-1.454819,4
16628589430579,-9.015320,-2.330841,-0.227539,1
16628589430579,0.331100,-0.617233,-1.402481,4
16628679182776,-9.544556,-1.362030,0.308838,1
16628679182776,0.178711,-0.134796,-0.786545,4
16628709090003,-9.423950,-1.499298,0.484985,1
16628739027747,-9.786560,-1.730988,0.636536,1
16628739027747,-0.127121,0.228714,0.085754,4
16628768965491,-10.507019,-1.879364,0.623047,1
16628798872717,-11.052917,-2.320526,1.098328,1
16628768965491,-0.091522,0.413147,0.608780,4
16628828779944,0.501633,0.603622,1.354675,4
16628828779944,-10.260254,-2.955292,2.705078,1
16628858717688,-8.701904,-3.050507,3.879395,1
16628858717688,1.008636,0.727173,1.356461,4
16628888655432,-7.882263,-1.984100,3.485840,1
16628978407630,-10.865662,-0.515411,1.168152,1
16628978407630,-0.275955,-0.298218,0.071869,4
16629008436926,-9.692139,-0.846283,1.453796,1
16629008436926,-0.712097,-0.893875,-0.144608,4
16629038283118,-8.908203,-1.087494,1.578369,1
16629068190344,-8.238525,-1.527863,1.273682,1
16629068190344,-2.067886,-1.020630,-0.157776,4
16629098128089,-7.753723,-2.111847,0.862671,1
16629098128089,-2.637558,-0.751465,-0.154922,4
16629128035315,-7.581543,-2.732330,0.821411,1
16629128035315,-2.643600,-0.358398,-0.061996,4
16629157973059,-2.093521,0.031464,0.098572,4
16629247755774,-7.736267,-2.383209,1.256226,1
16629247755774,0.079376,0.510696,0.614120,4
16629277632483,-8.042542,-2.191986,1.667236,1
16629277632483,0.181564,0.678391,0.751541,4
16629307570227,-8.808228,-2.237213,2.045715,1
16629307570227,0.151291,0.869934,0.901794,4
16629337507971,-9.504089,-2.480804,2.401978,1
16629337507971,0.152359,1.049744,1.092636,4
16629367415198,-10.307068,-2.971954,2.721741,1
16629367415198,0.270569,1.220276,1.311951,4
16629427260169,0.860168,1.322464,1.590378,4
16629487105139,-13.344421,-3.769379,3.656433,1
16629457197913,1.217987,1.112045,1.559036,4
16629487105139,1.295609,0.494324,1.164902,4
16629517012366,-10.011902,-2.947357,2.805847,1
16629546950110,-7.979858,-2.026947,1.660889,1
16629517012366,1.085190,-0.154388,0.431107,4
16629546950110,0.946686,-0.315674,-0.236816,4
16629576857337,-9.375549,-1.751617,1.063416,1
16629606795081,-11.260010,-2.291962,0.849182,1
16629636702307,1.306290,-1.328247,-1.100571,4
16629636702307,-12.597778,-2.863251,1.126099,1
16629696547278,-11.315552,-2.377655,1.388733,1
16629696547278,0.694962,-1.834167,-1.002655,4
16629726485022,-10.503845,-1.922211,1.049133,1
16629726485022,-0.116440,-1.537231,-1.135818,4
16629756422766,-9.322388,-1.771454,0.511169,1
16629756422766,-0.838852,-1.157349,-1.376846,4
16629816267737,-8.451965,-2.602203,-0.548889,1
16629846174964,-8.436890,-2.860870,-0.757568,1
16629846174964,-0.820328,-0.499741,-1.784866,4
16629876082190,-8.335327,-2.799774,-0.802002,1
16629876082190,-0.004654,-0.486572,-1.641388,4
16629906019934,-7.714844,-2.363373,-0.383057,1
16629906019934,0.668976,-0.490479,-1.411392,4
16629935957678,-7.727539,-1.895233,0.117615,1
16629935957678,0.976944,-0.301071,-1.108749,4
16629965864905,-8.372620,-1.485809,0.613525,1
16629995802649,0.604538,0.150024,-0.319412,4
16630025709876,-8.430542,-1.023224,0.769043,1
16630025709876,0.020630,0.339798,0.115311,4
16630055647620,-9.573914,-1.478668,0.772217,1
16630085585364,-10.960876,-1.884125,0.755554,1
16630055647620,-0.418365,0.624268,0.635483,4
16630145430335,-12.251831,-3.140167,2.213135,1
16630145430335,-0.037766,0.887390,2.034714,4
16630175337561,-10.933899,-3.828094,4.066650,1
16630175337561,0.661499,0.957169,2.199203,4
16630205275305,1.086258,0.977463,1.832123,4
16630235213049,-9.575500,-1.225555,2.404358,1
16630235213049,1.111893,1.199982,1.354324,4
16630265120276,-11.091797,0.301849,1.228455,1
16630265120276,0.755844,0.751022,0.708115,4
16630295058020,-0.210083,-0.184998,0.013840,4
16630324965247,-10.288025,0.026520,1.668823,1
16630384840735,-2.852951,-1.293701,-0.678665,4
16630414747962,-7.557739,-2.591888,0.895203,1
16630414747962,-3.127457,-1.066193,-0.486038,4
16630444685706,-6.949951,-2.710114,0.745239,1
16630444685706,-3.023148,-0.704102,-0.185547,4
16630474592932,-6.651611,-3.052094,0.502441,1
16630474592932,-2.508667,-0.346649,0.115662,4
16630504530676,-6.688110,-3.182220,0.649231,1
16630534468421,-7.007874,-2.952118,0.910278,1
16630534468421,-0.816055,0.206635,0.637619,4
16630564375647,-0.292328,0.374329,0.870468,4
16630594313391,-7.760864,-2.840240,1.598999,1
16630594313391,0.144531,0.588318,1.109726,4
16630654158362,0.825989,1.190735,1.612091,4
16630624220618,-8.657471,-2.933868,2.286926,1
16630684065589,0.906448,1.468079,1.804703,4
16630713972815,-15.188416,-3.814606,2.653503,1
16630713972815,1.017532,1.487305,1.888733,4
16630743910559,-15.617676,-4.558868,2.617798,1
16630773817786,-12.920715,-3.980438,2.106018,1
16630773817786,1.611771,0.152878,1.041718,4
16630803755530,-8.559875,-2.219757,1.520447,1
16630803755530,1.617111,-0.483368,0.099640,4
16630983290442,-10.899780,-2.090424,1.027710,1
16630983290442,0.449295,-1.561447,-1.056412,4
16631013197669,-9.829407,-1.513580,0.862671,1
16631013197669,-0.271683,-1.363129,-1.129410,4
16631043135413,-8.737610,-1.463593,0.479431,1
16631073042639,-8.182190,-1.884918,0.004944,1
16631073042639,-1.525650,-0.778519,-1.485794,4
16631102980383,-7.929077,-2.376068,-0.358459,1
16631132918128,-8.146484,-2.683136,-0.668701,1
16631132918128,-1.122604,-0.476242,-1.482239,4
16631162825354,-8.551941,-2.753754,-0.656006,1
16631162825354,-0.341812,-0.424973,-1.256516,4
16631192763098,-9.060547,-2.439545,-0.308472,1
16631192763098,0.426514,-0.402893,-0.916855,4
16631222670325,-8.966125,-2.109467,0.195374,1
16631222670325,0.902542,-0.371567,-0.533401,4
16631252608069,-9.108948,-1.595306,0.570679,1
16631252608069,1.072006,-0.138000,-0.100098,4
16631282515296,0.809967,0.201660,0.379837,4
16631282515296,-10.318176,-1.114471,0.500061,1
16631312422522,-11.887634,-1.094635,0.658752,1
16631372267493,-10.648254,-3.040192,2.895508,1
16631342360266,-0.147415,0.600067,1.254990,4
16631372267493,-0.155609,0.688354,1.518814,4
16631402205237,0.332169,0.785202,1.453659,4
16631432112464,-6.890442,-2.848175,2.932007,1
16631432112464,0.781128,0.812973,1.041367,4
16631462050208,-8.343262,-1.165253,1.638672,1
16631462050208,0.966980,1.162964,0.751541,4
16631491987952,-10.934692,-0.015533,0.830139,1
16631491987952,0.720245,0.860687,0.357056,4
16631521895178,-11.156067,-0.007599,0.852356,1
16631521895178,0.170166,-0.157227,-0.130722,4
16631581740149,-1.164978,-1.127441,-0.482834,4
16631581740149,-9.407288,-0.581268,1.753723,1
16631611647376,-8.048889,-1.233490,1.577576,1
16631611647376,-2.259079,-1.118896,-0.479996,4
16631641585120,-7.602173,-2.023773,0.981689,1
16631641585120,-2.961899,-0.690582,-0.434067,4
16631671492346,-7.449829,-2.821991,1.003906,1
16631671492346,-2.808090,-0.266174,-0.226486,4
16631701399573,-7.298279,-3.672577,1.080872,1
16631701399573,-1.926544,0.110870,0.112106,4
16631731337317,-7.602966,-3.722565,1.134033,1
16631731337317,-0.604935,0.405304,0.503738,4
16631761244544,-7.779114,-2.727570,1.507751,1
16631761244544,0.369553,0.528503,0.799606,4
16631791182288,-7.798950,-2.003937,1.723572,1
16631791182288,0.625183,0.638870,0.965881,4
16631821089514,-8.013184,-1.730194,1.873535,1
16631851027258,-8.536865,-1.896027,1.974304,1
16631821089514,0.432922,0.753510,1.071625,4
16631851027258,0.132431,0.886673,1.157791,4
16631880965003,-9.704041,-2.658539,2.321838,1
16631910872229,-11.421875,-3.503571,2.860596,1
16631880965003,0.048050,1.083923,1.291306,4
16631910872229,0.404083,1.280457,1.481781,4
16631970686682,1.588623,1.237366,1.630249,4
16632000624426,-13.991089,-3.989166,3.084351,1
16632000624426,1.935410,0.666290,1.294861,4
16632030562171,-10.845825,-2.615692,2.852661,1
16632030562171,1.807587,-0.176102,0.533646,4
16632060469397,-8.071106,-1.143036,1.849731,1
16632060469397,1.382477,-0.494751,-0.254623,4
16632090407141,-9.682617,-0.989105,1.161804,1
16632090407141,0.938141,-0.422836,-0.738480,4
16632120314368,0.747299,-0.920578,-1.116226,4
16632150252112,-12.826294,-2.567291,1.419678,1
16632150252112,0.839523,-1.639771,-1.269684,4
16632180159339,-12.109802,-2.817230,1.442688,1
16632240004309,-10.107910,-1.777008,1.097534,1
16632240004309,-0.526596,-1.866211,-1.194199,4
16632269911536,-8.919312,-1.502472,0.419922,1
16632269911536,-1.246155,-1.400879,-1.413162,4
16632299849280,-8.275818,-1.855560,-0.230713,1
16632359694251,-1.223724,-0.518616,-1.753891,4
16632329756507,-7.956055,-2.472076,-0.665527,1
16632359694251,-8.089355,-2.852936,-0.784546,1
16632389601477,-8.159973,-2.917999,-0.730591,1
16632389601477,-0.296600,-0.451324,-1.528168,4
16632419508704,0.546494,-0.440643,-1.200607,4
16632449446448,-7.646606,-2.053925,0.208069,1
16632449446448,1.013626,-0.265472,-0.820007,4
16632479353674,-8.213135,-1.483429,0.657166,1
16632509291419,-8.305969,-0.893890,0.888062,1
16632479353674,1.106186,0.000488,-0.406998,4
16632509291419,0.720596,0.196671,-0.031738,4
16632539229163,-8.559875,-0.709015,0.989624,1
16632539229163,0.050537,0.471893,0.360260,4
16632569136389,-9.700867,-1.292206,1.124512,1
16632569136389,-0.481735,0.748886,0.855515,4
16632658980139,-11.229858,-3.398041,3.424744,1
16632688826331,0.779709,1.079651,2.396439,4
16632688826331,-9.346191,-3.542450,4.466553,1
16632718733557,-8.110779,-2.764069,3.873840,1
16632718733557,1.057419,1.181473,1.931107,4
16632748671301,1.225113,1.365189,1.440842,4
16632778609046,-11.851929,-0.004425,1.156250,1
16632778609046,0.853760,0.740692,0.747269,4
16632808516272,-11.721008,-0.554291,1.077698,1
16632808516272,0.040207,-0.395416,0.080414,4
16632868361243,-9.258911,-0.826447,1.882263,1
16632868361243,-1.633530,-1.382355,-0.557968,4
16632898268469,-8.217102,-1.368378,1.760071,1
16632898268469,-2.770706,-1.255249,-0.706787,4
16632928206214,-7.679932,-2.184845,1.138000,1
16633017927893,-7.619629,-3.666229,0.747620,1
16632928206214,-3.537613,-0.821243,-0.763046,4
16632988051184,-2.810226,-0.134445,-0.394547,4
16633017927893,-1.568008,-0.002716,-0.108292,4
16633047865637,-7.641846,-2.960846,1.141968,1
16633077803382,-7.672791,-2.461761,1.329224,1
16633107741126,-8.134583,-2.184845,1.862427,1
16633107741126,0.139908,0.408157,0.540771,4
16633137648352,-9.016113,-2.334015,2.571777,1
16633137648352,0.207550,0.702606,0.791428,4
16633167555579,-9.781799,-2.575226,3.055786,1
16633167555579,0.341415,0.969986,1.085159,4
16633227400549,-11.355225,-3.249664,2.385315,1
16633227400549,0.645477,1.228470,1.581116,4
16633257338294,1.099426,1.230957,1.715698,4
16633287245520,-13.558655,-4.204987,2.816956,1
16633287245520,1.617813,0.891663,1.649124,4
16633376997717,-8.159180,-1.995209,1.366516,1
16633376997717,1.911194,-0.099915,-0.026047,4
16633406935462,-9.888916,-1.746857,0.994385,1
16633406935462,1.780167,-0.232712,-0.464676,4
16633436842688,-11.916199,-2.197540,1.197510,1
16633436842688,1.818268,-0.691650,-0.720673,4
16633466749915,-13.015930,-2.689484,1.582336,1
16633466749915,1.842117,-1.375244,-0.828201,4
16633496687659,-11.771790,-2.353058,1.468079,1
16633496687659,1.395645,-1.910004,-0.863800,4
16633526625403,-11.133850,-1.980927,1.280823,1
16633526625403,0.616287,-1.786469,-0.952103,4
16633556532630,-10.116638,-1.517548,0.991211,1
16633556532630,-0.339325,-1.602386,-1.220551,4
16633586439856,-9.023254,-1.478668,0.470703,1
16633616347083,-8.570190,-1.804779,-0.166443,1
16633586439856,-1.202713,-1.280533,-1.566620,4
16633616347083,-1.836472,-0.964371,-1.862137,4
16633646284827,-8.396423,-2.300690,-0.762329,1
16633646284827,-1.934372,-0.750397,-2.022705,4
16633676222571,-8.301208,-2.725983,-1.115417,1
16633676222571,-1.465836,-0.624359,-1.989944,4
16633706129798,-8.070313,-2.978302,-0.827393,1
16633706129798,-0.612411,-0.558136,-1.776321,4
16633736067542,-7.884644,-2.814850,-0.368774,1
16633736067542,0.307236,-0.437073,-1.418869,4
16633825819739,0.903961,0.383240,-0.058441,4
16633855726965,-9.446960,-1.415192,1.162598,1
16633855726965,0.530121,0.746033,0.423630,4
16633885664710,-10.457031,-1.845245,1.347473,1
16633915571936,-11.072754,-2.176117,1.259399,1
16633915571936,0.402298,1.068604,1.327621,4
16633945479163,-11.531372,-2.576813,2.167114,1
16633975416907,-10.865662,-2.893402,3.696899,1
16633975416907,1.159958,1.123795,1.772308,4
16634005324133,-9.345398,-2.261810,4.405457,1
16634005324133,1.415588,1.029800,1.525574,4
16634035231360,-9.668335,-0.732025,3.544556,1
16634035231360,1.118301,1.084274,1.168106,4
16634065138587,-11.114014,0.373260,1.967957,1
16634065138587,0.203278,0.715057,0.729477,4
16634095076331,-11.191772,0.397858,1.046753,1
16634095076331,-0.772629,-0.235916,0.161942,4
16634125014075,-10.074585,-0.112335,1.168945,1
16634125014075,-1.565170,-0.964020,-0.371750,4
16634184859046,-2.798126,-1.233887,-0.764816,4
16634274611243,-7.333191,-3.542450,0.876160,1
16634304518469,-7.290344,-3.129852,0.938049,1
16634214766272,-2.935913,-1.029877,-0.697525,4
16634244704016,-2.509384,-0.700195,-0.415192,4
16634274611243,-1.650253,-0.319580,-0.002548,4
16634304518469,-0.680054,0.061737,0.400497,4
16634334456214,-0.094009,0.318085,0.662888,4
16634334456214,-7.270508,-2.704559,1.351440,1
16634364363440,-6.970581,-2.431610,1.642639,1
16634364363440,0.197937,0.572296,0.785721,4
16634484114417,-10.461792,-2.825165,2.607483,1
16634484114417,0.675735,1.128784,1.392059,4
16634513991126,-12.116150,-3.509918,2.861389,1
16634543898352,-13.698303,-3.748749,2.637634,1
16634543898352,1.455826,1.277252,1.653030,4
16634573836096,1.790497,0.946487,1.470383,4
16634603743323,-13.015137,-2.979889,2.705872,1
16634603743323,1.781952,0.345139,0.954132,4
16634633681067,-10.382446,-1.754791,2.275024,1
16634633681067,1.389954,-0.294312,0.180466,4
16634663588294,-8.670166,-0.849457,1.594238,1
16634723433264,-0.116089,-0.986801,-1.528168,4
16634783278235,-11.502808,-2.968781,1.073730,1
16634753371008,-0.221481,-1.389832,-1.657761,4
16634783278235,-0.164505,-1.585663,-1.509293,4
16634813185462,-11.080688,-2.936249,1.053101,1
16634813185462,-0.047379,-1.628738,-1.212357,4
16634843153723,-9.807190,-2.387177,0.877747,1
16634843153723,-0.140656,-1.393402,-0.958862,4
16634873060950,-9.078796,-2.091217,0.443726,1
16634873060950,-0.401276,-1.024902,-0.854904,4
16634902968176,-8.393250,-2.111847,0.090637,1
16634902968176,-0.608490,-0.771759,-0.890152,4
16635022688635,-7.478394,-2.174530,0.046204,1
16635022688635,0.477066,-0.243744,-0.679733,4
16635052595862,-7.196716,-1.823029,0.374695,1
16635052595862,0.527267,-0.056122,-0.499924,4
16635082533606,0.310089,0.184921,-0.272781,4
16635112440833,-7.698975,-1.473114,0.487366,1
16635112440833,-0.054489,0.410294,0.013123,4
16635142378577,-8.261536,-1.865082,0.511169,1
16635142378577,-0.219696,0.626404,0.376282,4
16635172285803,-9.111328,-2.279266,0.869812,1
16635202223548,-10.491943,-2.563324,1.118164,1
16635202223548,0.149155,0.971054,1.323700,4
16635232130774,-12.077271,-2.876740,1.423645,1
16635232130774,0.525497,1.058990,1.791534,4
16635262038001,-13.085754,-3.115570,2.372620,1
16635262038001,0.882950,1.160461,2.124435,4
16635291975745,-13.312683,-3.438507,3.894470,1
16635291975745,1.107254,1.254105,2.195282,4
16635321882971,-12.259766,-3.087006,5.203674,1
16635351790198,-9.961121,-2.247528,4.795837,1
16635321882971,1.100143,1.138748,1.862030,4
16635411635169,0.079376,0.118698,-0.242508,4
16635441572913,-11.579773,0.162201,0.458008,1
16635441572913,-0.273102,-0.795959,-0.962418,4
16635471510657,-11.844788,-0.125031,0.103333,1
16635471510657,-0.696075,-1.784683,-1.586563,4
16635501417883,-1.290665,-2.414871,-1.946152,4
16635531355628,-10.241211,-1.137482,1.723572,1
16635531355628,-2.193222,-2.704330,-2.067215,4
16635561262854,-3.074417,-2.281708,-2.040146,4
16635561262854,-8.022705,-1.826996,1.943359,1
16635591200598,-6.929321,-2.462555,1.281616,1
16635591200598,-3.391281,-1.331451,-1.789139,4
16635651015051,-1.239395,-0.321716,-0.893356,4
16635710890540,-5.677246,-1.922211,1.537903,1
16635680952796,-0.142075,-0.049347,-0.400955,4
16635740828284,-5.607422,-1.446136,1.870361,1
16635740828284,0.838455,0.327332,0.515488,4
16635770735510,-5.677246,-1.044647,2.293274,1
16635770735510,0.761551,0.558044,0.942383,4
16635800642737,-6.696838,-0.808197,2.447205,1
16635860487708,-10.374512,-1.760345,2.344849,1
16635800642737,0.398392,0.899490,1.400604,4
16635830580481,-0.138870,1.223846,1.896927,4
16635860487708,-0.508804,1.495499,2.393234,4
16635890425452,-12.180420,-2.875153,2.409912,1
16635890425452,-0.416946,1.588074,2.819778,4
16635950239905,0.651169,1.772491,3.217819,4
16635980177649,-16.689636,-5.777618,3.245422,1
16635980177649,1.067032,1.154770,2.740021,4
16636010084876,-12.796936,-5.155548,2.837585,1
16636040022620,-8.589233,-2.483978,2.171082,1
16636040022620,1.202316,0.001556,0.517624,4
16636069929846,-7.605347,-1.234283,1.505371,1
16636069929846,0.751572,0.058167,-0.577545,4
16636099837073,-9.050232,-1.737335,0.893616,1
16636159712561,1.126846,-1.243866,-1.450546,4
16636189619788,1.321945,-2.062042,-1.233368,4
16636249464758,0.121384,-1.086487,-0.988419,4
16636279371985,-9.444580,-1.917450,0.766663,1
16636309370764,-9.020874,-2.248322,0.110474,1
16636309370764,-1.012955,-0.512909,-1.305649,4
16636339216956,-9.029602,-2.745026,-0.597290,1
16636339216956,-1.069199,-0.463776,-1.430252,4
16636369154700,-8.895508,-2.929901,-0.825806,1
16636369154700,-0.651566,-0.535339,-1.490433,4
16636399061926,-8.782043,-2.817230,-0.448914,1
16636399061926,0.013153,-0.531067,-1.464081,4
16636428969153,-8.806641,-2.409393,0.032715,1
16636428969153,0.603104,-0.405029,-1.365097,4
16636458876380,0.894348,-0.217407,-1.188858,4
16636488814124,-9.416809,-1.715912,0.580994,1
16636488814124,0.921768,-0.013748,-0.929306,4
16636518751868,-9.485046,-1.535797,1.046753,1
16636518751868,0.730209,0.224442,-0.596054,4
16636548659094,-9.640564,-1.631805,1.445862,1
16636548659094,0.543655,0.514252,-0.183060,4
16636578596839,-9.980164,-1.676239,1.441895,1
16636578596839,0.421890,0.701538,0.264481,4
16636608504065,0.260239,0.766693,0.674637,4
16636638411292,-10.468140,-2.007904,2.109192,1
16636638411292,0.167679,0.732147,1.032822,4
16636668349036,-10.105530,-2.564117,3.542969,1
16636728194007,0.604889,0.500015,1.254990,4
16636758101233,-8.398804,-1.050995,2.001282,1
16636758101233,0.494522,0.393555,1.078751,4
16636788038977,-10.703003,-0.551910,1.376038,1
16636788038977,0.261673,0.008331,0.781097,4
16636817976721,-12.154236,-0.582062,1.131653,1
16636817976721,-0.435104,-0.738998,0.270889,4
16636847883948,-11.565491,-0.910553,1.034851,1
16636847883948,-1.326263,-1.349243,-0.136765,4
16636877821692,-10.175354,-1.344574,1.062622,1
16636967573889,-7.440308,-3.195709,0.387390,1
16636967573889,-2.714813,-0.109879,-0.282394,4
16636997481116,-6.916626,-3.679718,0.347717,1
16637027416132,-6.910278,-3.618622,0.754761,1
16637057323359,-7.277649,-2.944977,1.222107,1
16636997481116,-1.734634,0.199158,0.050156,4
16637027416132,-0.418015,0.429169,0.421143,4
16637087261103,-7.332397,-2.431610,1.695801,1
16637087261103,0.997238,0.662018,0.976563,4
16637117168329,-7.535522,-1.907135,2.121094,1
16637117168329,0.985138,0.812622,1.136063,4
16637147106073,-8.325806,-1.762726,2.319458,1
16637236888788,-12.409729,-4.101837,3.078003,1
16637236888788,0.754074,1.280807,1.421249,4
16637266796015,-13.160339,-4.142303,2.553528,1
16637266796015,1.406693,1.127350,1.244659,4
16637296733759,-13.336487,-3.204437,2.194885,1
16637356578730,-10.537964,-1.354095,2.540833,1
16637356578730,1.370728,-0.320297,-0.289871,4
16637386516474,-9.490601,-1.409637,2.595581,1
16637416454218,-8.327393,-1.267609,1.878296,1
16637476329706,-10.496704,-2.252289,1.364929,1
16637446361445,-0.140305,-0.937668,-1.467285,4
16637476329706,-0.221481,-0.990005,-1.453751,4
16637506206415,-11.382202,-2.912445,1.065796,1
16637506206415,0.049820,-1.262726,-1.221970,4
16637536144159,-11.881287,-2.945770,1.049133,1
16637566051386,-11.965393,-2.758514,0.736511,1
16637536144159,0.289795,-1.291214,-0.853836,4
16637566051386,0.115341,-1.216797,-0.502060,4
16637595989130,-10.364990,-2.488739,0.523071,1
16637625896357,-9.255737,-2.057098,0.343750,1
16637625896357,-0.341812,-0.861481,-0.632370,4
16637655834101,-8.559082,-2.157867,0.148560,1
16637685741327,-8.495605,-2.230865,-0.095032,1
16637685741327,-0.525528,-0.417145,-1.163940,4
16637715679071,-8.371826,-2.357025,-0.249756,1
16637715679071,-0.321884,-0.368011,-1.262558,4
16637745586298,0.125656,-0.352692,-1.189575,4
16637745586298,-7.879089,-2.287994,-0.101379,1
16637775524042,-7.923523,-1.888885,0.148560,1
16637775524042,0.527267,-0.226654,-0.943192,4
16637895183466,-9.900818,-1.306488,0.677795,1
16637895183466,-0.884781,0.321289,0.804245,4
16637925121210,-9.562012,-1.976959,1.065796,1
16637925121210,-1.194885,0.352615,1.102600,4
16637955028437,-8.713013,-2.446686,1.395081,1
16637955028437,-1.137924,0.480072,1.278122,4
16637984935663,-8.330566,-2.667267,1.882263,1
16638044780634,-10.145996,-2.298309,2.283752,1
16638074718378,-11.304443,-2.182465,2.419434,1
16637984935663,-0.867325,0.681595,1.363571,4
