Inicio: 31-12-1969-20:59:59:999
Fim: 14-12-2018-15:14:01:275
340969590592,-12.491455,-3.731293,3.830994,1
341003861832,-11.534546,-3.163177,4.717285,1
341033433365,-10.856140,-2.789459,3.865112,1
341071305679,-10.253906,-2.794220,3.014526,1
341101182388,-9.616760,-2.779144,2.394043,1
341190904068,-7.620422,-2.327667,1.542664,1
341220811295,-7.551392,-2.318939,1.103882,1
341250749039,-7.832275,-2.252289,0.704773,1
341258225845,0.601425,-0.569641,-0.981354,4
341280656265,-8.271851,-2.229279,0.539734,1
341340470718,-9.140686,-2.777557,0.547668,1
341347947525,0.410599,-0.204712,-0.572266,4
341370377945,-9.361267,-2.627594,0.750793,1
341377854752,0.462936,0.009628,-0.395325,4
341400285172,-9.577087,-2.644257,1.094360,1
341430161881,-9.885742,-2.520477,1.552185,1
341407761978,0.346146,0.249603,-0.326965,4
341460069107,-9.846069,-2.143585,1.655334,1
341467545914,0.208359,0.503098,-0.476501,4
341489976334,-9.257324,-1.940460,2.163940,1
341497453140,-0.023056,0.437592,-0.647751,4
341519883560,-8.692383,-1.826996,2.320251,1
341527360367,-0.350616,0.431534,-0.788742,4
341617082047,-0.276566,0.504166,-0.291718,4
341639512467,-8.551941,-2.138824,2.679688,1
341646989273,-0.122757,0.612762,0.212799,4
341669419693,-8.777283,-2.445892,2.943909,1
341676896500,0.058121,0.805725,0.781387,4
341699326920,-9.260498,-2.620453,3.030396,1
341759141373,-10.847412,-2.593475,3.314453,1
341766618179,0.373566,1.056381,1.813187,4
341789048599,-11.398071,-2.790253,3.035950,1
341796525406,0.362167,0.876221,1.821014,4
341908646988,-9.849243,-2.380829,2.117920,1
341886216568,0.393143,0.026367,1.003906,4
341916123795,0.146057,-0.191895,0.596603,4
341938554215,-9.323181,-2.509369,2.155212,1
341946031021,-0.148743,-0.273773,0.244476,4
341968461441,-9.024841,-2.605377,2.062378,1
341975938248,-0.366287,-0.301910,-0.021484,4
341998368668,-8.678894,-2.751373,1.743408,1
342028275894,-8.390869,-2.896576,1.395874,1
342005845474,-0.539673,-0.352463,-0.200928,4
342035752701,-0.581680,-0.384506,-0.303818,4
342058213638,-8.427368,-2.933868,1.091980,1
342065751480,-0.537186,-0.375961,-0.362213,4
342088090347,-8.671753,-2.958466,0.945984,1
342095567154,-0.467041,-0.342499,-0.395325,4
342117997574,-9.120850,-3.104462,0.705566,1
342147904801,-9.638184,-3.324249,0.570679,1
342155381607,-0.275497,-0.141327,-0.434845,4
342177812027,-9.958740,-3.516266,0.513550,1
342185288834,-0.041931,0.005356,-0.469376,4
342215165543,0.381042,0.203674,-0.514587,4
342237626480,-9.999207,-3.680511,1.043579,1
342245103287,0.972061,0.416931,-0.585449,4
342327317642,-9.969849,-2.349091,0.876953,1
342334794449,2.104980,0.334335,-0.910156,4
342357224869,-9.673096,-1.752411,1.154663,1
342364701676,2.108185,0.205811,-0.976013,4
342394608902,1.808044,0.112518,-0.981003,4
342424516129,1.260452,0.068375,-0.942551,4
342454423355,0.630264,0.051636,-0.861725,4
342387132095,-9.423950,-1.304901,1.508545,1
342417039322,-9.140686,-1.006561,1.666443,1
342446946549,-9.089905,-0.938324,1.545837,1
342476853775,-9.160522,-1.142242,1.406982,1
342566575455,-9.370789,-1.806366,1.375244,1
342574052261,-0.066498,0.095078,-0.168518,4
342596482681,-9.297791,-1.771454,1.529968,1
342626389908,-9.174805,-1.586578,1.691040,1
342656297135,-9.024841,-1.561981,1.698181,1
342603959488,0.131454,0.189072,0.022675,4
342633866715,0.185577,0.241760,0.206390,4
342663773941,0.099411,0.256714,0.380127,4
342693681168,-0.050827,0.229660,0.543549,4
342723588394,-0.438202,0.172333,0.644669,4
342716111588,-9.001831,-1.635773,2.094116,1
342746018814,-9.131165,-2.088837,1.907654,1
342753495621,-0.923126,0.094009,0.704483,4
342775926041,-9.396973,-2.730743,1.545044,1
342813310074,-0.802429,-0.105377,0.955490,4
342835740494,-9.591370,-2.789459,1.176086,1
342843217301,-0.603043,-0.102524,1.026703,4
342873124527,-0.708786,-0.060516,0.956909,4
342895554947,-9.957153,-2.985443,0.903931,1
342903031754,-0.772171,0.006775,0.800964,4
342925462174,-10.379272,-3.248871,0.758728,1
342932938980,-0.604111,0.060181,0.654999,4
342962815689,-0.403671,0.036682,0.514709,4
342955338883,-10.647461,-3.393280,0.869812,1
343015153336,-9.833374,-3.160004,0.851563,1
343022630142,-0.194672,-0.017792,0.172211,4
343104875015,-8.963745,-2.835480,0.919006,1
343052537369,-0.213547,-0.029541,-0.031448,4
343082444595,-0.294724,-0.019928,-0.201279,4
343112351822,-0.332108,-0.006042,-0.298126,4
343164658951,-8.857422,-2.937042,0.980896,1
343142259049,-0.284042,0.037750,-0.329453,4
343172135758,-0.153366,0.088318,-0.321976,4
343202042984,0.026779,0.150620,-0.295624,4
343254380631,-9.527100,-2.732330,1.153076,1
343231950211,0.223312,0.199753,-0.276764,4
343344102310,-10.301514,-2.157867,1.432373,1
343351579117,0.886261,0.103622,-0.275330,4
343374009537,-10.119019,-1.727814,1.571228,1
343381486343,0.978836,-0.008881,-0.257538,4
343433823990,-9.462036,-1.133514,1.556946,1
343441300797,0.446548,-0.135284,-0.288147,4
343463700699,-9.217651,-1.418365,1.371277,1
343493607926,-9.082764,-1.876984,1.090393,1
343471177506,-0.011673,-0.128510,-0.318771,4
343501084732,-0.256973,-0.135284,-0.293137,4
343523515152,-8.944702,-2.191193,1.125305,1
343553422379,-8.991516,-2.445892,1.012634,1
343620683121,-0.135574,-0.142395,0.094238,4
343643113541,-9.549316,-2.410980,0.819824,1
343650590347,-0.185059,-0.105728,0.125214,4
343680497574,-0.219589,-0.077606,0.129837,4
343673020767,-9.639771,-2.519684,0.784912,1
343702927994,-9.524719,-2.529999,0.802368,1
343710404801,-0.228134,-0.061935,0.096725,4
343732804703,-9.366028,-2.410980,0.641296,1
343770188736,-0.383377,-0.024200,-0.017563,4
343762711929,-9.428711,-2.372101,0.418335,1
343882371353,-9.059753,-3.319489,1.392700,1
343889878677,0.433029,0.137085,0.337769,4
343912248062,-9.777039,-2.967987,1.237976,1
343919724869,0.675491,0.126404,0.361969,4
343942155289,-10.587952,-2.705353,1.272888,1
343949632095,0.765213,-0.156281,0.240570,4
343972031998,-10.273743,-1.777802,1.772766,1
343979508804,0.402054,-0.562881,-0.027527,4
344009416031,-0.397263,-0.793594,-0.365768,4
344061753677,-8.345642,-2.184845,1.850525,1
344181352066,-8.552734,-4.195465,1.754517,1
344039323258,-0.994690,-0.917847,-0.657715,4
344069230484,-1.415878,-0.731995,-0.723587,4
344099137711,-1.640549,-0.268082,-0.485748,4
344188828873,0.148911,1.375031,0.982544,4
344211259293,-9.482666,-4.349396,0.730164,1
344241197037,-10.591125,-4.242279,-0.185486,1
344271104263,-10.995789,-3.195709,-0.259277,1
344301011490,-10.716492,-1.554047,0.252502,1
344218736099,1.108780,1.639923,1.319366,4
344338395523,1.529617,-0.394119,0.295044,4
344330918717,-10.597473,-0.446381,0.866638,1
344368272232,0.363602,-0.731995,-0.310944,4
344390702652,-9.930176,-0.775665,1.314941,1
344398179459,-0.699539,-0.828491,-0.752426,4
344428086685,-1.413391,-0.766891,-0.991684,4
344450517105,-9.290649,-2.683929,1.054688,1
344457993912,-1.737381,-0.629456,-1.034760,4
344480424332,-9.087524,-3.432953,0.726990,1
344487901138,-1.460037,-0.504135,-0.847488,4
344547715592,-0.079666,-0.291580,-0.295273,4
344570146011,-8.657471,-2.572052,0.450867,1
344600053238,-8.840759,-2.389557,0.490540,1
344607530045,0.302353,-0.049835,-0.076309,4
344629960465,-9.006592,-2.407806,0.666687,1
344637437271,0.302719,0.035263,-0.058868,4
344667344498,0.336533,0.107544,-0.042847,4
344689744400,-9.385071,-2.449066,0.743652,1
344697221207,0.391373,0.149551,-0.018631,4
344719651627,-9.430298,-2.272125,0.789673,1
344727128433,0.395996,0.161652,-0.011871,4
344757035660,0.326218,0.192993,-0.011505,4
344786942886,0.212631,0.225739,-0.009369,4
344809403824,-8.999451,-2.127716,0.991211,1
344816850113,0.116867,0.277008,0.006287,4
344869157242,-9.462830,-2.155487,1.214172,1
344846757340,0.077347,0.343597,0.060410,4
344899064468,-9.625488,-2.074554,1.254639,1
344906541275,0.006134,0.410889,0.231308,4
344928971695,-9.687378,-2.199921,1.223694,1
344936448502,-0.068985,0.403412,0.311066,4
344958878922,-9.658813,-2.405426,1.351440,1
344966355728,-0.054031,0.413727,0.377991,4
344988755631,-9.652466,-2.491913,1.456970,1
344996232437,0.026077,0.431885,0.417877,4
345018662857,-9.485046,-2.509369,1.434753,1
345048570084,-9.312866,-2.491913,1.522827,1
345078477310,-9.210510,-2.367340,1.559326,1
345026139664,0.112946,0.423706,0.423218,4
345085954117,0.219757,0.356049,0.376923,4
345115861343,0.169205,0.285919,0.343811,4
345138291763,-9.227173,-2.209442,1.401428,1
345145768570,0.057053,0.219696,0.318542,4
345168168472,-9.331909,-2.324493,1.272888,1
345175645279,-0.061508,0.155609,0.304657,4
345227952408,-9.320007,-2.459381,0.923767,1
345235429215,-0.194672,0.113586,0.250885,4
345257859635,-9.373169,-2.477631,0.742065,1
345265336441,-0.241669,0.091873,0.194992,4
345287766861,-9.178772,-2.582367,0.684143,1
345295243668,-0.247726,0.087952,0.129120,4
345317643570,-9.056580,-2.481598,1.040405,1
345355027603,-0.126312,0.135315,0.033356,4
345347550797,-8.980408,-2.209442,0.992004,1
345407365250,-9.093079,-2.340363,2.624939,1
345414842056,-0.493744,-0.102173,-0.136475,4
345437241959,-8.276611,-3.095734,3.414429,1
345444718765,-1.337555,-0.336441,-0.532043,4
345556840347,-4.321228,-5.555450,5.970947,1
345534409927,0.664810,-0.743042,-1.157242,4
345564317154,0.750259,-1.032501,-1.220612,4
345586747574,-3.567444,-5.955353,3.966675,1
345594224381,1.022263,-1.162094,-1.175400,4
345616624283,-3.466675,-4.938141,3.316833,1
345624101090,1.425659,-1.567627,-0.977448,4
345646531510,-3.180237,-3.096527,3.895264,1
345683915543,0.718216,-1.509949,-0.679077,4
345676438736,-3.762634,-1.696075,3.275574,1
345736253189,-5.970825,-2.109467,3.670715,1
345713883804,0.482162,-1.776978,-0.526703,4
345773606705,0.512070,-1.991302,0.290054,4
345796037125,-6.184265,1.897491,2.475769,1
345803513931,-0.160141,-2.440979,0.302155,4
345825944351,-5.651855,-0.497162,2.006836,1
345833421158,-0.626541,-2.003769,0.840485,4
345885728287,-6.977722,3.313812,1.262573,1
345863297867,-0.483780,-1.587204,1.274139,4
345923081802,2.075073,-0.405518,1.701752,4
345915604996,-9.052612,4.727753,-3.292664,1
345945512222,-10.005554,2.806793,-5.615112,1
345952989029,3.092270,0.784363,1.599213,4
345975419449,-16.627350,2.533051,-12.717941,1
345982896256,3.886246,0.610626,-0.147522,4
346005296158,-19.443130,5.433929,12.547119,1
346012772965,-0.221725,-2.356598,-2.207550,4
346035203385,-19.443130,-17.670746,19.466858,1
346042680191,-2.506073,-2.149033,-2.047699,4
346065110611,-19.443130,-9.329132,19.466858,1
346072587418,-1.823898,-1.054214,-1.923798,4
346094987320,-19.443130,-11.297699,16.177979,1
346102464127,-1.874466,-1.120438,-2.637650,4
346184709000,2.346985,1.545990,10.256409,1
346192155289,-0.051895,0.791489,0.114532,4
346214585709,-11.502014,-7.812042,11.483887,1
346222062515,-0.053329,0.473190,0.526825,4
346244462418,-6.038269,-3.601959,1.775146,1
