Inicio: 08-05-2017-16:27:05:267
Fim: 08-05-2017-16:27:09:967
9392450895248,9.72534,-1.87936,1.13086,1
9392632535873,9.6087,-1.77463,1.16577,1
9392662809310,9.52539,-1.6564,1.06659,1
9392693082748,9.68884,-1.77701,1.27209,1
9392726285873,9.58728,-1.65164,1.19672,1
9392757535873,9.67773,-1.72861,1.2467,1
9392768155990,-0.0119019,0.000656128,0.00370789,4
9392787809310,9.59363,-1.79605,1.11261,1
9392818082748,9.54047,-1.75241,1.10071,1
9392828123031,-0.0112,-0.0139465,0.00193787,4
9392847379623,9.68329,-1.78336,1.22607,1
9392858091293,-0.0190277,-0.0185699,0.00514221,4
9392877653060,9.52856,-1.71274,1.19196,1
9392888090072,-0.0578308,-0.0221252,0.0040741,4
9392907926498,9.59125,-1.83255,1.14435,1
9392938199935,9.53412,-1.78098,1.18561,1
9392948057113,-0.020813,-0.00860596,0.000152588,4
9392967496810,9.61108,-1.78177,1.19672,1
9392997770248,9.72614,-1.85477,1.29272,1
9393007993637,-0.0546265,-0.0043335,-0.00305176,4
9393037992416,-0.0966492,-0.00610352,0.0012207,4
9393057340560,9.63727,-1.96188,1.22052,1
9393067960678,-0.0695801,-0.00219727,-0.00411987,4
9393087613998,9.64044,-1.92221,1.31097,1
9393097959457,-0.0261536,-0.0118103,-0.0165863,4
9393117887435,9.57538,-1.79843,1.30304,1
9393177457748,9.61267,-1.87936,1.3078,1
9393187894760,0.00767517,-0.00468445,-0.00660706,4
9393207731185,9.55554,-1.75955,1.28082,1
9393238004623,9.66583,-1.90237,1.28003,1
9393247831283,-0.0243683,-0.0171509,-0.0254822,4
9393267301498,9.57458,-1.8262,1.24591,1
9393277799545,-0.0350494,-0.0263977,-0.0183563,4
9393327848373,9.59839,-1.79367,1.27924,1
9393337766586,-0.0435944,-0.0349426,-0.0190735,4
9393357145248,9.55792,-1.80002,1.19434,1
9393387418685,9.52936,-1.81985,1.13403,1
9393397703109,-0.0720825,-0.0602264,-0.0286865,4
9393427701889,-0.0642395,-0.0712585,-0.0261993,4
9393446988998,9.61426,-1.82224,1.19751,1
9393457670150,-0.0574799,-0.0744629,-0.0197906,4
9393477262435,9.51984,-1.78732,1.18958,1
9393517606674,-0.0535583,-0.0872803,-0.0286865,4
9393537809310,9.53888,-1.70084,1.21893,1
9393567106185,9.64203,-1.90793,1.26099,1
9393577573715,-0.0571289,-0.108292,-0.0343781,4
9393627653060,9.54364,-1.7056,1.13007,1
9393637540756,-0.0240173,-0.112564,-0.0386505,4
9393717496810,9.60791,-1.64529,1.08484,1
9393727476058,-0.00799561,-0.12645,-0.0546722,4
9393777067123,9.61902,-1.71036,1.0293,1
9393787412582,-0.0311279,-0.152084,-0.0838776,4
9393807340560,9.71185,-1.76669,1.04834,1
9393817350326,-0.0144043,-0.15387,-0.0867157,4
9393836637435,9.68805,-1.57071,0.949158,1
9393847349105,-0.0560608,-0.150665,-0.080307,4
9393866910873,9.66266,-1.42789,0.822205,1
9393897184310,9.87769,-1.65164,0.839661,1
9393907285629,-0.11908,-0.201218,-0.138351,4
9393927457748,9.95703,-1.6683,0.453247,1
9393937253890,-0.112671,-0.204071,-0.140121,4
9393956754623,9.70154,-1.33981,0.221558,1
9393967222152,-0.125488,-0.282745,-0.149734,4
9394017301498,9.70392,-1.24222,0.131897,1
9394027219711,-0.103058,-0.295929,-0.132294,4
9394046598373,9.66583,-1.19699,0.0866699,1
9394057157455,-0.142212,-0.341141,-0.164337,4
9394076871810,9.76263,-1.08353,0.224731,1
9394087156234,-0.231232,-0.325836,-0.204208,4
9394107145248,9.66425,-1.10971,0.127136,1
9394117124496,-0.435593,-0.327255,-0.210983,4
9394136442123,9.38574,-1.15652,-0.279114,1
9394147092758,-0.533508,-0.365356,-0.212402,4
9394166715560,9.50714,-1.41599,-0.452881,1
9394196988998,9.41748,-0.974823,-0.391785,1
9394207059799,-0.38504,-0.531265,-0.244095,4
9394227262435,9.47699,-1.23825,-0.474304,1
9394237028060,-0.326294,-0.601761,-0.236969,4
9394256559310,9.27704,-1.15335,-0.482239,1
9394266965805,-0.224106,-0.686142,-0.240524,4
9394286832748,9.4881,-1.01767,-0.226746,1
9394296964584,-0.129395,-0.728149,-0.245163,4
9394317106185,9.32941,-0.974823,-0.235474,1
9394326932846,-0.104477,-0.70929,-0.223801,4
9394346403060,9.13818,-0.695526,-0.175171,1
9394356901107,-0.0848999,-0.696106,-0.201721,4
9394376676498,9.06519,-0.882782,-0.241028,1
9394386869369,-0.129761,-0.638794,-0.144394,4
9394406949935,8.40265,-0.536835,-0.383057,1
9394416837631,-0.0735016,-0.617065,-0.144043,4
9394436246810,8.34631,-0.988312,-0.0974121,1
9394446805892,-0.0368347,-0.583252,-0.114136,4
9394476774154,-0.00193787,-0.450089,-0.105942,4
9394496793685,7.12756,-0.194061,0.2771,1
9394506742416,-0.190994,-0.387787,-0.0917053,4
9394526090560,6.62372,-0.463837,0.25885,1
9394536710678,-0.145416,-0.247147,-0.070694,4
9394556363998,5.8136,0.00747681,0.480225,1
9394566678939,-0.162155,-0.184479,-0.0667877,4
9394586637435,6.04608,0.752533,1.69897,1
9394616910873,5.50256,-0.105194,1.55774,1
9394626645980,-0.683746,0.384109,-0.0521851,4
9394646207748,5.1701,-0.855804,0.919006,1
9394656614242,-0.702972,0.398346,-0.217392,4
9394676481185,5.70172,-0.916107,0.471497,1
9394686613021,-0.740356,0.227814,-0.409286,4
9394706754623,5.05109,-1.53024,-1.50342,1
9394716550765,-0.558426,-0.102234,-0.474442,4
9394736051498,5.46368,-2.61411,-2.26434,1
9394746519027,-0.129395,-0.728149,-0.563461,4
9394766324935,6.47693,3.121,3.31366,1
9394796598373,16.0555,-8.21909,15.2576,1
9394806455551,-3.29066,1.04813,0.0667267,4
9394825895248,17.9749,-16.0204,18.0831,1
9394836423812,-1.29294,3.3613,1.1562,4
9394856168685,17.3259,-17.6485,4.242,1
9394866392074,-0.931915,1.33722,1.41719,4
9394886442123,19.5563,-3.42026,-17.0328,1
9394915738998,17.4941,18.9935,-19.5325,1
9394926359115,1.58101,-1.06711,1.75542,4
9394946012435,10.6426,14.7489,-19.5325,1
9394986295639,-1.79317,-4.68623,-2.97668,4
9395005582748,12.6254,5.0975,-9.26819,1
9395016263900,-4.84229,-5.62903,-4.89857,4
9395035856185,19.5563,-6.23862,-6.26019,1
9395046232162,-4.31677,-5.49017,-6.09558,4
9395066129623,19.5563,-9.36484,-10.8265,1
9395076200424,-0.805878,-7.06528,-6.11018,4
9395096403060,19.5563,-4.9183,-5.61115,1
9395106168685,1.45959,-6.79611,-4.61162,4
9395125699935,18.6946,-7.5018,-4.35034,1
9395136136947,-1.26231,-4.31346,-2.49782,4
9395155973373,9.63647,-12.372,-8.76752,1
9395196103988,-2.72029,-4.46014,0.592239,4
9395215543685,-9.7334,-2.21817,17.7165,1
9395226041732,-1.55711,-5.9726,1.23062,4
9395245817123,-1.14502,-2.99655,19.4669,1
9395276090560,9.00647,-3.66147,13.6556,1
9395285978256,3.28751,-1.93726,1.00098,4
9395305387435,13.3641,1.67374,6.98102,1
9395315946517,3.65671,0.609833,1.81096,4
9395335660873,12.6754,6.78043,8.39734,1
9395345914779,4.60591,3.13451,6.45763,4
9395365934310,-9.39182,3.58974,-12.4813,1
9395375913558,15.0019,0.0665283,1.60625,4
9395395231185,-0.91571,14.3482,-5.91246,1
9395435850082,2.76234,-0.420532,-1.40834,4
9395455778060,-3.30798,2.95041,-14.5562,1
9395465787826,-11.6373,0.979767,-3.30067,4
9395485074935,-1.66394,-15.9307,-15.0081,1
9395495786605,-13.9537,2.9718,0.318802,4
9395515348373,-7.79895,-14.5263,-9.02142,1
9395525754867,1.02417,0.277649,-0.860031,4
9395545621810,-1.52747,2.86868,-10.9432,1
9395555723129,5.64305,-0.658722,-0.17395,4
9395575895248,-2.84222,3.98111,-16.6307,1
9395585691390,5.6167,-1.37508,0.735367,4
9395615659652,5.21474,-1.94118,0.452316,4
9395635465560,-1.64569,-0.758209,-10.8154,1
9395645658432,7.0519,-2.65681,-0.500793,4
9395665738998,-1.85199,-3.13065,-10.3235,1
9395675626693,5.60959,-2.16156,-1.68568,4
9395695035873,-0.0643311,-5.98154,-5.58734,1
9395705594955,1.96838,-1.05002,-0.780991,4
9395725309310,-1.82898,-10.1678,-6.83704,1
9395735593734,1.16089,-0.251419,-0.229843,4
9395755582748,-1.67664,-7.52878,-8.91351,1
9395765531478,-0.296738,0.233154,-0.0820923,4
9395784879623,-1.21167,-5.88394,-8.91669,1
9395795499740,-1.62582,0.549667,-0.0254822,4
9395845426498,-0.863342,-4.0947,-9.13489,1
9395855405746,-1.4617,0.81456,-0.0365143,4
9395874723373,-1.03711,-3.37582,-8.33112,1
9395885374008,-0.95256,0.629059,0.0115509,4
9395904996810,-1.35211,-2.69504,-7.5448,1
9395915342269,-0.350861,0.268402,-0.0407867,4
9395935270248,-1.37671,-2.39908,-9.4126,1
9396005338607,1.40298,-0.35289,-0.110214,4
9396025113998,-2.67084,-0.117096,-7.64001,1
9396035215316,1.0352,-0.304108,-0.317795,4
9396055387435,-3.04456,-0.431305,-9.2182,1
9396084684310,-2.58832,2.01492,-5.98724,1
9396095182357,-0.0435944,-0.40451,-0.997467,4
9396114957748,-0.899841,1.08737,-3.44342,1
9396125150619,-1.2641,-0.137848,-1.21251,4
9396155088363,0.476227,-0.0392151,-2.1019,4
9396174528060,2.38666,0.352631,0.648438,1
9396204801498,3.60938,-9.53146,-6.23163,1
9396215055404,2.24359,0.347443,-2.68581,4
9396245054183,3.76886,-0.158493,-1.30864,4
9396264371810,-2.31458,-20.0059,-16.8487,1
9396384488998,-0.215881,-0.854218,-5.05573,1
9396394895492,-2.53088,0.104263,-0.158646,4
9396414762435,0.19989,-1.62863,-7.20044,1
9396474332748,-0.974426,-3.3179,-14.4352,1
9396484800277,-1.10245,-0.0495453,0.0738525,4
9396594449935,-0.724487,-2.70932,-8.00421,1
9396604673324,0.409286,0.0725708,-0.0201416,4
9396694578109,-0.325226,0.00137329,0.0012207,4
9396714567123,-0.687988,-2.23721,-9.43243,1
9396724546371,-0.176041,0.00527954,-0.00411987,4
9396833707748,-0.833191,-2.68314,-9.74268,1
9396844419418,0.170029,-0.0406494,-0.0105286,4
9396874387680,0.0564575,-0.0210571,-0.00447083,4
9396894254623,-0.852234,-2.59982,-9.38959,1
9397104215560,-0.775269,-2.45621,-9.4483,1
9397114103256,-0.0108337,0.0180969,-0.00553894,4
9397223356185,-0.745117,-2.43558,-9.42212,1
9397233976303,-0.0154724,-0.00396729,-0.00767517,4
9397343473373,-0.773682,-2.47525,-9.43958,1
9397353849349,0.0311737,0.0020752,-0.013382,4
9397463590560,-0.756226,-2.48318,-9.44592,1
9397473722396,0.0236969,-0.00930786,-0.00447083,4
9397583707748,-0.736389,-2.53873,-9.39197,1
9397593595443,-0.0193787,0.0131226,-0.0112457,4
9397702848373,-0.821289,-2.41098,-9.57526,1
9397713407455,-0.0179596,-0.00610352,-0.00732422,4
9397822965560,-0.737976,-2.43796,-9.41815,1
9397833341537,0.0126648,-0.00540161,-0.00804138,4
9397943082748,-0.74115,-2.42923,-9.50781,1
9397953123031,-0.0268555,0.00421143,-0.00305176,4
9397972379623,-0.742737,-2.35385,-9.49512,1
9397983091293,0.0126648,-0.00361633,-0.00660706,4
