Inicio: 08-05-2017-15:34:11:171
Fim: 08-05-2017-15:34:15:764
6218974336994,4.74005,-8.88718,4.36102,1
6219004610431,6.15399,-9.06094,3.47473,1
6219064669025,-0.937927,-12.691,1.95447,1
6219094454181,-3.26196,-18.7173,-3.13794,1
6219124727619,-5.87164,-20.0059,-4.74628,1
6219155001056,-16.1451,-20.0059,-8.77069,1
6219164705646,3.95151,3.72803,-5.30945,4
6219184297931,-18.0113,-19.3997,-10.0077,1
6219194673908,6.21484,0.194702,-4.36986,4
6219224642170,5.1357,0.152328,-3.38115,4
6219244844806,-8.35278,-3.42819,-3.78778,1
6219304415119,-5.65186,3.80179,-5.36517,1
6219314607990,0.637863,1.45116,0.743561,4
6219334688556,-5.28131,5.70529,-5.23822,1
6219344606769,-0.278229,1.69041,1.50726,4
6219364473713,-6.94202,5.91714,-4.90814,1
6219374575031,-1.50763,1.61316,1.94127,4
6219394258869,-7.11975,4.15488,-4.87085,1
6219404573810,-1.68243,0.374847,2.02423,4
6219424532306,-5.10516,1.47141,-3.93933,1
6219434572590,-0.733246,-0.499573,2.39772,4
6219454317463,-5.61139,-1.48422,-1.23364,1
6219484102619,-11.6766,-12.0475,1.62518,1
6219494539631,-1.78462,-0.502426,3.50464,4
6219514376056,-19.3529,-20.0059,3.09546,1
6219524507892,-3.17175,-1.00089,3.65417,4
6219634493244,2.98889,-14.919,1.81403,1
6219644472492,-0.555222,-2.62228,1.21852,4
6219694063556,9.27148,-7.65573,3.20416,1
6219704409015,-1.33032,-0.592499,-0.0336761,4
6219724336994,10.2776,-6.45126,3.65643,1
6219734407795,-1.15799,-0.116486,-0.83226,4
6219754610431,11.106,-6.80435,3.0542,1
6219764406574,0.133362,0.84198,-1.48204,4
6219783907306,7.30688,-8.16275,2.51941,1
6219794374836,1.52084,2.0582,-2.19376,4
6219814180744,2.42157,-13.4345,1.0166,1
6219843965900,-1.31879,-20.0059,0.957886,1
6219854341877,1.23494,3.37483,-4.35455,4
6219884310138,1.14664,3.32997,-4.44,4
6219904024494,-17.7352,-20.0059,-4.22498,1
6219964083088,-9.52313,-9.12997,-1.93188,1
6219974245441,4.30292,-0.0808716,-3.07744,4
6219993868244,-7.21259,-1.06448,-4.58838,1
6220004244220,3.61115,0.313965,-1.22676,4
6220024141681,-6.14697,5.40695,-4.26862,1
6220034243000,1.47562,0.502319,0.291031,4
6220053926838,-5.35272,7.43979,-3.95441,1
6220083711994,-9.02167,8.25705,-4.58759,1
6220094210041,-1.56104,2.21735,2.10754,4
6220124178303,-1.38194,0.74086,3.03004,4
6220144258869,-8.0481,2.9877,-6.38239,1
6220184145344,-1.13663,0.10141,4.27403,4
6220203829181,-16.4119,-14.2502,1.90924,1
6220214144123,-3.34656,-0.587158,4.31569,4
6220234102619,-19.4431,-20.0059,-0.332275,1
6220264376056,-19.0768,-20.0059,-1.7486,1
6220274172199,-4.78851,-2.10674,2.59532,4
6220293672931,-10.434,-20.0059,0.40802,1
6220304109943,-3.87207,-2.70239,1.6682,4
6220323946369,-1.68695,-18.3492,1.43634,1
6220334108722,-2.06554,-1.83899,1.66214,4
6220353731525,3.64429,-15.8275,2.38452,1
6220394075763,-0.759949,-0.477142,0.831146,4
6220413790119,7.69885,-8.18417,5.57501,1
6220424074543,-1.77573,0.342453,-0.205276,4
6220444063556,10.5228,-8.36191,5.67499,1
6220484041584,1.04126,1.17451,-1.67892,4
6220503633869,6.77606,-7.80966,5.05054,1
6220514009845,2.43764,1.99234,-2.36928,4
6220533907306,1.79633,-12.5426,3.98413,1
6220544008625,2.58575,2.11908,-3.50896,4
6220563692463,-2.1297,-19.5552,1.44427,1
6220593477619,-8.14172,-20.0059,0.399292,1
6220603945148,2.19873,1.90404,-4.23955,4
6220623751056,-16.4784,-20.0059,-3.6283,1
6220633943928,1.59062,1.83069,-4.84375,4
6220653536213,-16.2747,-20.0059,-4.54395,1
6220663912189,2.91971,-0.132858,-4.63689,4
6220684297931,-11.5107,-13.6368,-2.59918,1
6220693910969,3.64781,0.0942993,-3.90559,4
6220743868244,-5.79626,3.7764,-4.73279,1
6220753878010,3.28821,0.0907288,-0.92305,4
6220803438556,-4.98059,8.96561,-4.65662,1
6220813845051,-1.20891,2.33698,0.671646,4
6220833711994,-9.3819,9.00449,-5.08826,1
6220843813312,-1.53362,1.60248,1.82628,4
6220863497150,-8.05048,5.27444,-6.19751,1
6220893282306,-7.61963,0.785858,-4.67407,1
6220903780353,-1.05011,0.336044,3.91693,4
6220923555744,-10.6855,-6.04581,-1.67242,1
6220933748615,-2.13959,0.378769,4.47556,4
6220953340900,-17.8487,-18.3222,0.0779419,1
6220963716877,-3.53027,-0.251068,5.481,4
6220984102619,-19.4431,-20.0059,-0.694885,1
6220993715656,-4.43213,-0.475372,5.02492,4
6221023683918,-4.48517,-1.71225,3.03787,4
6221043672931,-11.0458,-20.0059,1.69818,1
6221053682697,-3.47118,-1.36368,1.95409,4
6221073458088,-4.30298,-17.3938,2.40753,1
6221113619220,-1.14589,-1.43489,1.8512,4
6221133516681,4.55359,-10.7074,2.89313,1
6221143587482,-2.19086,-1.25011,1.25732,4
6221163790119,7.43781,-8.98795,4.68396,1
6221173586261,-2.73666,-0.134277,0.538834,4
6221193086994,8.42645,-10.167,6.86914,1
6221203554523,-0.875305,0.491989,-0.0682068,4
6221223360431,7.81708,-10.3836,6.44861,1
6221233522785,1.67963,0.872589,-1.08897,4
6221263521564,2.96422,1.24928,-2.12184,4
6221283419025,2.10974,-13.6955,3.12799,1
6221293489826,2.93965,1.40701,-3.30959,4
6221313204181,0.226074,-19.3291,2.29883,1
6221323458088,2.36038,1.31622,-3.66135,4
6221342989338,-6.95789,-20.0059,-0.271973,1
6221353426349,1.21713,2.28677,-4.34779,4
6221373751056,-18.7689,-20.0059,-9.22772,1
6221383425129,2.10652,1.53375,-5.58751,4
6221403047931,-16.9568,-19.3021,-6.28082,1
6221463594806,-11.9344,-4.61203,-5.24536,1
6221473360431,4.5995,-0.413055,-3.30281,4
6221492891681,-8.11871,4.92056,-5.88251,1
6221503298176,3.82085,-0.708572,-1.5593,4
6221523165119,-4.25696,9.73129,-4.8288,1
6221593233478,-1.31393,0.883987,1.69205,4
6221613008869,-6.28027,8.29355,-5.75873,1
6221623232258,-2.28271,-0.0210571,2.72527,4
6221642794025,-7.33319,2.75522,-4.80261,1
6221653200519,-2.22647,0.22995,3.83968,4
6221683168781,-2.56541,0.14592,4.56813,4
6221702852619,-18.5142,-19.1529,-2.60474,1
6221733126056,-19.4431,-20.0059,-1.79303,1
6221743135822,-5.92819,-0.314087,4.48802,4
6221763399494,-18.3129,-20.0059,0.259644,1
6221773134601,-5.37634,-0.0491943,2.95741,4
6221792696369,-12.1725,-20.0059,-0.373535,1
6221803072345,-1.45564,0.12384,2.44969,4
6221822969806,-4.94092,-18.192,0.0874634,1
6221833101642,1.05798,-0.352173,2.32224,4
6221852754963,-0.417419,-12.595,4.12695,1
6221863069904,0.329895,-0.882675,2.09508,4
6221883028400,1.89313,-8.65469,6.29944,1
6221923036945,-2.88585,-0.30162,0.915527,4
6221942598713,3.45465,-7.68826,4.1579,1
6221952974689,-1.60803,-0.770172,0.447342,4
6221973360431,6.27618,-7.02811,4.26501,1
6221982973469,0.774582,-0.40416,-0.173233,4
6222002657306,6.91174,-4.42081,5.67419,1
6222012941730,2.20444,0.592392,-0.651047,4
6222032930744,4.59088,-3.70511,4.8855,1
6222042940510,2.412,0.409027,-0.743973,4
6222062715900,2.67706,-7.67557,0.335022,1
6222092501056,-3.81024,-18.9839,-3.42596,1
6222102907551,1.21643,3.08751,-0.460205,4
6222122774494,-18.0976,-20.0059,-15.5044,1
6222132845295,1.48666,3.53398,-0.297852,4
6222152559650,-18.6745,-19.9091,-10.0696,1
6222162813556,1.26022,-1.59511,-3.14189,4
6222182344806,-19.387,-13.6209,-4.7923,1
6222192781818,2.85242,0.502319,-3.8618,4
6222212618244,-16.1673,-7.54227,-4.75262,1
6222222750080,2.7805,-1.23622,-3.56343,4
6222242891681,-10.0587,-4.4454,-4.39398,1
6222252748859,2.33189,-0.868073,-3.13583,4
6222273165119,-9.68341,-1.0145,-2.0755,1
6222282747638,1.49591,-0.317642,-2.49675,4
6222342653644,1.50482,-0.47644,-1.18617,4
6222363008869,-4.52118,3.22733,0.616699,1
6222372652424,1.68355,-0.712128,-0.746811,4
6222392305744,-3.25244,2.66714,-0.242615,1
6222402620685,1.11424,-0.708923,-0.134781,4
6222422579181,-2.6875,1.73325,-2.36353,1
6222432588947,0.797363,-0.480713,0.911972,4
6222452852619,-3.28656,0.997711,-0.656006,1
6222462587726,0.142609,0.0903778,2.29054,4
6222482149494,-5.3551,-0.555084,0.833313,1
6222492555988,-0.759949,0.453537,3.51105,4
6222512422931,-8.07428,-2.22452,0.627014,1
6222522554767,-1.74796,0.548599,4.55673,4
6222542208088,-11.7147,-5.9371,-0.653625,1
6222571993244,-18.4951,-9.91153,2.01477,1
6222582460773,-2.61775,1.31409,5.26703,4
6222632051838,-15.0472,-10.532,1.40619,1
6222642397297,-10.0404,-1.63748,2.03812,4
6222672396076,-4.79492,-2.0042,1.73619,4
6222692110431,-6.27869,-11.7262,-1.40979,1
6222722383869,-5.17102,-8.3262,-1.15033,1
6222732363117,2.31125,-0.583603,1.25626,4
6222752169025,-4.80048,-6.35367,-0.261658,1
6222762331379,3.5798,0.0779114,1.10031,4
6222842012775,-8.59955,-3.98123,0.941223,1
6222852236164,0.223434,0.500534,1.1644,4
6222871797931,-12.5065,-5.39359,-0.299744,1
6222902071369,-12.6533,-6.02597,-0.855957,1
6222912203205,-1.27264,-0.626678,1.03978,4
