Inicio: 02-05-2017-14:14:49:877
Fim: 02-05-2017-14:14:59:259
6447400007801,-8.83441,-2.59903,1.73389,1
6447435347156,-8.9574,-2.32449,1.9267,1
6447465620594,-8.87091,-2.38162,1.68152,1
6447495405750,-9.70483,-2.48557,1.31256,1
6447555464344,-9.04468,-2.68393,1.66486,1
6447585249500,-9.18274,-3.06479,1.61328,1
6447615034656,-9.11212,-3.29568,1.49268,1
6447645308094,-8.93677,-2.96005,1.74738,1
6447677046375,-9.10577,-2.69424,1.79657,1
6447700148182,-0.0749207,-0.0445557,-0.0742645,4
6447710249500,-9.09863,-2.16263,1.94653,1
6447730116443,-0.433807,-0.101532,-0.136917,4
6447740034656,-9.25018,-2.31735,1.85132,1
6447800093250,-9.10101,-2.77597,1.27051,1
6447820021228,-0.582642,0.0170288,-0.0860138,4
6447849989490,-0.444855,0.154816,0.0279236,4
6447879927234,-0.310623,0.297241,0.188141,4
6447889937000,-9.12085,-3.04019,1.39667,1
6447909895496,-0.197754,0.431107,0.348007,4
6447919722156,-9.11292,-3.14413,1.50537,1
6447949995594,-9.29541,-3.37265,1.57996,1
6447969832019,0.133713,0.430389,0.508575,4
6447979780750,-9.47791,-3.48691,1.63232,1
6448009565906,-9.69214,-3.21634,1.65692,1
6448029738025,0.210266,0.0864563,0.308487,4
6448059736805,-0.0257874,-0.0791016,0.152542,4
6448069624500,-9.81116,-3.10526,1.39984,1
6448089705066,-0.316315,-0.198013,0.00584412,4
6448099897937,-9.77942,-3.17191,1.24432,1
6448189741687,-9.5144,-3.24887,0.79126,1
6448209547596,-0.252945,-0.239319,-0.221298,4
6448219526844,-9.32556,-3.11319,0.852356,1
6448239515857,-0.219482,-0.213318,-0.24231,4
6448249312000,-9.24225,-3.05765,0.863464,1
6448269453601,-0.204529,-0.19339,-0.246933,4
6448279585437,-9.1875,-2.98068,0.860291,1
6448309370594,-9.03674,-2.91324,0.910278,1
6448329359607,-0.154327,-0.145325,-0.23732,4
6448369429187,-9.06848,-2.85373,0.899963,1
6448428999500,-9.0423,-2.87039,1.42206,1
6448449232654,-0.348724,0.019165,-0.139771,4
6448489058094,-9.04706,-3.96219,2.54163,1
6448509138660,-1.17935,-0.0712585,-0.370132,4
6448549116687,-8.84631,-8.41666,4.05396,1
6448569044666,-1.40971,-0.282043,-1.18225,4
6448628950672,-0.0784912,-0.58432,-1.77185,4
6448668745594,-9.01849,-9.38229,3.10419,1
6448688887195,-0.314896,-0.972397,-2.30911,4
6448718855457,-0.340881,-1.05536,-2.49603,4
6448748823719,0.0774536,-1.08775,-2.50636,4
6448758589344,-6.12793,-7.33835,2.14093,1
6448778761463,0.458771,-1.08134,-2.41379,4
6448788862781,-5.50665,-6.55838,1.83228,1
6448818647937,-4.81,-5.81015,1.41254,1
6448928572254,0.191742,-0.590363,-0.443466,4
6448938765125,-4.17285,-4.25497,1.07532,1
6448958540516,-0.0852509,-0.319061,0.0902252,4
6448988508777,-0.190994,0.009552,0.660599,4
6448998335437,-4.71954,-4.24625,0.496094,1
6449018446521,-0.249023,0.391937,1.25768,4
6449078383045,-0.155746,1.25818,2.59888,4
6449088179187,-8.84235,-4.37717,0.177917,1
6449118452625,-11.8615,-4.36685,-0.594116,1
6449138289051,0.258682,1.81076,4.04582,4
6449148237781,-14.2934,-4.2645,-1.2511,1
6449168257312,0.303894,1.96457,4.55887,4
6449178022937,-16.3992,-4.32559,-1.74304,1
6449198225574,0.593002,1.76198,4.6048,4
6449208296375,-16.0231,-4.79611,-0.0950317,1
6449238081531,-13.4436,-4.65964,1.86957,1
6449258131580,1.05122,1.41733,2.9129,4
6449267866687,-12.4835,-4.19626,2.11633,1
6449288069324,1.28479,1.40594,1.90887,4
6449298140125,-12.1455,-3.47025,2.36072,1
6449318007068,1.22568,1.23682,1.18042,4
6449327925281,-10.6974,-2.75851,2.85504,1
6449348036365,0.324554,1.00789,0.697281,4
6449358198719,-8.82013,-3.23459,2.60431,1
6449377913074,-0.390015,0.926712,0.520325,4
6449387983875,-7.5863,-3.78604,2.34961,1
6449407881336,-0.508575,0.912109,0.48259,4
6449417769031,-6.99359,-3.57498,2.96454,1
6449477827625,-6.86981,-2.77359,4.02777,1
6449497755603,-2.11539,0.491272,0.147202,4
6449507612781,-7.32764,-3.82809,3.30017,1
6449527693348,-2.0367,0.274811,0.00370789,4
6449537886219,-7.98303,-4.73026,2.87567,1
6449557661609,-1.46526,0.0490723,-0.199585,4
6449567671375,-8.49561,-5.20871,2.58844,1
6449587629871,-0.821533,-0.0331726,-0.400391,4
6449597456531,-9.73102,-5.53403,2.77887,1
6449617567615,-0.267548,-0.0876465,-0.545303,4
6449627729969,-11.3195,-5.41342,3.10577,1
6449647535877,0.00411987,-0.213684,-0.730087,4
6449657515125,-12.3494,-5.00955,2.5575,1
6449687300281,-12.2598,-4.41049,1.88147,1
6449707472400,-0.0713654,-0.430511,-1.30116,4
6449717573719,-14.5481,-5.05002,1.94812,1
6449737410144,0.273987,-0.515594,-1.38805,4
6449747358875,-17.3292,-6.2894,2.47656,1
6449767347889,0.91095,-0.926468,-1.54897,4
6449777144031,-17.33,-5.18253,0.991211,1
6449797316150,0.927673,-1.30493,-2.08374,4
6449807417469,-16.6936,-4.06613,0.174744,1
6449827253894,0.503632,-1.7005,-2.97383,4
6449837202625,-15.92,-4.74216,0.146973,1
6449857222156,0.500076,-1.98817,-3.69374,4
6449866987781,-15.0916,-5.21188,0.19458,1
6449917128162,0.408218,-2.16299,-4.20787,4
6449927046375,-11.3513,-5.12698,-0.215637,1
6449947065906,0.355881,-2.12561,-4.17938,4
6449956831531,-9.14307,-4.8461,-0.00775146,1
6449977034168,0.391129,-2.02449,-4.04694,4
6449987104969,-6.78253,-4.08517,-0.0252075,1
6450007002430,0.342346,-1.84291,-3.82869,4
6450016890125,-5.04724,-3.65829,0.0644531,1
6450036940174,0.157211,-1.47762,-3.51857,4
6450076948719,-3.78564,-2.69583,-0.511597,1
6450096876697,-0.151123,-1.03613,-2.48286,4
6450106733875,-2.9303,-2.57126,-0.78772,1
6450126814441,-0.122986,-0.617432,-1.81636,4
6450137007312,-3.10883,-2.81168,-0.879761,1
6450156782703,0.0842285,-0.313721,-1.04802,4
6450186750965,0.237671,-0.0224915,-0.218811,4
6450196577625,-3.87927,-2.87991,-0.457642,1
6450256636219,-4.13715,-3.18777,0.15094,1
6450276594715,-0.14827,0.793549,2.44542,4
6450336531238,-1.62726,1.36998,4.73973,4
6450346479969,-10.0365,-4.6636,-0.730591,1
6450366468982,-2.06268,1.73563,5.68858,4
6450376265125,-12.4351,-5.71335,0.0827026,1
6450396467762,-1.48093,2.2049,6.29349,4
6450406538562,-17.5987,-7.19553,1.7196,1
6450426374988,0.344131,2.09879,6.32767,4
6450436323719,-19.4431,-9.54813,1.34509,1
6450456373767,2.91971,1.45151,5.38239,4
6450466108875,-16.2358,-6.58853,-0.51239,1
6450486311512,4.15802,2.13795,3.91301,4
6450496382312,-13.7856,-3.4393,-1.57245,1
6450516279773,4.03874,2.34589,2.61276,4
6450546248035,3.28145,2.10199,1.46489,4
6450556440906,-10.926,-0.818512,3.4541,1
6450576185779,1.37486,1.69754,0.622864,4
6450606154041,-0.555222,1.4946,0.393219,4
6450616011219,-8.44958,-3.26474,3.93097,1
6450636122303,-1.42859,1.22116,0.348007,4
6450646284656,-8.07745,-3.64322,4.03015,1
6450666060047,-2.03848,0.969788,0.303497,4
6450695997791,-2.30231,0.833069,0.365799,4
6450705854969,-8.10205,-4.56839,3.62231,1
6450755934314,-0.53244,0.685669,0.493622,4
6450765913562,-10.6649,-6.87973,5.56628,1
6450785872059,0.800217,0.457092,0.3181,4
6450795698719,-12.5049,-6.20926,5.54169,1
6450815840320,1.3446,0.0447998,-0.13443,4
6450825972156,-14.1847,-5.04764,3.70483,1
6450845808582,1.16266,-0.511322,-0.611526,4
6450855756358,-16.7095,-4.8699,3.01453,1
6450875745372,0.83226,-1.37009,-1.03307,4
6450885541515,-16.2596,-4.83499,2.71222,1
6450905713634,0.70871,-2.0341,-1.42685,4
6450915814952,-15.1281,-4.52158,2.09332,1
6450995587901,-0.620377,-3.12999,-2.5117,4
6451005658702,-17.4855,-5.03336,-0.705994,1
6451025525646,-0.749619,-3.10828,-3.11198,4
6451035443858,-16.3849,-5.30869,-1.96997,1
6451055524425,-0.659546,-3.11325,-3.83296,4
6451065717296,-14.0696,-4.39383,-1.33441,1
6451085462169,-0.352997,-2.89714,-4.43538,4
6451095502452,-13.0659,-3.99472,-0.490173,1
6451115399913,0.291077,-2.74298,-4.75475,4
6451125287608,-11.3909,-3.90982,-0.567139,1
6451145368175,0.987488,-2.6561,-4.75972,4
6451175397472,1.57922,-2.54608,-4.48451,4
6451205274181,1.96161,-2.47417,-3.9825,4
6451215131358,-5.1123,-2.75455,-0.525879,1
6451235242442,1.90927,-2.30255,-3.28537,4
6451265210704,1.42934,-2.07683,-2.49959,4
6451275189952,-2.69861,-1.38663,-0.118835,1
6451295148448,0.738617,-1.69765,-1.64653,4
6451304975108,-1.88373,-1.30252,-0.179138,1
6451325086192,0.113419,-1.1319,-0.717972,4
6451335248546,-1.35132,-1.41281,0.113647,1
6451355054454,-0.36261,-0.467529,0.276077,4
6451385022716,-0.729675,0.369873,1.24843,4
6451394818858,-2.07654,-2.8934,1.22211,1
6451414960460,-0.937607,1.27634,2.27631,4
6451425092296,-4.22443,-4.41049,1.29034,1
6451444928722,-1.32747,2.20667,3.20842,4
6451454877452,-6.56512,-6.04184,0.995972,1
6451474866466,-1.43927,2.84612,4.02837,4
6451484662608,-8.53925,-5.47769,1.87671,1
6451504834728,-1.11491,3.37982,4.7198,4
6451514936046,-11.1029,-3.42184,2.2298,1
6451564740733,-0.380402,3.51511,5.2065,4
6451594678478,-0.23407,2.79591,4.95158,4
6451604779796,-16.8023,-5.06589,0.734131,1
6451624616222,-0.639954,2.38077,4.48766,4
6451654584483,-1.24451,2.13013,3.84145,4
6451664350108,-13.1262,-4.54062,1.67755,1
6451684552745,-1.36093,1.90973,3.15892,4
6451694623546,-13.3214,-5.62607,1.79102,1
6451714490489,-0.655975,1.76198,2.64053,4
6451724408702,-13.0802,-5.76968,2.37897,1
6451754193858,-12.3621,-5.80618,2.72729,1
6451774365978,-0.443787,1.4241,1.58951,4
6451804334239,-0.537415,1.29449,1.15016,4
6451834271983,-0.678772,1.24146,0.900223,4
6451844037608,-10.0413,-6.55759,4.6911,1
6451864240245,-0.0638885,1.02676,0.781296,4
6451874311046,-9.83258,-7.9501,5.72974,1
6451904096202,-10.3555,-7.35342,5.32111,1
6451924146251,1.34995,0.459946,-0.0301056,4
6451933881358,-12.0558,-5.89822,4.17694,1
6451954114513,0.887802,-0.138199,-0.529984,4
6451964154796,-14.6266,-5.87839,4.08649,1
6451984082774,0.287521,-0.842438,-1.00067,4
6452024213390,-14.1863,-4.93893,2.68524,1
6452043988780,0.0269012,-1.71332,-2.1991,4
6452053998546,-14.9377,-3.97647,2.43768,1
6452073896007,-0.132248,-1.98497,-2.7563,4
6452083783702,-16.5912,-4.35336,1.83386,1
6452103864269,0.119476,-2.33852,-3.22163,4
6452114057140,-16.8063,-5.08176,-0.121216,1
6452133832530,0.372253,-2.52615,-3.56487,4
6452143842296,-16.7634,-6.02438,-1.44708,1
6452163770274,0.767456,-2.63972,-3.97289,4
6452203900890,-15.5439,-4.4097,-1.4447,1
6452223706798,1.29903,-3.15028,-4.8053,4
6452233686046,-13.6912,-3.64481,-0.5354,1
6452253644542,0.904175,-3.1517,-4.98973,4
6452263471202,-11.4076,-3.60513,-0.70282,1
6452283612804,0.746811,-2.98152,-4.88327,4
6452293744640,-8.7749,-3.28299,-1.05353,1
6452313550548,0.659225,-2.62549,-4.5023,4
6452323529796,-6.75873,-2.82358,-1.20746,1
6452343518810,0.558105,-2.11848,-3.85005,4
6452353314952,-5.20276,-2.2999,-1.48438,1
6452373487071,0.668488,-1.67415,-3.08421,4
6452413373546,-3.2088,-1.439,-1.06622,1
6452433393077,1.06866,-0.753433,-1.21251,4
6452443158702,-2.64703,-1.22952,-1.07019,1
6452463330821,1.08682,-0.329391,-0.132645,4
6452473432140,-1.79327,-1.12717,-0.471924,1
6452523206310,0.145462,1.1884,2.14421,4
6452533002452,-3.38654,-2.2142,0.956299,1
6452553174571,-0.800171,2.04111,3.40138,4
6452563275890,-5.63916,-3.04733,1.61804,1
6452583142833,-2.5177,2.64531,4.27654,4
6452622846202,-10.8752,-3.0632,1.38953,1
6452653119640,-16.5889,-4.97147,0.55719,1
6452672986583,-2.80112,2.7482,6.57796,4
6452682904796,-19.4431,-7.43118,-0.605225,1
6452702985362,0.172165,2.06853,6.83182,4
6452713178233,-19.287,-8.49203,-1.34314,1
6452732892589,2.90654,1.82286,6.35899,4
6452742963390,-15.993,-8.0477,-0.760742,1
6452762830333,4.46065,2.4146,4.84584,4
6452772748546,-13.0167,-5.85934,0.935669,1
6452792829112,4.28726,2.75853,2.99835,4
6452832807140,-12.8041,-0.176605,3.35254,1
6452852735118,0.586243,1.98486,0.459442,4
6452862592296,-11.5179,-0.839142,4.08014,1
6452882672862,-1.22955,1.41769,-0.0860138,4
6452892865733,-9.79211,-2.77914,4.04126,1
6452912641124,-2.42834,1.11292,-0.242661,4
6452922650890,-9.151,-4.34067,4.08093,1
6452942578868,-3.05141,0.880783,-0.207779,4
6452952436046,-8.80902,-6.25369,4.06824,1
6452972516612,-2.53017,0.780029,-0.0350952,4
6452982709483,-8.92883,-7.70255,4.56097,1
6453002545909,-0.963959,0.653625,0.131531,4
6453062390880,2.16206,0.144852,-0.170395,4
6453072553233,-15.3344,-6.02914,4.18488,1
6453092359142,2.10046,-0.677597,-0.478012,4
6453102338390,-16.8761,-4.82785,3.92462,1
6453122296886,1.15518,-1.73183,-1.0085,4
6453132123546,-15.9597,-3.44247,2.57495,1
6453152265147,0.0375824,-2.35739,-1.70918,4
6453162396983,-16.5016,-2.93069,1.37762,1
6453182233409,-0.789139,-2.86758,-2.4081,4
6453192182140,-18.6471,-4.00821,1.16577,1
6453221967296,-18.7931,-4.99844,-0.772644,1
6453242139415,-1.39014,-3.46823,-3.82832,4
6453252240733,-17.8322,-5.44516,-1.54468,1
6453272077159,-1.41541,-3.32901,-4.61018,4
6453282025890,-16.9824,-5.11032,-1.09875,1
6453302045421,-0.877792,-3.03635,-5.29556,4
6453311811046,-14.9083,-4.21848,-1.3233,1
6453331983165,-0.000518799,-2.74084,-5.55725,4
6453342084483,-12.3002,-3.30679,-1.77399,1
6453361951427,0.74646,-2.39299,-5.31551,4
6453371869640,-9.66278,-2.60379,-2.18262,1
6453391919688,1.17584,-2.1395,-4.7672,4
6453401654796,-6.9928,-2.15152,-2.31036,1
6453421857433,1.38055,-1.92622,-3.97893,4
6453461713390,-3.02869,-1.56754,-1.58356,1
6453491498546,-1.86865,-1.24619,-0.85199,1
6453511701183,0.694824,-0.954956,-1.22639,4
6453521771983,-1.46716,-1.16049,-0.475098,1
6453541669444,0.136917,-0.540878,-0.319214,4
6453551557140,-1.81628,-1.31046,-0.289429,1
6453571607188,-0.478317,-0.0221252,0.538483,4
6453581342296,-2.86047,-1.80795,-0.241821,1
6453601544933,-0.963242,0.42897,1.38977,4
6453611615733,-3.98004,-2.79105,0.269958,1
6453631513194,-1.27371,0.935608,2.29411,4
6453641400890,-6.43024,-3.84555,-0.115662,1
6453661481456,-1.38977,1.40915,3.42845,4
6453691419200,-1.55356,1.43335,4.54961,4
6453701459483,-9.18036,-4.23831,-0.367188,1
6453721387462,-1.77002,2.12372,5.44826,4
6453731244640,-12.2249,-4.7485,-0.614746,1
6453751325206,-1.40402,2.64032,6.09624,4
6453761518077,-17.7535,-5.70859,0.322327,1
6453781262950,-0.330917,2.44664,6.29135,4
6453791303233,-19.4431,-7.31058,0.444519,1
6453811200694,1.1445,1.94818,5.95418,4
6453821088390,-18.0163,-7.50577,-0.471924,1
6453841138438,2.18164,2.14615,4.99004,4
6453881146983,-12.8303,-4.56839,1.66882,1
6453901074962,1.41083,2.3644,2.0901,4
6453910932140,-12.6327,-2.28165,3.36285,1
6453931012706,-0.0389709,2.17641,1.06258,4
6453941205577,-12.1288,-3.00369,4.146,1
6453960950450,-0.991013,1.65765,0.560562,4
6453970990733,-10.6657,-4.34384,4.00952,1
6453990888194,-1.30112,1.25142,0.372208,4
6454000775890,-9.07404,-5.87839,3.79291,1
6454031049327,-7.52124,-6.80753,4.19122,1
6454050794200,-0.965027,0.909973,0.391434,4
6454060834483,-7.38794,-6.98129,4.25549,1
6454080762462,-0.399994,0.801025,0.422775,4
6454110700206,0.353027,0.428253,0.409241,4
6454120893077,-9.05023,-6.61551,4.24835,1
6454140668468,0.937286,0.0679474,0.249023,4
6454150678233,-10.9902,-6.0347,3.54297,1
6454170606212,0.8255,-0.40274,-0.0653534,4
6454180463390,-13.304,-5.95059,2.91138,1
6454200574474,0.226639,-0.732788,-0.499008,4
6454210736827,-16.7142,-7.37009,2.63129,1
6454230512218,0.211685,-1.27574,-1.04802,4
6454240521983,-17.5363,-7.28915,2.05841,1
6454260449962,0.597992,-1.66382,-1.7569,4
6454270307140,-17.4252,-4.18594,1.51093,1
6454290418224,0.0710449,-2.01987,-2.56938,4
6454300580577,-17.2086,-2.67123,0.415955,1
6454320355968,-0.389664,-2.25983,-3.26045,4
6454330365733,-16.6373,-4.02011,-0.613159,1
6454350324230,-0.127258,-2.2399,-3.62289,4
6454360150890,-16.4302,-4.89212,-1.51294,1
6454380261974,0.0991821,-2.37518,-3.912,4
6454390424327,-15.4749,-4.81357,-2.29926,1
6454410199718,0.113419,-2.45174,-4.21249,4
6454420209483,-13.4611,-3.60593,-2.84198,1
6454440167980,0.181061,-2.36771,-4.34673,4
6454449994640,-11.314,-2.51334,-2.4278,1
6454470075206,0.349121,-2.22174,-4.2812,4
6454500043468,0.52037,-1.95934,-4.05513,4
6454510053233,-8.61145,-3.17984,-1.4201,1
6454530011730,0.411774,-1.75105,-3.69054,4
6454539838390,-7.47284,-3.08224,-1.94775,1
6454559949474,-0.0813293,-1.66061,-3.28003,4
6454570111827,-5.55902,-2.93069,-1.80096,1
6454589887218,-0.498611,-1.31348,-2.83214,4
6454599896983,-4.18475,-2.96164,-1.48358,1
6454619824962,-0.364746,-1.02866,-2.27245,4
6454629682140,-3.07709,-3.09573,-1.37408,1
6454649793224,0.098114,-0.756989,-1.59454,4
6454659955577,-2.37805,-3.14413,-1.09875,1
6454709699230,0.401459,-0.23468,-0.00270081,4
6454719525890,-2.27411,-3.13223,-0.132324,1
6454739636974,0.145111,0.0405273,0.874222,4
6454749799327,-2.45819,-3.61703,0.436584,1
6454769574718,-0.132965,0.415436,1.73157,4
6454779584483,-4.00781,-4.52078,0.907898,1
6454799542980,-0.569458,0.831299,2.69002,4
6454809369640,-6.52545,-5.09128,0.260437,1
6454829541759,-0.931198,1.02426,3.85071,4
6454839643077,-8.00208,-5.45547,0.892029,1
6454869428233,-10.3134,-5.71097,0.913452,1
6454889386730,-0.416016,1.97168,5.37846,4
6454919324474,0.489044,2.08348,5.53477,4
6454929486827,-17.2998,-6.4473,2.10602,1
6454949262218,1.58456,1.80043,5.05412,4
6454959271983,-16.2445,-6.49887,1.83228,1
6455039105968,0.246582,1.65909,2.11858,4
6455049115733,-11.4036,-4.08438,2.75348,1
6455069043712,-0.639603,1.63736,1.56993,4
6455138959483,-9.23114,-5.10635,2.42419,1
6455158887462,-0.266113,1.13892,0.885269,4
6455168744640,-8.3139,-4.52158,3.11212,1
6455188825206,-0.326996,1.04242,0.668793,4
6455288861827,-9.78418,-6.49173,4.2301,1
6455308606700,1.60451,0.45639,0.0802612,4
6455408490733,-13.9554,-5.71811,1.20782,1
6455428388194,-0.105194,-0.9133,-1.39694,4
6455528119640,-13.0135,-4.09866,-4.62726,1
6455548169688,2.83284,-0.447601,-2.85991,4
6455647748546,-9.47711,-1.42947,-3.29504,1
6455667920665,0.548492,-1.36795,-1.92601,4
6455767865733,-6.9801,-3.8154,-1.94934,1
6455787671642,-0.675201,-1.28429,0.183517,4
6455887494640,-8.95422,-6.12674,-0.187866,1
6455907422618,-1.33353,-1.45305,1.64897,4
6456007123546,-7.92035,-8.85623,2.78998,1
6456027204112,-1.1879,-1.18282,1.77216,4
6456127240733,-5.21466,-8.22543,3.25177,1
6456146985606,-1.31252,-0.921127,1.50121,4
6456246869640,-4.59894,-5.83792,5.79877,1
6456266736583,-0.340179,-0.00753784,0.694427,4
6456366498546,-7.69263,-4.13437,5.66467,1
6456386518077,0.204208,0.0533447,-0.00874329,4
6456486127452,-7.8291,-3.76303,3.76276,1
6456506299571,0.28894,0.184021,-0.153305,4
6456606244640,-6.48578,-5.3674,3.82306,1
6456626050548,0.245148,0.438583,-0.458069,4
6456725873546,-5.95337,-6.59171,4.39117,1
6456745862560,1.16586,1.22437,-0.94371,4
6456845502452,-8.93597,-7.56528,3.83179,1
6456865613536,1.64261,1.35182,-1.46175,4
6456965619640,-7.06818,-8.05325,2.2179,1
6456985395030,2.12468,1.43228,-1.86336,4
6457085248546,-6.99121,-8.71658,0.962646,1
6457105146007,2.19162,1.08835,-2.05562,4
6457204877452,-5.25513,-6.84799,-0.297363,1
6457224958019,1.06653,0.353134,-1.21465,4
6457324994640,-4.59338,-6.54092,1.28003,1
6457344739513,0.088501,1.26424,-0.0390167,4
6457444623546,-7.90289,-10.3955,5.83844,1
6457464490489,0.0418549,0.0298462,-0.231628,4
6457564252452,-5.69788,-6.74405,3.32874,1
6457584271983,0.243729,-0.111145,0.0767059,4
6457683881358,-4.76239,-6.23782,1.55933,1
6457704053478,-0.766357,-0.0983276,0.98851,4
6457803998546,-7.5744,-5.93631,0.738098,1
6457823804454,-1.44531,0.425766,2.54832,4
6457923627452,-12.1074,-5.8649,1.02533,1
6457943585948,-4.48624,-0.917572,1.49872,4
6458043256358,-9.98096,-7.39786,-3.79333,1
6458063336925,-3.27927,-2.04086,0.235138,4
6458163373546,-7.53235,-4.75961,-2.85706,1
6458283002452,-8.43054,-5.36502,-2.09454,1
6458302930431,-3.77737,-1.52176,1.05473,4
