Inicio: 31-12-1969-20:59:59:999
Fim: 09-01-2019-10:42:30:341
451074194794,-7.165771,-3.002899,3.313660,1
451163702851,-7.965576,-3.402802,4.468140,1
451224005585,-8.301208,-4.078827,4.439575,1
451273932343,-7.867981,-3.931244,4.879944,1
451313910370,-7.620422,-3.950287,4.851379,1
451363837128,-7.537109,-3.814606,4.544312,1
451393866425,-7.694214,-4.031219,4.356262,1
451440375214,-0.341171,0.343979,0.462418,4
451453711395,-7.898926,-4.143097,3.918274,1
451500281220,-0.022522,0.310867,0.556046,4
451513617401,-8.260742,-4.164520,4.030151,1
451560187226,-0.123642,0.333298,0.554276,4
451573553925,-8.529724,-4.197845,3.458862,1
451620093231,0.028397,0.470016,0.601624,4
451633459931,-8.303589,-3.983612,4.015869,1
451680060272,-0.214432,0.781189,0.606247,4
451693365937,-8.955811,-4.100250,2.632874,1
451740027313,0.346329,0.545486,0.465256,4
451753332978,-9.198608,-3.298065,2.673340,1
451799872284,0.161194,0.439041,0.250214,4
451813208466,-9.400940,-2.695831,2.466248,1
451859808808,0.098892,0.329727,0.013809,4
451873144989,-9.462830,-2.719635,2.278198,1
451919684296,0.085358,0.091904,-0.149261,4
451933050995,-9.324768,-2.743439,2.413879,1
451979620819,0.102448,-0.030930,-0.199814,4
451992957001,-9.155762,-2.453033,2.547180,1
452039557343,-0.010056,-0.069748,-0.174179,4
452052893524,-9.122437,-2.576813,2.482910,1
452099463349,-0.031418,-0.063690,-0.076981,4
452112799530,-8.974854,-2.472076,2.094910,1
452159399872,-0.095505,0.081223,0.013092,4
452172736054,-9.260498,-2.636322,1.783081,1
452219275360,-0.027145,0.064835,0.091782,4
452232642060,-9.274780,-2.572052,2.085388,1
452279211884,-0.041397,0.123947,0.131653,4
452292548065,-9.151001,-2.493500,2.054443,1
452339117890,-0.076279,0.170578,0.155151,4
452352545624,-9.260498,-2.453033,2.206787,1
452399054413,-0.090530,0.113968,0.137711,4
452412390595,-9.327148,-2.572052,2.192505,1
452458960419,-0.136093,0.053085,0.107437,4
452472296601,-9.360474,-2.691071,2.156799,1
452518866425,-0.130753,0.004669,0.077179,4
452532202606,-9.341431,-2.862457,2.090149,1
452578772431,-0.080551,-0.016342,0.037659,4
452592108612,-9.191467,-2.752960,2.033020,1
452638678437,-0.086258,0.011795,-0.006134,4
452652045136,-9.303345,-2.810089,1.840210,1
452698584442,-0.015045,0.024612,-0.028915,4
452711951142,-9.267639,-2.695831,1.825928,1
452758520966,-0.007568,0.053452,-0.052414,4
452771857147,-9.284302,-2.581573,1.787842,1
452818396454,-0.034622,0.110764,-0.037109,4
452831763153,-9.284302,-2.538727,1.671204,1
452878332978,-0.000443,0.155273,0.004898,4
452891669159,-9.315247,-2.488739,1.609314,1
452938238983,0.049759,0.178421,0.026627,4
452951605683,-9.403320,-2.376862,1.406982,1
452998144989,0.119888,0.220428,0.035873,4
453011511688,-9.398560,-2.267365,1.257019,1
453058050995,0.172592,0.285233,0.086075,4
453071417694,-9.101013,-2.150726,1.185608,1
453117972450,0.159775,0.384567,0.182205,4
453131339149,-8.996277,-2.091217,1.249878,1
453177908973,0.108139,0.427994,0.307541,4
453191214637,-8.601135,-2.231659,1.304626,1
453237814979,0.202133,0.430130,0.391205,4
453251151161,-8.624939,-2.150726,1.402222,1
453297720985,0.308243,0.375305,0.371262,4
453311057167,-9.358093,-2.334015,1.471252,1
453357626991,0.449234,0.288071,0.234543,4
453370963173,-9.691345,-3.486115,2.606689,1
453417502479,0.359512,-0.046951,-0.529861,4
453430869178,-9.853210,-3.995514,2.099670,1
453477439003,0.118820,-0.486664,-1.426010,4
453490775184,-9.367615,-4.183563,1.968750,1
453537314491,-0.035690,-0.685684,-1.902756,4
453550681190,-9.343811,-5.956940,1.395081,1
453597251014,0.363068,-0.793213,-2.452118,4
453610587196,-9.815125,-7.618439,1.354614,1
453657157020,0.246994,-0.828812,-3.135712,4
453670493202,-7.853699,-7.425629,2.632874,1
453717063026,0.456711,-0.448212,-3.071274,4
453730429725,-7.327637,-6.985260,1.921143,1
453776999550,1.360336,-0.563217,-2.543259,4
453790335731,-5.813721,-6.202118,2.673340,1
453836936073,1.524109,-0.445358,-1.735062,4
453850272255,-5.373352,-6.761505,2.625732,1
453896842079,1.135315,-0.426498,-1.194595,4
453910208778,-4.514038,-7.411346,3.663574,1
453956778602,0.699524,-0.363480,-1.043274,4
453970114784,-3.757080,-9.406097,4.739502,1
454016684608,1.007492,-0.303665,-1.116257,4
454030051307,-3.392883,-10.282074,5.570251,1
454076651649,0.825211,-0.304016,-1.379379,4
454089957313,-1.669495,-9.594147,6.729492,1
454139914589,-0.512634,-7.856476,7.369812,1
454181357460,1.207947,-0.147720,-1.421387,4
454259726600,1.017944,-5.621307,7.772095,1
454256369667,1.727402,-0.162308,-1.157913,4
454319663124,0.953674,-6.090240,6.965149,1
454316306190,1.876587,0.071960,-0.886612,4
454379569130,0.301453,-7.620819,7.495972,1
454376212196,2.014023,0.269913,-0.708237,4
454439475136,-1.133911,-5.571320,8.745667,1
454436118202,2.729294,-0.137039,-0.697922,4
454499381141,-5.030579,-5.733185,6.798523,1
454496024208,2.352966,-0.635483,-0.264267,4
454559287147,-2.674011,-1.434235,5.403625,1
454555930214,0.792099,-1.992355,-0.218338,4
454619223671,-0.826843,-0.532074,5.410767,1
454615866737,-1.164337,-1.728531,0.269440,4
454679129677,3.843445,0.055878,7.448364,1
454675772743,-1.158997,-1.411301,0.898911,4
454739035682,8.701782,-1.524689,12.330505,1
454735678749,-1.230911,-0.043045,1.534088,4
454798941688,6.649902,-5.209503,15.217896,1
454795584755,-0.397430,1.150406,1.752335,4
454858878212,5.488281,-5.100006,12.730408,1
454855521278,1.061264,0.716034,0.784622,4
454918784218,4.824158,-3.507538,9.440735,1
454915427284,1.477463,0.308365,0.038376,4
454978690223,3.174561,-2.257843,7.531677,1
454975333290,1.399490,0.135696,0.067917,4
455038596229,2.843689,-1.750824,7.681641,1
455035239296,0.536102,-0.043396,0.162628,4
455098502235,3.060303,-1.334259,8.107727,1
455095145302,0.281174,-0.200058,0.082870,4
455158408241,3.743469,-1.167633,8.798035,1
455155051307,0.045120,-0.174057,-0.046722,4
455218344764,3.510193,-0.824860,9.086060,1
455214987831,0.531479,0.028168,-0.114014,4
455278250770,3.005554,-0.341644,9.295532,1
455274893837,0.472366,0.107559,-0.100128,4
455338156776,2.534241,-0.389252,8.993225,1
455334799843,0.203201,0.042404,-0.094437,4
455398093300,2.669922,-0.289276,8.909912,1
455394736366,0.066132,-0.079361,-0.102615,4
455457999305,2.788940,-0.324982,8.933716,1
455454642372,0.024826,-0.056213,-0.102264,4
455517905311,2.774658,-0.432098,9.074158,1
455514548378,-0.144638,-0.045883,-0.050995,4
455577811317,2.696106,-0.591583,9.231262,1
455574454384,-0.184875,-0.026657,-0.015747,4
455604453163,-0.239349,0.004669,0.011673,4
455647757606,2.710388,-0.901031,9.183655,1
455814108925,2.255737,-1.446136,8.686157,1
455675345497,-0.235428,0.078369,0.015228,4
455844046669,2.294617,-1.612762,8.729004,1
455824088173,-0.598236,0.164169,0.170456,4
455873984413,2.339050,-1.736542,8.840088,1
455854025917,-0.623154,0.169159,0.212830,4
455903891639,2.293030,-2.077728,8.909119,1
455933859901,2.272400,-2.467316,8.972595,1
455963858680,2.191467,-2.833893,9.024170,1
455883933143,-0.723923,0.186249,0.266235,4
455913870887,-0.833221,0.190872,0.298630,4
455943839149,-0.934692,0.184464,0.352753,4
455993796425,2.278748,-3.386139,9.118591,1
455973837928,-1.142258,0.146378,0.391205,4
456023703651,2.151001,-4.274811,8.941650,1
