Inicio: 31-12-1969-20:59:59:999
Fim: 19-12-2018-16:12:55:402
19333451359633,-0.046661,-0.011963,-0.014297,4
19333500218276,0.078491,-10.022614,2.207581,1
19333511174086,-0.078354,0.004059,-0.017502,4
19333531468276,0.093567,-10.032928,2.135376,1
19333541111831,-0.002869,0.033249,-0.054520,4
19333560765151,0.112610,-10.038483,2.175842,1
19333621312026,0.118164,-10.044037,2.089355,1
19333600926284,0.017075,0.000488,0.024521,4
19333630833510,0.053741,0.016159,0.071518,4
19333650608901,-0.012756,-10.010712,2.171875,1
19333679905776,0.022156,-9.979767,2.241699,1
19333690678481,0.117111,0.005829,-0.058792,4
19333720585708,0.133850,-0.021942,-0.034592,4
19333780398204,0.171585,0.000854,-0.036362,4
19338311495616,0.222900,-10.111481,1.491882,1
19338345919444,0.403809,-10.117828,1.695007,1
19338435763194,0.065796,-10.170197,1.365723,1
19338467013194,0.165771,-10.198761,1.317322,1
19338496310069,0.173706,-10.124176,1.476013,1
19338646700694,0.404602,-10.291595,1.333191,1
19338636935069,0.058731,0.030045,0.162659,4
19338675997569,0.134033,-9.692535,1.227661,1
19338695528819,-0.553299,0.553070,0.614822,4
19338765841319,-0.580872,-11.204071,1.057068,1
19338795138194,-0.937134,-10.743073,1.636292,1
19338756075694,-0.372437,0.158936,0.522263,4
19338785372569,0.076889,0.227646,0.521545,4
19338816622569,0.460342,0.008682,0.394440,4
19338855685069,-0.966492,-9.325958,1.884644,1
19338845919444,0.207199,-0.075348,0.202530,4
19338884981944,-0.884766,-9.193451,1.793396,1
19338875216319,0.145248,-0.110947,0.097855,4
19338904513194,0.130295,-0.110947,0.059769,4
19338945528819,-1.029175,-9.377533,1.719604,1
19338935763194,0.056229,-0.040451,-0.049545,4
19338974825694,-0.849060,-9.116486,1.339539,1
19338965060069,0.009232,-0.099548,-0.149948,4
19339004122569,-0.900635,-9.511627,1.000732,1
19338994356944,-0.191925,-0.093857,-0.169174,4
19339035372569,-0.768921,-10.155121,1.050720,1
19339025606944,-0.343948,-0.123764,-0.186966,4
19339064669444,-0.348389,-10.082916,1.034851,1
19339084200694,-0.143860,-0.275085,-0.082657,4
19339125216319,-0.367432,-9.951996,1.256226,1
19339115450694,-0.241058,-0.304993,-0.054886,4
19339154513194,-0.181763,-9.875824,1.307800,1
19339183810069,-0.335693,-9.739349,1.341125,1
19339144747569,-0.181244,-0.303925,-0.077316,4
19339174044444,-0.158463,-0.173965,-0.099030,4
19339244356944,-0.476135,-10.326508,1.139587,1
19339234591319,-0.194412,-0.040451,-0.115051,4
19339273653819,-0.401550,-10.315399,0.815857,1
19339304903819,-0.439636,-10.450287,0.726196,1
19339334200694,-0.258728,-10.396332,0.643677,1
19339383028819,-0.016403,-0.032623,-0.197647,4
19339424044444,-0.139709,-10.993805,0.786499,1
19339453341319,0.101501,-10.689911,0.898376,1
19339482638194,-0.005615,-9.905975,0.965027,1
19339513888194,-0.065125,-10.187653,1.022156,1
19339414278819,-0.090805,-0.068573,-0.214035,4
19339504122569,0.127441,-0.015167,-0.124664,4
19339533419444,0.137772,-0.058258,-0.126083,4
19339633028819,0.058655,-10.213837,1.158630,1
19339562716319,0.193314,-0.047211,-0.034225,4
19339593966319,0.127792,0.005478,-0.004318,4
19339652560069,0.060150,-0.023361,-0.002899,4
19339693575694,0.024536,-10.143219,1.127686,1
19339683810069,0.015289,-0.035828,0.010986,4
19339722872569,0.053894,-10.186066,1.095947,1
19339713106944,0.046265,-0.067871,0.007065,4
19339752169444,0.195923,-10.155121,1.145142,1
19339742403819,0.102158,-0.076767,-0.013229,4
19339783419444,0.068970,-10.187653,1.233215,1
19339773653819,0.101807,0.001205,0.001373,4
19339812716319,-0.039734,-10.190826,1.145935,1
19339802950694,0.133850,0.004410,-0.014648,4
19339842013194,-0.132568,-10.186066,1.158630,1
19339832247569,0.180496,0.009399,0.002792,4
19339873263194,-0.267456,-10.209076,1.046753,1
19339863497569,0.248856,0.016510,0.022018,4
19339902560069,0.031677,-10.140839,1.447449,1
19339892794444,0.433273,-0.026215,-0.062363,4
19339931856944,0.057068,-10.101959,1.717224,1
19339922091319,0.504135,0.000854,-0.066635,4
19339961153819,0.119751,-9.975006,2.025879,1
19339951388194,0.455002,0.004761,-0.058441,4
19339992403819,0.057861,-9.828217,2.191711,1
19339982638194,0.297623,0.017944,-0.030670,4
19340050997569,0.013428,-10.024200,1.919556,1
19340041231944,-0.050217,0.006546,0.009918,4
19340082247569,0.026123,-10.117828,1.773560,1
19340140841319,0.126099,-10.059113,1.868774,1
19340131075694,-0.031708,-0.000580,-0.005753,4
19340172091319,0.111023,-10.061493,1.810852,1
19340201388194,0.050720,-10.081329,1.787048,1
19340191622569,-0.066956,-0.005920,0.028427,4
19340230685069,0.039612,-10.090851,1.777527,1
19340220919444,-0.056625,-0.034393,0.028427,4
19340252169444,-0.041672,-0.052551,0.024872,4
19340320528819,0.056274,-9.952789,1.931458,1
19340281466319,-0.021744,-0.031555,0.019882,4
19340342013194,-0.152405,0.027191,0.021667,4
19340381075694,0.095154,-9.982147,1.594238,1
19340371310069,-0.161667,0.058533,-0.032806,4
19340410372569,-0.098450,-10.168610,1.512512,1
19340400606944,-0.202957,0.079529,0.016327,4
19340439669444,0.101501,-10.275726,1.409363,1
19340470919444,0.228455,-10.281281,1.146729,1
19340461153819,-0.068024,0.156082,-0.036728,4
19340500216319,-0.200806,-10.172577,1.141174,1
19340550997569,0.275192,0.357956,0.248108,4
19340590060069,-0.687988,-9.692535,2.029846,1
19340580294444,0.492386,0.290665,0.385178,4
19340619356944,-0.621338,-9.776642,2.040955,1
19340609591319,0.105362,-0.143707,0.417587,4
19340679903819,-0.123840,-9.060944,3.035156,1
19340670138194,1.083755,-0.256561,0.127762,4
19340709200694,-0.506287,-7.932648,4.538757,1
19340699435069,1.259644,-0.008057,-0.146027,4
19340740450694,-0.468201,-8.474579,4.404663,1
19340769747569,-0.027832,-9.375946,3.600098,1
19340759981944,-0.230377,-0.100983,-0.583603,4
19340830294444,0.097534,-9.729828,2.273438,1
19340859591319,0.249084,-9.671112,2.015564,1
19340789278819,-1.070267,-0.045441,-0.466812,4
19340820528819,-0.175903,0.253998,-0.076950,4
19340849825694,-0.006424,0.177094,-0.082657,4
19340888888194,0.320496,-10.378082,2.046509,1
19340879122569,-0.337189,0.062439,-0.099747,4
19340918185069,-0.057983,-10.132111,2.002075,1
19340908419444,-0.221481,0.092346,-0.048477,4
19340949435069,0.132446,-10.202728,2.060791,1
19340939669444,-0.056992,0.012955,-0.042770,4
19341008028819,0.134827,-9.917084,2.384521,1
19341058810069,0.008881,0.007263,-0.078384,4
19341039278819,0.184814,-10.084503,2.203613,1
19341068575694,0.157837,-10.009918,2.171875,1
19341097872569,0.139587,-10.164642,2.113953,1
19341088106944,0.077240,0.006897,-0.091553,4
19341129122569,0.275269,-10.228119,2.360718,1
19341119356944,0.212173,-0.011963,-0.113266,4
19341158419444,0.229248,-9.650482,2.148865,1
19341187716319,0.236389,-10.024200,2.410706,1
19341177950694,0.307602,0.059235,-0.039215,4
19341218966319,0.257019,-9.787750,2.977234,1
19341338106944,0.341919,-10.127350,1.785461,1
19341328341319,-0.224319,0.028259,0.061905,4
19341367403819,0.045166,-10.044037,1.981445,1
19341357638194,0.067978,0.108734,0.025223,4
19341396700694,0.095947,-9.965485,2.826477,1
19341386935069,0.259537,0.043579,0.017044,4
19341427950694,0.220520,-9.335480,3.277161,1
19341418185069,0.200790,-0.040802,0.007065,4
19341457247569,0.207031,-9.860748,3.019287,1
19341447481944,-0.169495,-0.115570,-0.008957,4
19341486544444,0.397461,-9.426727,2.249634,1
19341508028819,-0.476044,0.069565,0.090027,4
19341517794444,0.395874,-10.742279,1.868774,1
19341547091319,-0.116699,-9.913910,2.110779,1
19341566622569,0.095047,0.193817,-0.029953,4
19341607638194,0.091980,-9.873444,2.678101,1
19341636935069,0.388733,-9.273590,3.330322,1
19341597872569,0.407288,-0.036179,-0.116837,4
19341666231944,0.166565,-10.063873,3.092285,1
19341656466319,-0.111816,-0.061813,-0.022125,4
19341697481944,0.261780,-10.002777,1.779114,1
19341687716319,-0.398788,-0.096344,0.014908,4
19341756075694,0.122131,-10.024994,2.323425,1
19341746310069,0.035233,0.121185,0.061539,4
19341787325694,-0.166687,-10.055145,2.670959,1
19341777560069,0.170517,0.096619,0.064041,4
19341816622569,0.018188,-9.969452,2.636047,1
19341877169444,0.511719,-9.967865,2.585266,1
19341867403819,0.048752,-0.092438,-0.091553,4
19341906466319,0.441895,-10.216217,1.758484,1
19341896700694,0.003891,0.059952,0.048019,4
19341935763194,0.133240,-9.433075,2.835205,1
19341925997569,0.286942,0.172104,0.064743,4
19341965060069,-0.053223,-9.790924,3.024048,1
19341996310069,0.070557,-9.871063,2.808228,1
19341986544444,-0.038467,0.032532,-0.002899,4
19342086153819,0.238770,-9.256134,2.301208,1
19342045138194,-0.090103,-0.055405,0.054779,4
19342076388194,-0.001083,0.040726,0.047653,4
19342115450694,0.036438,-9.633820,2.483704,1
19342144747569,0.027710,-10.399506,2.663818,1
19342175997569,-0.077026,-10.231293,2.572571,1
19342166231944,0.000687,-0.046860,0.020950,4
19342205294444,0.143555,-10.436798,2.750305,1
19342195528819,0.056946,-0.057190,-0.079803,4
19342234591319,0.377625,-9.725067,1.970337,1
19342256075694,0.238174,0.131165,0.010986,4
19342295138194,0.045959,-9.578278,3.197021,1
19342285372569,0.250626,0.182785,0.030930,4
19342414278819,0.043579,-9.545746,2.294067,1
19342404513194,-0.044525,-0.005554,0.028076,4
19342443575694,0.139587,-9.859955,2.523376,1
19342433810069,0.017426,-0.001282,0.010635,4
19342474825694,-0.138123,-9.941681,2.916138,1
19342465060069,0.097885,-0.001648,0.021317,4
19342504122569,0.070557,-10.574860,2.828857,1
19342494356944,0.074387,-0.084244,-0.031738,4
19342533419444,0.126099,-10.222565,2.759827,1
19342523653819,0.130997,-0.006622,-0.093338,4
19342564669444,0.401428,-9.779816,2.565430,1
19342683810069,-0.133362,-10.493134,2.601135,1
19342644747569,-0.139938,0.213043,0.020950,4
19342674044444,-0.205811,0.015808,-0.034943,4
19342713106944,0.249084,-9.882965,2.307556,1
19342703341319,-0.090805,-0.000931,0.011703,4
19342744356944,-0.000061,-9.584625,2.607483,1
19342773653819,-0.153198,-10.009918,2.595581,1
19342793185069,0.105362,0.094482,-0.040283,4
19342802950694,-0.042908,-9.645721,3.307312,1
19342834200694,-0.126221,-9.705231,3.381104,1
19342824435069,-0.051651,-0.054337,-0.017502,4
19342953341319,-0.455505,-8.976837,4.710144,1
19342943575694,1.450836,0.680527,0.529373,4
19342982638194,-0.679260,-7.145538,4.045227,1
19342972872569,1.431610,0.631744,0.416153,4
19343011935069,-1.150574,-7.763641,3.079590,1
19343002169444,0.054092,0.433792,-0.041351,4
19343043185069,-1.090271,-8.573761,2.040955,1
19343072481944,-0.057190,-11.949127,1.462524,1
19343033419444,-1.096619,-0.101685,-0.591431,4
19343062716319,-1.874207,-0.525024,-0.712128,4
19343101778819,0.787048,-12.332367,0.888855,1
19343123263194,0.246719,0.010101,-0.028885,4
19343162325694,0.336365,-10.834320,2.247253,1
19343152560069,0.252060,-0.063599,-0.227921,4
19343213106944,0.372757,-0.079254,0.031998,4
19343252169444,0.038025,-9.508453,3.101807,1
19343242403819,0.171951,0.000137,0.055496,4
19343281466319,0.096741,-9.229950,2.467834,1
19343271700694,-0.160599,-0.020874,-0.014999,4
19343312716319,0.114197,-9.337067,2.434509,1
19343302950694,-0.212219,-0.016235,-0.006454,4
19343361544444,-0.099716,-0.024780,-0.052032,4
19343422091319,0.277328,-0.042236,-0.084427,4
19343461153819,0.298279,-9.506866,2.853455,1
19343451388194,0.074753,0.148605,-0.044907,4
19343550997569,-0.168274,-10.131317,2.539246,1
19343541231944,-0.287704,0.190979,0.091095,4
19343580294444,-0.126221,-10.240021,1.872742,1
19343570528819,-0.270966,0.000854,0.085037,4
19343611544444,0.107849,-10.394745,2.631287,1
19343601778819,0.041641,-0.140503,-0.033524,4
19343640841319,0.214172,-10.112274,2.998657,1
19343631075694,0.137054,-0.285400,-0.009308,4
19343670138194,0.195129,-9.452911,2.510681,1
19343660372569,0.030594,-0.191406,-0.007523,4
19343701388194,0.164978,-9.870270,1.310181,1
19343730685069,0.499023,-9.565582,1.729126,1
19343720919444,0.085068,0.074554,0.038040,4
19343759981944,-0.383301,-9.979767,2.989929,1
19343849840033,0.454590,-10.026581,2.579712,1
19343840074408,-0.069443,-0.139069,-0.036362,4
19343881090033,0.270508,-9.998016,1.791809,1
19343871324408,-0.123566,0.061371,0.024872,4
19343939683783,-0.171448,-10.159882,2.293274,1
19343929918158,0.033798,0.265381,-0.023911,4
19343968980658,0.026917,-10.056732,2.558289,1
19343959215033,0.017776,0.097336,-0.026047,4
19344000230658,0.082458,-9.576691,2.967712,1
19343990465033,0.072968,-0.052551,0.015259,4
19344029527533,0.054688,-9.964691,2.932007,1
19344080308783,-0.164154,0.146118,0.078629,4
19344119371283,-0.364258,-9.951996,2.580505,1
19344109605658,0.221436,0.355820,0.033417,4
19344148668158,-0.019104,-9.909149,3.139893,1
19344179918158,-0.307922,-9.227570,3.177979,1
19344170152533,-0.005356,-0.095642,0.027725,4
19344209215033,0.389526,-9.881378,1.925110,1
19344238511908,0.363342,-10.602631,1.434753,1
19344259996283,0.117111,0.233704,-0.037079,4
19344269761908,-0.179382,-10.098785,2.456726,1
19344359605658,-0.138123,-9.324371,2.716980,1
19344388902533,0.369690,-9.377533,1.744995,1
19344289293158,0.176224,0.101257,-0.026047,4
19344379136908,-0.203323,-0.078903,0.005295,4
19344418199408,-0.034180,-10.510590,1.893372,1
19344408433783,-0.148849,0.047134,-0.016068,4
19344437730658,0.139542,-0.005554,-0.013931,4
19344478746283,0.186401,-9.959137,2.876465,1
19344468980658,0.290512,-0.083893,-0.089066,4
19344498277533,0.120316,-0.021225,-0.087280,4
19344537340033,0.332397,-10.210663,1.909241,1
19344527574408,-0.197617,0.113007,-0.021057,4
19344568590033,0.274475,-9.617157,2.252808,1
19344558824408,-0.055557,0.300278,0.027359,4
19344588121283,0.057297,0.252213,0.008499,4
19344617418158,-0.011063,0.070282,0.048019,4
19344658433783,-0.127014,-10.005951,2.489258,1
19344648668158,-0.204742,-0.071777,0.006363,4
19344687730658,0.160217,-10.349518,2.575745,1
19344677965033,-0.195129,-0.255493,-0.050613,4
19344717027533,0.214172,-10.058319,1.183228,1
19344748277533,0.476807,-10.113861,1.310181,1
19344738511908,0.085434,0.000137,0.095718,4
19344777574408,-0.388062,-9.302948,2.953430,1
19344767808783,0.450012,0.310608,0.060471,4
19344806871283,-0.052429,-9.738556,3.235107,1
19344797105658,0.286591,0.108734,-0.027466,4
19344838121283,-0.150024,-10.170990,2.938354,1
19344828355658,-0.012482,-0.011963,-0.048477,4
19344857652533,-0.119293,-0.134445,-0.036728,4
19344896715033,0.333984,-9.836945,1.842590,1
19344886949408,-0.030991,0.008682,0.056564,4
19344927965033,0.529175,-10.091644,3.051025,1
19344986558783,-0.423767,-8.638031,3.858765,1
19344918199408,0.183701,0.160706,0.093948,4
19345017808783,-0.526917,-8.874481,2.934387,1
19345008043158,0.030960,0.286392,-0.107224,4
19345047105658,-0.630859,-9.892487,2.082214,1
19345076402533,0.228455,-11.941193,1.090393,1
19345037340033,-0.431183,0.061020,-0.389557,4
19345127183783,0.123169,-0.014816,0.040894,4
19345156480658,0.116760,0.015808,0.040176,4
19345166246283,0.041992,-9.548126,2.472595,1
19345185777533,0.007813,0.037170,-0.023544,4
19345226793158,-0.100037,-10.094818,2.265503,1
19345217027533,0.035233,0.030396,-0.074814,4
19345256090033,-0.002441,-10.090057,2.523376,1
19345246324408,0.102524,-0.000580,-0.095474,4
19345285386908,0.356201,-10.036102,3.298584,1
19345275621283,0.136337,0.008682,-0.058792,4
19345316636908,0.498230,-9.829010,2.859802,1
19345306871283,-0.047012,0.021500,0.066879,4
19345336168158,-0.116440,0.134369,0.086823,4
19345375230658,-0.263489,-9.617157,2.425781,1
19345365465033,-0.077286,0.289246,0.023804,4
19345404527533,-0.152405,-10.057526,2.597961,1
19345394761908,-0.064102,0.002991,0.027359,4
19345435777533,-0.158752,-9.410065,2.970886,1
19345426011908,-0.027084,-0.126968,0.002792,4
19345465074408,0.307007,-9.861542,2.582092,1
19345494371283,0.399841,-10.631989,1.630737,1
19345455308783,-0.356766,-0.165421,-0.010727,4
19345484605658,-0.311203,0.005127,0.031631,4
19345525621283,-0.238098,-10.189240,2.014771,1
19345515855658,-0.076569,0.256836,-0.006454,4
19345584215033,0.050720,-9.634613,2.756653,1
19345574449408,0.346054,-0.077118,0.008850,4
19345615465033,-0.010376,-9.805206,3.162903,1
19345634996283,-0.182663,-0.145844,-0.027817,4
19345674058783,0.441101,-9.628265,1.651367,1
19345664293158,0.029892,-0.037598,0.081833,4
19345705308783,-0.179382,-9.574310,2.636047,1
19345695543158,0.249207,0.188477,0.047302,4
19345734605658,-0.113525,-10.051971,2.786804,1
19345724840033,0.160553,0.111938,-0.029602,4
19345763902533,-0.190491,-10.192413,2.669373,1
19345754136908,0.103592,-0.009476,-0.046692,4
19345795152533,0.050720,-10.578033,2.929626,1
19345824449408,0.183228,-9.571136,2.178223,1
19345873277533,0.242081,0.323776,0.083267,4
19345943590033,-0.487244,-8.419830,3.534241,1
19345972886908,-0.626892,-9.482269,2.328979,1
19346004136908,-0.619751,-10.010712,1.382385,1
19346033433783,0.671204,-12.759247,1.488708,1
19345904527533,0.254547,0.443756,0.221054,4
19345933824408,0.331451,0.507492,0.190430,4
19345963121283,-0.207596,0.343002,-0.118607,4
19346023668158,-0.554367,-0.254425,-0.414474,4
19346062730658,0.245117,-8.485687,2.239319,1
19346152574408,0.128479,-9.311676,1.675964,1
