Inicio: 31-12-1969-20:59:59:999
Fim: 19-12-2018-16:26:40:854
20168024041633,-9.581848,-1.285858,1.266541,1
20168083917122,-9.605652,-1.263641,1.267334,1
20168113885383,-9.583435,-1.274750,1.220520,1
20168143823128,-9.573914,-1.272369,1.214172,1
20168173760872,-9.560425,-1.339813,1.230042,1
20168263604622,-9.592957,-1.309662,1.269714,1
20168254113655,-0.002869,-0.009827,0.005295,4
20168293542366,-9.580261,-1.254120,1.245911,1
20168413323860,-9.597717,-1.298553,1.247498,1
20168402551155,-0.009628,-0.025848,0.003510,4
20168443261604,-9.581055,-1.296967,1.274475,1
20168433801155,-0.012131,-0.027634,0.003510,4
20168503167610,-9.588196,-1.300140,1.335571,1
20168492394905,-0.012482,-0.020508,0.002441,4
20168533105354,-9.592957,-1.266815,1.342712,1
20168593011360,-9.572327,-1.263641,1.449829,1
20168582238655,0.003891,0.006546,0.000656,4
20168622949104,-9.590576,-1.236664,1.385559,1
20168672082405,0.006393,0.039658,-0.015366,4
20168712792854,-9.608826,-1.316010,1.202271,1
20168703332405,0.002121,0.042511,-0.018204,4
20168742730598,-9.565979,-1.334259,1.157837,1
20168761926155,0.004959,0.024353,-0.013229,4
20168802636604,-9.617554,-1.381073,1.101501,1
20168793176155,-0.006073,0.018646,-0.008591,4
20168832574348,-9.582642,-1.377899,1.078491,1
20168822473030,-0.009277,0.003693,-0.002182,4
20168862512092,-9.581055,-1.365997,1.145935,1
20168982293587,-9.565979,-1.276337,1.296692,1
20168941613655,-0.007858,-0.019089,0.009567,4
20168972863655,-0.003937,-0.018021,0.010269,4
20169012231331,-9.595337,-1.217621,1.308594,1
20169002160530,0.006744,-0.009476,0.013474,4
20169042169075,-9.562012,-1.295380,1.287170,1
20169072137337,-9.599304,-1.308868,1.283997,1
20169062707405,0.002472,-0.000580,-0.012161,4
20169092004280,0.005676,0.000854,-0.011444,4
20169121301155,-0.013901,0.007263,-0.005753,4
20169152551155,-0.005356,0.001923,0.003860,4
20169211144905,0.003189,-0.008759,0.010986,4
20169251824837,-9.600891,-1.248566,1.145142,1
20169242394905,-0.003937,-0.006622,0.009567,4
20169311700325,-9.590576,-1.301727,1.193542,1
20169341638069,-9.608032,-1.282684,1.252258,1
20169371606331,-9.572327,-1.327118,1.322876,1
20169300988655,-0.006424,-0.031555,0.004929,4
20169332238655,0.005325,-0.042236,0.004929,4
20169401544075,-9.563599,-1.356476,1.342712,1
20169390832405,-0.012482,-0.039032,0.005997,4
20169422082405,-0.003937,-0.039032,0.009918,4
20169461419563,-9.588989,-1.292206,1.390320,1
20169451379280,-0.005356,-0.031555,0.012772,4
20169491387825,-9.602478,-1.291412,1.374451,1
20169480676155,-0.005722,-0.018738,0.012054,4
20169521325569,-9.595337,-1.247772,1.375244,1
20169511926155,-0.001801,-0.007339,0.008499,4
20169551263313,-9.568359,-1.272369,1.310181,1
20169570519905,-0.003937,0.000137,-0.002182,4
20169581201057,-9.572327,-1.268402,1.282410,1
20169601769905,-0.005722,-0.005920,-0.002548,4
20169641107063,-9.573914,-1.316010,1.264160,1
20169631066780,0.000687,-0.013031,-0.002182,4
20169691613655,-0.014969,-0.016953,0.002090,4
20169760888557,-9.589783,-1.298553,1.307007,1
20169720910530,-0.013199,-0.026917,0.006363,4
20169750207405,0.000687,-0.038315,0.012772,4
20169781457405,-0.007858,-0.039032,0.013840,4
20169820764046,-9.588196,-1.279510,1.394287,1
20169810754280,-0.009995,-0.039383,0.010269,4
20169850701790,-9.587402,-1.271576,1.470459,1
20169840051155,-0.003586,-0.037964,0.007065,4
20169871301155,-0.004654,-0.031189,0.006363,4
20169910607796,-9.569946,-1.244598,1.484741,1
20169900598030,-0.004654,-0.026215,0.008133,4
20170000451546,-9.558838,-1.304108,1.418091,1
20169990441780,0.001404,-0.006622,-0.011795,4
20170030419807,-9.571533,-1.319183,1.453003,1
20170019738655,0.002472,-0.005920,-0.008591,4
20170060357551,-9.556458,-1.325531,1.418884,1
20170090295296,-9.558044,-1.312836,1.385559,1
20170080285530,-0.008926,-0.006622,-0.002182,4
20170120263557,-9.591370,-1.346954,1.364929,1
20170150201301,-9.567566,-1.309662,1.335571,1
20170140832405,-0.003220,-0.024429,0.008133,4
20170180139046,-9.557251,-1.237457,1.420471,1
20170170129280,0.002121,-0.030487,0.011337,4
20170210076790,-9.571533,-1.260468,1.427612,1
20170329858284,-9.554871,-1.289825,1.544250,1
20170289269905,-0.002518,-0.025848,-0.000412,4
20170320519905,0.000336,-0.018021,-0.000046,4
20170359796028,-9.555664,-1.310455,1.552979,1
20170379113655,0.001053,-0.004852,-0.001114,4
20170389733772,-9.540588,-1.300140,1.545837,1
20170419702034,-9.562805,-1.285858,1.507751,1
20170410363655,0.000336,0.002274,0.001022,4
20170449670296,-9.558838,-1.290619,1.446655,1
20170479608040,-9.534241,-1.271576,1.468872,1
20170439660530,-0.003937,0.007263,0.000305,4
20170468957405,-0.001083,0.007965,0.002090,4
20170569421272,-9.561218,-1.283478,1.421265,1
20170558801155,0.001404,-0.010544,0.000305,4
20170599389534,-9.541382,-1.283478,1.486328,1
20170629327278,-9.539795,-1.302521,1.445068,1
20170659265022,-9.581848,-1.296173,1.520447,1
20170719171028,-9.548523,-1.277924,1.532349,1
20170749108772,-9.562805,-1.273956,1.541077,1
20170779046516,-9.550110,-1.266815,1.474426,1
20170590051155,-0.005722,-0.012680,-0.000412,4
20170619348030,-0.003586,-0.013031,-0.000412,4
20170679894905,-0.003937,-0.012329,0.005295,4
20170709191780,-0.003220,-0.007339,0.005295,4
20170828332405,-0.005722,0.007263,-0.001114,4
20170868920784,-9.542969,-1.308075,1.453796,1
20170918197652,-0.018539,-0.020874,0.007782,4
20170958786031,-9.576294,-1.339813,1.353027,1
20170949447652,-0.028152,-0.042587,0.003860,4
20170988723775,-9.555664,-1.319183,1.395874,1
20170978744527,-0.006790,-0.074280,0.008850,4
20171018142720,-0.030289,-0.084244,0.018814,4
20171025619527,-9.562012,-1.343781,1.465698,1
20171048599263,-0.016403,-0.096344,0.028427,4
20171056869527,-9.537415,-1.298553,1.632324,1
20171078567525,-0.003220,-0.096710,0.027725,4
20171108505269,-0.022446,-0.079254,0.022736,4
20171115463277,-9.535828,-1.229523,1.649780,1
20171146713277,-9.538208,-1.204132,1.679932,1
20171138443013,-0.017105,-0.071426,0.019180,4
20171168380757,-0.028503,-0.077484,0.009567,4
20171176010152,-9.547729,-1.271576,1.668823,1
20171198349019,-0.016754,-0.088165,0.010986,4
20171228286763,-0.021378,-0.094574,0.011703,4
20171205307027,-9.544556,-1.232697,1.623596,1
20171236557027,-9.501709,-1.289825,1.707703,1
20171295150777,-9.532654,-1.263641,1.716431,1
20171258224507,-0.014618,-0.097412,0.012405,4
20171288192769,-0.029572,-0.099548,0.014908,4
20171348068257,-0.050583,-0.126617,0.026291,4
20171355697652,-9.504089,-1.287445,1.607727,1
20171378036519,-0.071945,-0.156158,0.030212,4
20171384994527,-9.482666,-1.284271,1.560913,1
20171407974263,-0.075851,-0.202087,0.037338,4
20171437912007,-0.101486,-0.257278,0.042313,4
20171445541402,-9.493774,-1.304108,1.560913,1
20171474838277,-9.437439,-1.302521,1.887817,1
20171497818013,0.007095,-0.366577,0.072586,4
20171506088277,-9.404907,-1.170013,2.236938,1
20171527755757,0.012802,-0.360168,0.074356,4
20171557693502,-0.030991,-0.338806,0.052292,4
20171617660543,-0.173416,-0.397552,0.014908,4
20171625228902,-9.320007,-1.226349,1.854492,1
20171647537252,-0.182312,-0.503296,0.012772,4
20171654525777,-9.292236,-1.167633,1.553772,1
20171677474996,-0.270966,-0.641083,0.000305,4
20171707412740,-0.423706,-0.832993,-0.039932,4
20171715072652,-9.089905,-1.050201,0.697632,1
20171737350484,-0.520905,-1.112839,-0.097610,4
20171767288228,-0.542618,-1.456055,-0.170242,4
20171775619527,-8.471802,-1.235077,0.538940,1
20171797225972,-0.449341,-1.865860,-0.221863,4
20171834213277,-7.379211,-1.422333,1.756897,1
20171857131978,0.049820,-2.716431,-0.231476,4
20171865463277,-6.750793,-1.535004,2.507507,1
20171887039205,0.334305,-3.093842,-0.230057,4
20171894760152,-6.014465,-1.359650,3.212891,1
20171917007466,0.596344,-3.421387,-0.205490,4
20171924057027,-5.374939,-1.480255,4.115845,1
20171955307027,-3.944336,-0.954193,3.582642,1
20172006790181,-0.145996,-4.624451,-0.469666,4
20171984603902,-2.296326,-0.493988,3.540588,1
20172013900777,-0.738770,-1.320770,4.248352,1
20172045150777,1.302795,-2.234833,3.468384,1
20172066696187,0.741608,-5.962082,-0.673676,4
20172074447652,3.415771,-2.390350,4.610168,1
20172096633931,2.687714,-7.992218,-1.012985,4
20172103744527,9.496826,-4.873871,16.411255,1
20172126602193,0.590286,-1.537949,0.430038,4
20172134994527,11.785156,3.449493,6.062195,1
20172164291402,5.768372,-4.986542,-1.566101,1
20172186447164,1.214066,3.804764,1.350754,4
20172193588277,-4.041138,1.319061,3.158936,1
20172216415425,0.979797,-0.629333,0.561066,4
20172224838277,-2.348694,0.551788,6.327209,1
20172246353169,1.075928,-3.010162,0.198257,4
20172254135152,4.538513,0.996124,14.629944,1
20172276290914,0.747299,-0.681671,0.031998,4
20172283432027,6.296021,2.639374,15.080627,1
20172306228658,-0.541550,0.599350,0.201462,4
20172343978902,-0.833984,0.404205,8.299744,1
20172336135884,-0.394867,0.780930,0.118149,4
20172373275777,-0.292847,-0.279755,9.074951,1
20172425979634,-0.544754,-0.003067,-0.093338,4
20172455917378,-0.211151,0.012238,-0.041351,4
20172402572652,0.394287,-1.217621,10.364319,1
20172515792867,0.094330,-0.067154,0.023453,4
20172523666402,1.388489,-1.260468,9.620850,1
20172545730611,0.089706,0.016876,0.040894,4
20172552963277,1.198853,-1.160492,9.769226,1
20172575668355,0.082932,-0.063950,0.043030,4
20172582260152,1.404358,-0.933563,9.838257,1
20172642807027,1.316284,-0.914520,9.854919,1
20172665481587,-0.041321,0.039307,-0.022476,4
20172672103902,1.006042,-1.133514,9.857300,1
20172703353902,1.013977,-1.256500,9.843018,1
20172732650777,1.024292,-1.205719,9.827148,1
20172695419332,-0.049866,0.008682,-0.033875,4
20172725357076,-0.001450,-0.001999,-0.028183,4
20172755294820,0.016708,-0.013031,-0.020340,4
20172761947652,1.159973,-1.164459,9.802551,1
20172785232564,0.022766,-0.011963,-0.007172,4
20172793197652,1.225830,-1.074799,9.803345,1
20172815170308,0.025970,-0.015533,0.001373,4
20172822494527,1.278198,-0.973236,9.808105,1
20172851791402,1.251221,-1.024811,9.840637,1
20172875076314,-0.023514,0.002274,-0.002548,4
