Inicio: 31-12-1969-20:59:59:999
Fim: 14-12-2018-16:04:11:407
3349900289153,-8.299622,-1.458832,0.068420,1
3349998189544,-8.185364,-2.096771,0.196960,1
3350028218840,-8.481323,-2.215790,0.133484,1
3350058003997,-8.595581,-2.263397,0.463562,1
3350118062590,-9.061340,-2.162628,0.672241,1
3350147847747,-9.262085,-1.980927,0.810303,1
3350177877044,-9.477112,-1.966644,0.882507,1
3350215383147,0.293457,0.554016,1.494888,4
3350275289153,-0.055099,0.601013,1.482071,4
3350297750090,-10.637939,-2.723602,1.409363,1
3350305257415,-0.082520,0.622726,1.356033,4
3350327779387,-10.912476,-2.708527,1.282410,1
3350335225676,-0.079666,0.565765,1.155945,4
3350357564544,-10.860107,-2.661713,1.096741,1
3350365163420,-0.080734,0.419785,0.915253,4
3350417623137,-10.552246,-2.568878,1.374451,1
3350425099944,-0.113144,0.147766,0.391876,4
3350447652434,-10.184875,-2.484772,1.351440,1
3350455037688,-0.261963,0.021027,0.130905,4
3350477437590,-9.990479,-2.521271,1.297485,1
3350485005950,-0.382660,-0.043427,-0.079163,4
3350597310637,-9.731018,-2.103119,0.145386,1
3350604848479,-0.772873,-0.306534,-0.713974,4
3350717183684,-9.406494,-2.433197,-0.208496,1
3350724691008,-0.381241,0.064453,-0.955719,4
3350837056731,-8.959778,-1.304901,0.127930,1
3350844503020,0.291672,0.181244,-0.561951,4
3350956929778,-9.088318,-1.985687,0.661133,1
3350964345549,0.360031,0.438660,0.707336,4
3351076558684,-9.884155,-2.624420,0.414368,1
3351084188079,0.235428,0.137802,0.819122,4
3351196431731,-10.041260,-1.658783,-0.056946,1
3351204030608,-0.171524,-0.175873,0.185379,4
3351323842620,-0.328903,-0.028107,-0.312714,4
3351436177825,-9.624695,-1.893646,-0.157715,1
3351443685149,0.349350,0.162369,-0.269287,4
3351556050872,-9.308105,-1.659576,0.091431,1
3351563527678,0.083038,0.024231,-0.309875,4
3351675923919,-9.507263,-1.684967,-0.302124,1
3351683339690,-0.036942,-0.056244,0.021606,4
3351795796965,-9.588196,-1.993622,-0.451294,1
3351803151702,-0.042648,0.101135,0.240570,4
3351915425872,-8.789978,-2.330841,-0.356873,1
3351923024749,-0.029465,0.162018,0.243774,4
3352035298919,-9.746094,-2.432404,-0.797241,1
3352042775725,-0.150162,-0.045563,0.100281,4
3352155171965,-10.537964,-2.170563,-0.453674,1
3352274800872,-9.945251,-1.849213,0.135864,1
3352282369231,0.125046,-0.059799,-0.109421,4
3352372243499,0.256073,-0.096115,0.190002,4
3352424703215,-9.667542,-1.933319,0.016846,1
3352432149504,0.247177,-0.128876,0.276169,4
3352462056731,0.187363,-0.129578,0.241272,4
3352492024993,0.145706,-0.116409,0.193207,4
3352521962737,0.140717,-0.097900,0.150482,4
3352454488372,-9.626282,-2.005524,-0.022034,1
3352484517669,-9.646912,-2.065033,-0.118835,1
3352514546965,-9.542175,-2.145966,-0.168823,1
3352544332122,-9.531067,-2.088837,-0.225952,1
3352574361419,-9.420776,-2.112640,-0.359253,1
3352604390715,-9.407288,-2.099152,-0.309265,1
3352634175872,-9.442200,-2.016632,-0.278320,1
3352664205169,-9.385864,-1.987274,-0.207703,1
3352754048919,-9.168457,-1.815094,0.068420,1
3352784078215,-9.197021,-1.642914,0.126343,1
3352813863372,-9.359680,-1.598480,0.054932,1
3352843892669,-9.706421,-1.615143,-0.029968,1
3352873921965,-9.985718,-1.617523,-0.173584,1
3352933736419,-10.229309,-1.599274,-0.309265,1
3353023580169,-9.192261,-1.535797,0.235840,1
3352551930999,0.147476,-0.063004,0.107758,4
3352581868743,0.159225,-0.042358,0.062897,4
3352611806487,0.210144,-0.013870,0.032990,4
3352641774749,0.231155,0.028137,0.009857,4
3352671712493,0.248245,0.039536,-0.026459,4
3352701650237,0.237564,0.054840,-0.080231,4
3352761556243,0.194839,0.019958,-0.184906,4
3352791493987,0.154602,0.011047,-0.198792,4
3352821462249,0.071289,-0.003906,-0.192017,4
3352911305999,0.015030,-0.019211,-0.106934,4
3352941274260,0.060257,0.003937,-0.078796,4
3353061055754,0.015747,0.044525,0.064682,4
3353091024016,-0.046204,0.007843,0.117737,4
3353180867766,-0.137711,-0.085434,0.202469,4
3353210805510,-0.156219,-0.065140,0.213501,4
3353240743254,-0.164764,-0.052322,0.224548,4
3353270711516,-0.154434,-0.021347,0.234161,4
3353300649260,-0.146255,0.017456,0.231308,4
3353510305022,-0.025558,0.068726,-0.002960,4
3353053609465,-9.022461,-1.529449,0.388184,1
3353083394622,-8.903442,-1.587372,0.412781,1
3353113423919,-9.028015,-1.732574,0.358826,1
3353143453215,-9.165283,-1.753204,0.307251,1
3353173238372,-9.318420,-1.823029,0.217590,1
3353203267669,-9.710388,-1.872223,0.096985,1
3353233296965,-10.120605,-1.923798,0.003357,1
3353263082122,-10.446716,-1.924591,-0.076782,1
3353323140715,-10.180115,-2.069794,-0.075195,1
3353352925872,-9.631836,-2.112640,0.091431,1
3353382955169,-9.233521,-2.061859,0.150146,1
3353412984465,-8.973267,-2.051544,0.216797,1
3353502828215,-9.286682,-1.923798,0.085876,1
3353532857512,-9.711975,-1.948395,-0.024414,1
3353592671965,-10.118225,-1.801605,-0.444153,1
3353540242766,-0.064713,0.053421,-0.058151,4
3353600148772,-0.120621,0.023163,-0.206268,4
3353622457122,-10.130920,-1.719086,-0.567932,1
3353652486419,-9.928589,-1.695282,-0.526672,1
3353742330169,-9.223206,-1.496918,-0.307678,1
3353749929045,-0.013809,0.121780,-0.172089,4
3353772359465,-9.204163,-1.416779,-0.225952,1
3353802144622,-9.494568,-1.444550,-0.254517,1
3353809774016,-0.160141,0.098999,-0.045685,4
3353832173919,-9.712769,-1.473907,-0.421936,1
3353862203215,-9.801636,-1.546112,-0.547302,1
3353839711760,-0.226715,0.072647,0.003799,4
3353869649504,-0.255203,0.067307,0.038330,4
3353899617766,-0.262680,0.075500,0.060760,4
3353922017669,-9.745300,-1.500092,-0.681396,1
3353929555510,-0.292938,0.090805,0.075363,4
3354019399260,-0.331741,0.146347,0.172913,4
3354041890715,-9.280334,-1.701630,-0.665527,1
3354049337004,-0.365219,0.136017,0.223831,4
3354101705169,-9.626282,-1.846832,-0.983704,1
3354079305266,-0.439621,0.096863,0.251602,4
3354109243010,-0.484482,0.111450,0.260498,4
3354131734465,-9.996826,-1.936493,-1.091614,1
3354139180754,-0.464188,0.139587,0.247330,4
3354169118499,-0.488052,0.138870,0.166153,4
3354199056243,-0.523300,0.113235,0.052582,4
3354191548919,-10.098389,-1.899994,-0.772644,1
3354228993987,-0.483414,0.058044,-0.017914,4
3354251363372,-9.462036,-1.784149,-0.569519,1
3354258962249,-0.235260,0.001083,0.010208,4
3354281392669,-9.264465,-1.418365,-0.640137,1
3354288899993,-0.119553,0.002502,0.038696,4
3354311421965,-9.442200,-1.438202,-0.784546,1
3354378713225,-0.120255,-0.027039,0.071442,4
3354341207122,-9.784180,-1.515961,-1.070984,1
3354371236419,-9.867493,-1.354889,-1.259827,1
3354401265715,-10.044434,-0.887543,-1.313782,1
3354408650969,-0.117050,-0.001404,0.083557,4
3354520894622,-9.038330,0.267731,-1.278076,1
3354528432463,-0.411499,0.170563,0.243408,4
3354558370208,-0.511902,0.176971,0.343109,4
3354550923919,-9.096252,0.458160,-1.142395,1
3354580953215,-9.247009,0.325653,-0.833740,1
3354588338469,-0.768600,0.167358,0.395798,4
3354610738372,-9.625488,-0.155975,-0.629028,1
3354618276213,-0.984009,0.135315,0.470917,4
3354640767669,-9.718323,-0.459076,-0.476685,1
3354670796965,-9.917480,-0.709808,-0.659180,1
3354648244475,-1.055222,0.106827,0.541061,4
3354700584145,-10.119019,-0.662994,-0.966248,1
3354708121986,-0.583466,0.075134,0.710892,4
3354768027992,-0.089279,-0.036652,0.666382,4
3354790427895,-9.711182,0.017792,-1.135254,1
3354820457192,-9.638184,0.513702,-1.355042,1
3354827933998,-0.220306,0.093292,0.540344,4
3354850486488,-9.205750,0.626373,-1.550232,1
3354857871742,-0.544662,0.066956,0.423218,4
3354880271645,-8.892334,0.825531,-1.337585,1
3354910300942,-9.074829,0.500214,-1.266174,1
3354887809486,-0.878616,0.153473,0.337402,4
3354947715492,-0.787476,0.192993,0.296112,4
3354970115395,-9.045471,0.525604,-1.488342,1
3355000144692,-9.164490,0.835846,-1.206665,1
3355007590981,-0.484482,0.118576,0.322815,4
3355089988442,-9.556458,0.436737,-1.549438,1
3355120017738,-9.435059,0.449432,-1.478821,1
3355097434731,-0.430374,0.087250,0.252670,4
3355127372475,-0.276199,0.095428,0.204605,4
3355187278481,-0.450302,0.174469,0.127701,4
3355179832192,-9.103394,1.303192,-1.506592,1
3355209861488,-8.868530,1.301605,-1.396301,1
3355217216225,-0.580261,0.192276,0.114883,4
3355239646645,-9.237488,1.238922,-1.344727,1
3355269675942,-8.459106,1.703888,-0.814697,1
3355277122231,-0.281189,0.176971,0.194992,4
3355307059975,-0.071838,0.243546,0.246262,4
3355329490395,-6.874573,3.406647,0.374695,1
3355359519692,-5.981140,5.454559,1.334778,1
3355389548988,-5.639160,5.886200,1.157837,1
3355336997719,0.196609,0.110382,0.327789,4
3355366965981,0.239700,0.000732,0.443146,4
3355396903725,-0.055466,-0.138489,0.541779,4
3355426902504,-0.568161,-0.154144,0.836929,4
3355479392738,-15.013062,-1.842072,-3.296631,1
3355456809731,-1.116455,-0.450012,0.903870,4
3355486747475,-0.212830,-1.389954,0.490860,4
3355576652260,0.907623,-0.848785,-1.404327,4
3355599021645,-2.916809,-3.080658,3.035156,1
3355629050942,0.387939,-7.456573,3.784973,1
3355636497231,-2.748535,-2.084229,-1.436020,4
3355659080238,7.753601,-18.273773,1.855286,1
3355688865395,7.309265,-20.005890,2.716980,1
3355696403236,-2.553787,-1.626724,-2.480988,4
3355718894692,-6.453247,-20.005890,-2.247681,1
3355726340981,-0.412918,-1.015411,-5.348175,4
3355748923988,-6.138245,-20.005890,-0.812317,1
3355756278725,2.541122,0.147064,-7.043976,4
3355786216469,4.422440,1.699387,-7.162186,4
3355808738442,-10.332458,5.563263,-5.203308,1
3355838523598,-18.699860,18.993515,-15.648178,1
3355846122475,2.953781,4.542358,-0.199142,4
3355868552895,-19.443130,18.993515,-16.487656,1
3355898582192,-19.443130,18.993515,-19.532547,1
3355876060219,1.740036,2.270111,2.291702,4
3355905997963,-0.217819,5.932678,2.693665,4
3355935935707,0.332977,0.664734,-0.707214,4
3355958396645,-10.039276,-12.691010,3.520752,1
3355965903969,3.339722,-4.603210,0.345245,4
3355995841713,-1.889771,0.429398,4.006027,4
3356018211098,6.259521,-1.302521,8.748047,1
3356055717201,-2.553070,3.833832,3.490479,4
3356078269692,-7.867188,5.442657,-1.060669,1
3356085654945,0.226883,0.173050,3.952271,4
3356108054848,-16.784653,5.679901,8.068054,1
3356115623207,0.978119,1.080231,3.114868,4
3356138084145,-6.892029,-5.941071,13.898376,1
3356145560951,1.136551,3.428314,2.784454,4
3356257713051,-6.022400,7.070038,-5.165222,1
3356265342445,1.639999,2.187515,0.807739,4
3356287742348,-2.322510,4.342133,-8.837341,1
3356295280190,0.904770,1.695114,0.416092,4
3356317771645,-1.031555,4.487335,-7.713806,1
3356325248451,1.255478,0.664032,0.031570,4
3356347556801,-0.911743,1.300812,-6.514099,1
3356355155678,1.691269,1.638504,0.406128,4
3356377586098,-4.316467,2.179169,-6.867981,1
3356385093422,1.475510,2.244843,0.705551,4
3356407615395,-4.972656,1.368256,-7.291687,1
