Inicio: 31-12-1969-20:59:59:999
Fim: 19-12-2018-15:27:17:351
16565024223249,0.667908,-0.364090,-0.958145,4
16565009208600,-9.477112,-1.947601,1.097534,1
16565039176862,-11.548035,-2.173737,1.054688,1
16565054130475,0.706711,-0.779938,-1.018677,4
16565069145124,-12.353394,-2.351471,1.061829,1
16565084098737,0.637283,-1.193665,-0.889435,4
16565099082868,-11.156860,-2.629974,0.803955,1
16565188926618,-8.338501,-1.906342,0.087463,1
16565203910749,-0.551880,-0.592667,-1.179245,4
16565218894880,-8.481323,-2.069000,0.088257,1
16565233848493,-0.759811,-0.374771,-1.284988,4
16565248832624,-8.576538,-2.463348,-0.056152,1
16565263816755,-0.605637,-0.333832,-1.254379,4
16565278770368,-8.306763,-2.553009,-0.083130,1
16565293754499,-0.211502,-0.310684,-1.110535,4
16565308738630,-7.943359,-2.465729,-0.168823,1
16565323722761,0.164825,-0.277222,-0.875900,4
16565338676374,-7.825928,-1.992828,0.121582,1
16565413566511,-0.022446,0.210907,0.086105,4
16565428520124,-9.450928,-1.768280,0.700806,1
16565458488386,-10.075378,-2.136444,0.875366,1
16565488426130,-11.586121,-2.414948,0.941223,1
16565473441999,-0.100067,0.523514,0.830948,4
16565503379743,0.155930,0.576920,1.153519,4
16565533348005,0.415833,0.524582,1.313019,4
16565563316266,0.612366,0.524933,1.299850,4
16565518394391,-11.965393,-2.541901,1.038025,1
16565548332136,-11.980469,-2.487946,1.479980,1
16565593254011,0.737335,0.324127,1.008957,4
16565608238141,-9.116882,-1.896820,2.805847,1
16565623222272,0.525848,0.137207,0.491989,4
16565683128278,-0.473190,-0.098846,-0.180206,4
16565698081891,-10.554626,-1.876984,2.317078,1
16565713066022,-0.734879,-0.421051,-0.283813,4
16565728019636,-9.652466,-1.884125,2.342468,1
16565743003766,-0.881577,-0.429245,-0.243942,4
16565757987897,-8.517029,-2.022980,2.073486,1
16565802879255,-1.562668,-0.312469,-0.176285,4
16565832878034,-1.452652,-0.186783,-0.048477,4
16565862785261,-0.701767,-0.071777,0.181885,4
16565787925641,-7.733887,-1.629425,1.844177,1
16565817863386,-7.300659,-2.399078,0.741272,1
16565847862165,-7.256226,-2.714874,1.132446,1
16565877738874,-7.460144,-2.467316,1.546631,1
16565982566755,0.056229,0.400681,0.609482,4
16565997550886,-8.438477,-2.290375,2.055237,1
16566027488630,-9.297791,-2.453827,2.351990,1
16566042472761,0.171234,0.620361,0.757599,4
16566057456891,-10.019043,-2.721222,2.814575,1
16566087394636,-10.366577,-2.806122,2.857422,1
16566102348249,0.468521,0.669846,0.856216,4
16566117332380,-10.914856,-2.664093,2.285339,1
16566132316511,0.476364,0.652405,0.791061,4
16566147300641,-12.335144,-2.735504,1.972717,1
16566162254255,0.525497,0.574783,0.700638,4
16566192191999,0.640854,0.227295,0.527237,4
16566207176130,-12.227234,-3.289337,2.689209,1
16566222160261,0.643341,-0.102051,0.235291,4
16566267082136,-7.841003,-2.647430,1.307007,1
16566252098005,0.527985,-0.424973,-0.236099,4
16566282066266,0.561096,-0.384384,-0.665482,4
16566297019880,-8.549561,-2.337189,1.144348,1
16566312004011,0.608093,-0.240189,-0.932877,4
16566371940534,0.678238,-0.920578,-0.914352,4
16566386894147,-11.219543,-2.582367,0.676208,1
16566401847761,0.533325,-1.109634,-0.782272,4
16566431816022,0.270920,-0.988220,-0.749512,4
16566446800153,-8.743958,-2.284821,0.242188,1
16566461784284,-0.016037,-0.685593,-0.845291,4
16566506706159,-8.536865,-2.028534,0.125549,1
16566536643903,-8.181396,-2.259430,0.052551,1
16566491722028,-0.287338,-0.467346,-1.016541,4
16566521659772,-0.567184,-0.341309,-1.136169,4
16566551597516,-0.583572,-0.208145,-1.131546,4
16566566673200,-8.183777,-2.544281,0.004944,1
16566581565778,-0.256012,-0.128036,-1.023300,4
16566596549909,-8.159180,-2.508575,-0.067261,1
16566611534040,0.164474,-0.099915,-0.817520,4
16566641471784,0.387711,-0.001282,-0.525208,4
16566626487653,-8.331360,-2.117401,0.293762,1
16566656455915,-9.006592,-1.911102,0.612732,1
16566686393659,-9.148621,-1.611969,0.882507,1
16566701347272,0.252762,0.109436,0.166214,4
16566716361921,-9.376343,-1.496124,1.176086,1
16566731315534,-0.038834,0.249359,0.502670,4
16566746299665,-10.299133,-1.828583,1.222900,1
16566776237409,-11.595642,-1.991241,1.072937,1
16566791221540,-0.286270,0.327332,1.014664,4
16566806205671,-11.827332,-2.136444,1.098328,1
16566821189802,-0.263138,0.273926,1.075546,4
16566836143415,-11.180664,-2.527618,1.762451,1
16566851127546,-0.118225,0.287811,1.006821,4
16566866111677,-9.992859,-2.861664,2.628113,1
16566881065290,0.093613,0.268951,0.755463,4
16566896049421,-8.241699,-2.615692,2.413879,1
16566911033552,0.214310,0.226929,0.381271,4
16566925987165,-8.002075,-1.899994,1.818787,1
16566940971296,0.186905,0.347992,0.107468,4
16566985921797,-10.518127,-1.302521,1.539490,1
16567000905928,-0.502029,-0.422485,-0.276337,4
16567015890058,-10.218201,-1.255707,1.696594,1
16567030843672,-0.915390,-0.564545,-0.271713,4
16567045827803,-9.511230,-1.431061,1.599792,1
16567060781416,-1.443405,-0.563110,-0.214737,4
16567075765547,-8.422607,-1.781769,1.052307,1
16567090749678,-1.823654,-0.421768,-0.163834,4
16567120687422,-1.865311,-0.200317,-0.101517,4
16567105733808,-7.935425,-2.019806,0.986450,1
16567135671553,-7.845764,-2.649811,0.985657,1
16567150625166,-1.422745,0.001205,0.038406,4
16567165609297,-7.752930,-3.110809,1.184814,1
16567180593428,-0.650497,0.169617,0.260925,4
16567210561689,0.061569,0.322708,0.464935,4
16567225515303,-8.181396,-2.576019,2.059998,1
16567240499433,0.485977,0.437347,0.610916,4
16567255483564,-8.412292,-2.070587,2.266296,1
16567300374922,0.231049,0.532776,0.716293,4
16567345327314,-9.549316,-2.434784,2.317871,1
16567360311445,0.071182,0.659515,0.854080,4
16567390249189,0.305466,0.732147,0.997574,4
16567420186933,0.462830,0.604340,1.075546,4
16567450124678,0.554337,0.368988,1.006821,4
16567480153975,0.524063,0.065643,0.745132,4
16567510030683,0.366699,-0.144775,0.329636,4
16567375265058,-10.485596,-2.641876,2.334534,1
16567405202803,-12.005859,-2.780731,2.215515,1
16567435171064,-12.537476,-3.008453,2.171875,1
16567539998945,0.254898,-0.282913,-0.154221,4
16567554952558,-8.563843,-3.023529,1.424438,1
16567569936689,0.315079,-0.364441,-0.599258,4
16567584920820,-8.478149,-2.960846,1.078491,1
16567599874433,0.487396,-0.330978,-0.886948,4
16567614858564,-9.787354,-2.818024,0.779358,1
16567629812178,0.861954,-0.343079,-0.943909,4
16567644796308,-11.305237,-2.752960,0.934875,1
16567659780439,1.089462,-0.669922,-0.874481,4
16567674734053,-10.773621,-2.693451,1.134827,1
16567689718183,1.005432,-0.732239,-0.705368,4
16567734640058,-10.712524,-2.514130,0.392944,1
16567719686445,0.772934,-0.652481,-0.545151,4
16567764608320,-10.020630,-2.367340,0.319153,1
16567809499678,0.097534,-0.638947,-0.847778,4
16567824483808,-9.459656,-2.328461,0.261230,1
16567839467939,-0.017471,-0.569885,-1.008713,4
16567854421553,-9.490601,-2.176910,0.076355,1
16567884389814,-9.187500,-2.107880,0.148560,1
16567914327558,-9.035156,-1.959503,0.161255,1
16567929281172,-0.002518,-0.383316,-1.129410,4
16567959218916,-0.033844,-0.327423,-0.979874,4
16567974172529,-8.736023,-1.643707,0.638123,1
16568034078535,-9.043884,-1.568329,0.734131,1
16568049032148,-0.167007,0.082031,0.068665,4
16568064016279,-9.863525,-1.389801,0.573853,1
16568079000410,-0.341110,0.160355,0.468140,4
16568093954023,-10.035706,-1.585785,0.624634,1
16568108938154,-0.450409,0.247940,0.780029,4
16568123891767,-9.822266,-2.007111,0.923767,1
16568138875898,-0.371719,0.396057,1.006821,4
16568153860029,-9.241455,-2.383209,1.414124,1
16568183797773,-8.958984,-2.385590,1.806091,1
16568168844160,-0.153824,0.537750,1.112930,4
16568198751387,0.079727,0.684082,1.123611,4
16568273641523,-9.268433,-1.429474,1.516479,1
16568288625654,-0.212570,0.002625,0.686035,4
16568303579267,-9.046265,-1.062897,1.511719,1
16568333517012,-9.385071,-0.785187,1.207031,1
16568318563398,-0.872665,-0.298218,0.454605,4
16568348470625,-1.793381,-0.412872,0.240631,4
16568363485273,-10.418945,-1.103363,1.113403,1
16568408376631,-2.828751,-0.433517,-0.041702,4
16568423330244,-10.900574,-2.421295,0.877747,1
16568438314375,-2.622955,-0.316025,-0.040283,4
16568483236250,-9.200195,-3.050507,0.985657,1
16568498189863,-1.094833,-0.224518,0.102493,4
16568513204512,-8.401184,-2.288788,1.577576,1
16568528158125,-0.874802,-0.203873,0.098221,4
16568543142256,-7.957642,-2.300690,1.764038,1
16568558095869,-0.823532,-0.149399,0.074722,4
16568573049482,-7.791809,-2.141998,1.791809,1
16568588033613,-0.766220,-0.097412,0.098221,4
16568603017744,-7.862427,-2.055511,1.446655,1
16568618001875,-0.797546,-0.058258,0.170486,4
16568632955488,-8.525757,-2.049957,1.339539,1
16568647939619,-0.872314,0.042511,0.291183,4
16568737783369,-1.423462,-0.076767,0.440369,4
16568752767500,-9.645325,-3.738434,1.333984,1
16568767721113,-0.902573,-0.071426,0.398361,4
16568782705244,-8.422607,-3.760651,1.389526,1
16568797658857,-0.055206,0.049622,0.330353,4
16568812642988,-8.106018,-3.279022,1.583130,1
16568827627119,0.578903,0.209137,0.244186,4
16568842611250,-8.686035,-2.918793,1.518860,1
16568857595381,1.011124,0.237259,0.187576,4
16568872548994,-9.873047,-2.553802,1.230042,1
16568887533125,1.178116,0.134720,0.195419,4
16568902517256,-11.206055,-1.976959,1.084045,1
16568917470869,1.061691,-0.275085,0.276596,4
16568932455000,-11.782104,-1.560394,1.262573,1
16568962423262,-11.850342,-1.201752,1.379211,1
16568977376875,-0.324722,-0.903137,0.316116,4
16568992361006,-11.260010,-0.909760,1.151489,1
16569007345137,-1.540604,-1.113556,0.152328,4
16569022298750,-10.380066,-0.839935,0.607178,1
16569052267012,-9.613586,-1.250946,0.004944,1
16569082204756,-9.460449,-1.807159,-0.458435,1
16569067220625,-3.517319,-1.189026,-0.423386,4
16569097158369,-3.791824,-1.094330,-0.607452,4
16569157064375,-2.632217,-0.966156,-0.456131,4
16569172048506,-9.811951,-3.171906,-1.271729,1
16569187032637,-1.725021,-0.914169,-0.182693,4
16569201986250,-9.149414,-2.947357,-0.848816,1
16569216970381,-1.051041,-0.717987,0.099991,4
16569231954512,-8.475769,-2.363373,-0.405273,1
16569276876387,-0.800400,0.029694,0.497330,4
16569291830000,-7.804504,-2.192780,-0.095825,1
16569321767744,-7.873535,-2.381622,0.569092,1
16569306875166,-0.677200,0.346558,0.672150,4
16569351736006,-8.176636,-2.533966,1.291138,1
16569366689619,-0.023514,0.659515,1.116486,4
16569396627363,0.073318,0.638153,1.313370,4
16569471486982,-10.444336,-1.683380,2.414673,1
16569516439375,-1.162125,0.608246,1.095840,4
16569606252607,-1.127243,0.069565,0.301514,4
16569621236738,-9.735779,-1.708771,2.387695,1
16569726064619,-1.708649,-0.286469,-0.013931,4
16569741048750,-8.213928,-2.350677,1.372864,1
16569845846113,-1.291016,-0.025497,0.058701,4
16569860830244,-9.823059,-2.589508,1.307800,1
16569965658125,0.800705,-0.198181,0.338181,4
16569980611738,-10.226929,0.210602,3.055786,1
16570085409101,-0.685745,-0.192474,-0.362854,4
16570100393232,-9.682617,-1.017670,1.685486,1
16570190206465,-9.690552,-2.716461,0.351685,1
16570235128340,-1.377884,-0.902069,-0.358231,4
16570324941572,-2.435318,-0.742554,-0.164536,4
16570339925703,-8.647949,-2.537140,-0.317200,1
16570444723066,-1.103378,-0.201736,0.153397,4
16570459707197,-9.489014,-2.316559,0.106506,1
16570564504560,-1.925476,-0.076767,1.048126,4
16570654317793,-2.563141,0.246521,0.899658,4
16570729238447,-8.859009,-3.516266,0.289795,1
16570804037031,0.742676,0.567307,1.525925,4
16570818990644,-9.803223,-2.754547,1.732300,1
16570923818525,-1.031815,0.603622,0.019882,4
16571028615889,-9.724670,0.015411,3.442993,1
16571073537764,1.809006,-0.237701,0.114944,4
16571178335127,-10.075378,-1.845245,1.004700,1
16571163381514,-0.589264,-0.488708,-0.554047,4
16571283132490,-1.554123,-1.298340,-1.325577,4
16571298116621,-9.619934,-1.339813,0.748413,1
16571402913984,-1.016861,-0.289322,-1.194565,4
16571417867598,-8.644775,-2.938629,-0.133911,1
16571522664961,1.400986,0.560181,0.077927,4
16571537649092,-8.738403,-2.259430,1.301453,1
16571642446455,0.609879,0.504639,0.669662,4
16571658407148,-9.623108,-1.982513,1.317322,1
16571762227949,0.194733,0.394989,0.534012,4
16571777181562,-9.905579,-2.806915,1.343506,1
16571882009443,0.326462,0.297791,0.222824,4
16571896963057,-10.037292,-2.260223,2.207581,1
16572001760420,0.029175,-0.100616,-0.009659,4
16572136526045,-9.693726,-2.378448,1.117371,1
16572121541914,0.014572,-0.223099,-0.224716,4
16572241323408,-0.105759,-0.248016,-0.425522,4
16572256307539,-9.551697,-2.249115,0.942017,1
16572346120771,-9.159729,-2.068207,0.922180,1
16572600698408,-0.145996,0.108734,0.455673,4
16580773651834,-5.435242,-3.291718,4.242798,1
16581019745584,-8.370239,-1.292206,5.256836,1
16581129059549,0.596695,0.300278,0.167282,4
16581138886209,-8.684448,0.574799,6.532715,1
16581248780008,0.064774,-0.196396,-0.082291,4
16581258026834,-8.308350,0.798553,6.965149,1
16581398499246,-0.507019,-0.654968,-0.775146,4
16581347870584,-8.828857,1.230988,6.370850,1
16581488342996,-0.528030,-1.067627,-2.094269,4
16581498261209,-9.465210,-3.027496,5.710693,1
16581608063455,0.934937,-1.363495,-2.909958,4
16581617401834,-5.632813,-3.509125,3.339844,1
16581638031717,0.741608,-0.877853,-2.852280,4
16581648651834,-3.750732,-2.172943,5.215576,1
16581667969461,0.253479,0.205933,-2.652542,4
16581677948709,-2.685913,-1.900787,4.729980,1
16581697907205,-0.176254,1.289001,-2.319992,4
16581707245584,-2.498657,-1.881744,3.649292,1
16581727875467,-0.522690,2.148834,-1.840408,4
16581738495584,-3.133423,-1.404877,3.912720,1
16581828339334,-8.869324,-2.403839,3.383484,1
16581787750955,-0.991226,3.572632,-0.686493,4
16581817749734,-0.835999,4.178253,0.045883,4
16581847687478,0.387344,4.410034,0.714874,4
16581857636209,-11.768616,-3.355194,2.307556,1
16581877564187,1.865982,4.067871,1.109360,4
16581886933084,-13.491211,-2.285614,2.300415,1
16581907501932,2.774948,3.331238,1.280975,4
16581918183084,-14.425110,-0.459076,3.571533,1
16581937439676,2.801651,2.326843,1.050262,4
16581947479959,-12.865173,1.704681,3.568359,1
16581967407937,1.411667,1.629364,0.644730,4
16581997315164,-0.058411,1.279022,0.317535,4
16581976776834,-12.270874,2.165680,3.733398,1
16582008026834,-12.304993,1.280182,4.720459,1
16582027252908,-1.117630,0.930115,0.123489,4
16582066620584,-9.911926,-1.445343,3.892883,1
16582097870584,-10.222961,-2.606171,3.296997,1
16582057190652,-1.658096,0.883118,0.257370,4
16582117096658,-0.598526,0.721115,0.958405,4
16582147034402,-0.204025,0.503571,1.157074,4
16582176972146,0.657578,0.392136,1.297348,4
16582206909891,1.678696,0.125458,1.343643,4
16582127167459,-10.261841,-2.712494,3.541382,1
16582156464334,-10.307861,-3.202057,3.310486,1
16582217011209,-10.449890,-1.681000,2.574951,1
16582236878152,1.232590,-0.098129,1.116135,4
16582277558084,-10.749023,-1.342987,1.933044,1
16582296753641,-0.286270,-0.627914,0.293320,4
16582306854959,-10.587952,-1.608795,1.622009,1
16582326691385,-0.939606,-0.820175,-0.148880,4
16582336151834,-10.398315,-1.867462,1.280029,1
16582367401834,-10.166626,-2.183258,0.826172,1
16582386566873,-1.630325,-0.946213,-0.816803,4
16582396698709,-9.882568,-2.410187,0.399292,1
16582416504617,-1.558044,-0.888885,-1.042892,4
16582425995584,-9.641357,-2.575226,0.233459,1
16582446442361,-1.265030,-0.752884,-1.177475,4
16582515839334,-9.362854,-2.599030,0.630188,1
16582536286111,0.221786,-0.286835,-1.067810,4
16582547089334,-9.271606,-2.130096,0.738098,1
16582566223855,0.432205,-0.167206,-0.946045,4
16582605683084,-9.126404,-1.680206,1.313354,1
16582626099344,0.473160,0.042145,-0.676529,4
16582636933084,-9.023254,-1.565948,1.498230,1
16582656006570,0.391266,0.107666,-0.534103,4
16582666229959,-8.918518,-1.496124,1.578369,1
16582685974832,0.267715,0.150742,-0.377090,4
16582695526834,-8.848694,-1.479462,1.646606,1
16582715912576,0.161270,0.181366,-0.207626,4
16582745850320,0.107864,0.221588,-0.021057,4
16582835694070,0.189041,0.367218,0.541122,4
16582845917459,-9.016113,-1.819855,1.887817,1
16582865631814,0.175858,0.396057,0.690308,4
16582875214334,-9.218445,-1.915863,1.894165,1
16582895569559,0.153793,0.408508,0.819901,4
16582906464334,-9.527100,-1.968231,1.999695,1
16582925507303,0.115692,0.398193,0.911407,4
16582955445047,0.053391,0.363647,0.946655,4
16582935761209,-9.734985,-2.024567,2.001282,1
16582965058084,-9.781799,-2.085663,2.065552,1
16582985382791,-0.044525,0.324493,0.921738,4
16582996308084,-9.798462,-2.180084,2.028259,1
16583015351053,-0.144211,0.283188,0.849457,4
16583054901834,-9.861938,-2.435577,1.918762,1
16583075226541,-0.246399,0.165695,0.619095,4
16583105164285,-0.249954,0.098404,0.485947,4
16583086151834,-9.823853,-2.514130,1.861633,1
16583115448709,-9.812744,-2.575226,1.783875,1
16583165070291,-0.222183,-0.000580,0.201828,4
16583175995584,-9.669922,-2.653778,1.687866,1
16583195008035,-0.196548,-0.033691,0.055847,4
16583284851785,-0.066956,-0.080322,-0.314438,4
16583324433084,-9.636597,-2.306244,1.406982,1
16583314789529,-0.047729,-0.102402,-0.409851,4
16583344727273,-0.043106,-0.111298,-0.489960,4
16583374665018,-0.034195,-0.116638,-0.552979,4
16583384979959,-9.684204,-2.163422,1.332397,1
16583404602762,-0.008926,-0.116638,-0.595703,4
16583434571023,0.035583,-0.109161,-0.612793,4
16583504120584,-9.469177,-1.902374,1.349854,1
16583494415994,0.129227,-0.103470,-0.591080,4
16583524384256,0.160904,-0.088165,-0.546570,4
16583533417459,-9.385864,-1.819855,1.334778,1
16583554291482,0.151657,-0.086731,-0.475357,4
16583564667459,-9.293823,-1.738922,1.340332,1
16583584229226,0.123886,-0.075348,-0.377090,4
16583614166971,0.079025,-0.072495,-0.264938,4
16583623261209,-9.263672,-1.705597,1.338745,1
16583644165750,0.024185,-0.058609,-0.153152,4
16583654511209,-9.147034,-1.774628,1.320496,1
16583674042459,-0.019608,-0.026215,-0.047760,4
16583683808084,-9.109741,-1.836517,1.295898,1
16583703980203,-0.045944,0.008682,0.046951,4
16583713104959,-9.117676,-1.896027,1.271301,1
16583744354959,-9.234314,-1.977753,1.320496,1
16583763855691,-0.011414,0.083450,0.226395,4
16583773651834,-9.319214,-1.984894,1.383179,1
16583793793435,-0.013199,0.106949,0.299026,4
16583802948709,-9.298584,-2.006317,1.462524,1
16583834198709,-9.295410,-2.078522,1.495850,1
16583853668924,-0.091171,0.140411,0.381622,4
16583863495584,-9.276367,-2.162628,1.535522,1
16583973450418,-0.116440,0.180649,0.373077,4
16583982636209,-9.314453,-2.387970,1.680725,1
16584003357644,-0.108963,0.178162,0.332489,4
16584013886209,-9.261292,-2.453033,1.682312,1
16584033325906,-0.093307,0.176727,0.276596,4
16584043183084,-9.196228,-2.491913,1.702148,1
16584063263650,-0.060547,0.186340,0.219986,4
16584072479959,-9.279541,-2.516510,1.651367,1
16584093170877,-0.017822,0.193115,0.175125,4
16584103729959,-9.449341,-2.594269,1.598206,1
16584123108621,0.033447,0.158569,0.123138,4
16584133026834,-9.193848,-2.652191,1.545837,1
16584153046365,0.102875,0.166763,0.070450,4
16584162323709,-8.859009,-2.769623,1.492676,1
16584182984109,0.221436,0.208069,0.021667,4
16584193573709,-8.770935,-2.830719,1.430786,1
16584242859598,0.580322,0.307037,0.046234,4
16584222870584,-9.294617,-2.852142,1.331604,1
16584283417459,-9.566772,-2.862457,1.498230,1
16584302735086,0.935287,0.251495,0.081131,4
16584312714334,-9.810364,-2.715668,1.366516,1
16584332672830,0.903610,0.186340,0.026657,4
16584342011209,-9.975403,-2.553009,1.330811,1
16584362641092,0.736984,0.108734,-0.084427,4
16584422486062,0.309021,0.018646,-0.158844,4
16584431854959,-10.472900,-2.386383,1.106262,1
16584452423807,0.090775,-0.055054,-0.165604,4
16584463104959,-9.510437,-2.453033,0.937256,1
16584482361551,-0.075500,-0.016602,-0.160980,4
16584521698709,-8.763000,-2.605377,0.762695,1
16584572174783,0.072250,0.087723,0.016678,4
16584552948709,-8.879639,-2.687103,0.748413,1
16584611542459,-9.051025,-2.591888,0.761108,1
16584632050271,0.411560,0.075256,0.250595,4
16584642792459,-9.458862,-2.319733,0.858704,1
16584701386209,-10.276123,-1.996796,0.850769,1
16584691925760,0.059799,-0.020874,0.326431,4
16584721894021,-0.273453,-0.030121,0.325012,4
16584732636209,-11.472656,-2.176910,0.928528,1
16584751801248,-0.496338,-0.028702,0.367020,4
16584761933084,-12.785828,-2.321320,0.913452,1
16584781738992,-0.638046,-0.299286,0.300095,4
16584791229959,-12.018555,-2.368134,0.561157,1
16584841614480,-0.582855,-0.293594,-0.008591,4
16584822479959,-12.037598,-2.786285,0.556396,1
16584871552225,-0.048447,-0.225952,-0.248917,4
16584881073709,-10.008728,-2.916412,2.267090,1
16584931427713,0.569641,-0.479797,-0.817871,4
16584941620584,-8.647156,-1.458832,1.768005,1
16584970917459,-10.144409,-0.676483,1.007080,1
16584991303201,-0.020676,-1.044128,-1.208084,4
16585002167459,-11.114014,-0.403534,1.025330,1
16585021240945,-0.552948,-1.510178,-1.386459,4
16585031464334,-10.497498,-0.382904,1.121338,1
16585051178689,-1.100174,-1.604172,-1.454819,4
16585060761209,-9.444580,-0.825653,1.401428,1
16585081116434,-1.587601,-1.427582,-1.428833,4
16585092011209,-8.367859,-1.185089,1.245117,1
16585111054178,-1.828995,-1.112839,-1.328079,4
16585121308084,-7.512512,-1.277130,0.820618,1
16585140991922,-1.716843,-0.834061,-1.140793,4
16585170929666,-1.260040,-0.586975,-0.809677,4
16585200867410,-0.590683,-0.359818,-0.347549,4
16585230805154,-0.058060,-0.095276,0.148056,4
16585260742898,0.166611,0.179230,0.619812,4
16585290680643,0.102524,0.419907,1.030685,4
16585150604959,-6.865051,-1.599274,0.983276,1
16585181854959,-6.347717,-1.937286,1.186401,1
16585211151834,-5.979553,-1.899994,1.549805,1
16585240448709,-5.905762,-1.519135,1.889404,1
16585300995584,-6.123962,-1.112091,2.234558,1
16585320618387,-0.106125,0.678391,1.407013,4
16585330292459,-6.830139,-1.365204,2.255188,1
16585350525613,-0.223251,0.916580,1.770889,4
16585359589334,-7.906067,-1.714325,2.262329,1
16585380493875,-0.104340,1.156906,2.142593,4
16585390839334,-9.510437,-2.123749,2.452759,1
16585410431619,0.221786,1.330292,2.464447,4
16585420136209,-11.191772,-2.357025,2.798706,1
16585440369363,0.545074,1.410049,2.639969,4
16585449433084,-12.982605,-2.384796,2.494812,1
16585470368143,0.670395,1.469147,2.689102,4
16585480683084,-15.931091,-2.736298,1.939392,1
16585500214334,0.533676,1.062912,2.517502,4
16585530152078,0.437546,0.414566,1.989136,4
16585539276834,-14.110901,-4.763580,2.921692,1
16585560089822,0.422241,0.046417,1.122894,4
16585570526834,-10.406250,-4.323212,2.572571,1
16585590027566,0.386642,-0.023712,0.126343,4
16585599823709,-7.872742,-2.913239,1.779907,1
16585629120584,-7.708496,-2.295135,1.602173,1
16585660370584,-9.163696,-2.793427,1.285583,1
16585619965310,0.283035,0.090576,-0.696457,4
16585649903055,0.076889,0.136139,-1.156113,4
16585679840799,0.323257,-0.083893,-1.240494,4
16585689667459,-11.097351,-3.446442,1.218140,1
16585709809060,0.842728,-0.654266,-1.113388,4
16585718964334,-11.495667,-3.715424,1.346680,1
16585769654031,1.043533,-1.050171,-0.660141,4
16585779511209,-9.719116,-2.468903,1.165771,1
16585799591775,0.500214,-0.798096,-0.674026,4
16585808808084,-9.777832,-1.945221,0.959473,1
16585829529519,-0.163803,-0.651764,-0.882675,4
16585840058084,-9.358887,-2.253876,0.627014,1
16585859467264,-0.561142,-0.513626,-1.080627,4
16585869354959,-9.378723,-2.702972,0.204102,1
16585889405008,-0.605286,-0.492264,-1.227676,4
16585898651834,-9.500916,-2.999725,-0.216431,1
16585949249978,0.287308,-0.441711,-1.322739,4
16585929901834,-9.466797,-2.911652,-0.382263,1
16585959198709,-9.536621,-2.718842,-0.214844,1
16585979187723,0.744812,-0.327423,-1.242630,4
16585988495584,-9.649292,-2.349884,0.355652,1
16586009125467,0.987274,-0.247314,-1.120148,4
16586019745584,-9.564392,-2.053131,0.970581,1
16586039093728,1.080200,-0.090302,-0.897263,4
16586049042459,-9.950012,-1.506439,0.907898,1
16586069000955,0.879044,-0.088165,-0.618851,4
16586078339334,-10.148376,-1.066071,0.763489,1
16586168183084,-11.356812,-1.869843,1.067383,1
16586188751932,-0.410172,-0.071075,0.545761,4
16586199433084,-9.664368,-2.480011,2.289307,1
16586228729959,-7.898132,-2.824371,3.120850,1
16586248596902,0.192245,0.106232,0.286911,4
16586258026834,-6.783325,-2.319733,2.577332,1
16586289276834,-7.814819,-1.462006,1.431580,1
16586308502908,0.333588,0.210556,-0.083359,4
16586318573709,-9.896851,-1.098602,0.941223,1
16586338440652,0.086136,-0.348068,-0.249283,4
16586347870584,-10.420532,-1.032745,1.184021,1
16586368378396,-0.209015,-0.751465,-0.217590,4
16586379120584,-9.751648,-0.787567,1.764038,1
16586408417459,-8.681274,-1.086700,1.864807,1
16586398285623,-0.716721,-0.740784,-0.054520,4
16586428253885,-1.511765,-0.492264,0.137024,4
16586437714334,-7.861633,-1.543732,1.246704,1
16586458191629,-2.067886,-0.145126,0.278015,4
16586518067117,-1.403168,0.380035,0.549316,4
16586527558084,-7.611694,-3.380585,1.226074,1
16586548004861,-0.419785,0.571228,0.789642,4
16586617401834,-8.267883,-1.826996,2.051270,1
16586637818094,0.421173,0.745682,1.199081,4
16586648651834,-8.604309,-1.616730,2.052856,1
16586667755838,0.021698,0.863525,1.216888,4
16586697693582,-0.248184,0.971771,1.228638,4
16586707245584,-10.618103,-2.607758,2.718567,1
16586727631326,-0.207947,1.040833,1.268875,4
16586757569070,0.044846,1.104218,1.329391,4
16586767792459,-12.990540,-3.322662,2.670166,1
16586787506814,0.339645,0.977112,1.310883,4
16586797089334,-14.299744,-3.776520,2.583679,1
16586817444559,0.671463,0.533127,1.100113,4
16586828339334,-13.451538,-3.888397,2.850281,1
16586847382303,0.793945,-0.004135,0.619461,4
16586857636209,-10.892639,-3.264740,2.920898,1
16586877320047,0.582458,-0.326706,-0.036728,4
16586886933084,-8.633667,-2.417328,2.512268,1
16586907257791,0.266296,-0.431732,-0.655518,4
16586918183084,-7.897339,-2.231659,1.900513,1
16586937195535,0.018494,-0.433868,-1.079208,4
16586947479959,-8.840759,-2.401459,1.403015,1
16586967133279,0.100739,-0.512207,-1.210587,4
16586976782583,-10.663330,-2.968781,1.178467,1
16586997046255,0.542587,-0.830856,-1.098434,4
16587027014517,0.903961,-1.310440,-0.889786,4
16587037329458,-10.608582,-3.274261,0.996765,1
16587056952261,0.979080,-1.144531,-0.609589,4
16587127173208,-8.932007,-2.003937,0.243774,1
16587086890005,0.516235,-1.069397,-0.559036,4
16587116827749,-0.120712,-0.888535,-0.739182,4
16587146734975,-0.603149,-0.669571,-0.977371,4
16587176703237,-0.754822,-0.486206,-1.153976,4
16587185766958,-8.305176,-2.826752,-0.182312,1
16587206640981,-0.493484,-0.363739,-1.225540,4
16587236548208,-0.017822,-0.297867,-1.182449,4
16587217016958,-8.328979,-2.810089,-0.393372,1
16587246313833,-8.326599,-2.730743,-0.264832,1
16587266485952,0.455353,-0.214905,-1.028641,4
16587275610708,-8.432129,-2.332428,0.066040,1
16587296484731,0.669327,-0.126617,-0.802200,4
16587306860708,-8.552734,-1.979340,0.400085,1
16587326391958,0.642624,-0.006271,-0.512741,4
16587365454458,-9.391418,-1.340607,0.519104,1
16587396704458,-9.997620,-1.623871,0.788879,1
16587386236929,0.038071,0.217316,0.200043,4
16587416174673,-0.172348,0.370773,0.598801,4
16587426001333,-11.299683,-1.952362,0.702393,1
16587515845083,-11.459961,-2.978302,2.990723,1
16587565863393,0.477066,0.378250,0.514420,4
16587545141958,-9.300171,-2.795807,3.959534,1
16587576391958,-7.341125,-1.942047,3.094666,1
16587595770620,0.346054,0.462280,0.118515,4
16587605688833,-8.311523,-1.103363,1.732300,1
16587625738882,0.040207,0.296722,-0.172012,4
16587655646108,-0.353928,-0.408600,-0.436905,4
16587666235708,-10.502258,-0.756622,1.072144,1
16587685614370,-0.776535,-0.890320,-0.473221,4
16587695532583,-9.882568,-0.810577,1.782288,1
16587715521597,-1.280334,-0.947632,-0.305176,4
16587724829458,-8.636841,-1.365997,2.091736,1
16587745459341,-1.956100,-0.647141,-0.037430,4
16587756079458,-7.987793,-1.997589,1.528381,1
16587775397085,-2.276886,-0.289673,0.180817,4
16587785376333,-7.580750,-2.108673,0.890442,1
16587805334829,-2.037628,-0.042236,0.341751,4
16587835272573,-1.391068,0.212341,0.517990,4
16587845923208,-7.537109,-3.362335,1.306213,1
16587865210317,-0.472488,0.403885,0.716293,4
16587875220083,-7.783875,-3.229034,1.960022,1
16587895117544,0.322189,0.559830,0.864410,4
16587994360708,-9.110535,-1.909515,2.816956,1
16588014899038,0.058365,0.789474,1.225082,4
16588025610708,-10.113464,-2.492706,3.264465,1
16588044836782,0.064423,0.861389,1.308746,4
16588054907583,-11.625000,-2.824371,3.208130,1
16588084204458,-13.820496,-3.037811,2.617004,1
16588104712270,0.251343,0.574432,1.200867,4
16588115454458,-14.541748,-3.472626,2.446411,1
16588164557241,0.365982,-0.501877,0.201828,4
16588174048208,-9.545349,-3.244904,2.051270,1
16588194494985,0.420456,-0.626846,-0.479279,4
16588205298208,-7.960022,-2.706940,1.291931,1
16588224432729,0.446091,-0.399338,-0.922897,4
16588234595083,-9.533447,-2.904510,1.146729,1
16588254370474,0.699951,-0.493683,-1.120499,4
16588263891958,-11.565491,-3.148102,1.064209,1
16588284308218,1.115799,-0.881409,-1.109116,4
16588295141958,-12.415283,-3.081451,0.985657,1
16588314245962,1.191284,-1.289429,-1.032562,4
16588324438833,-11.201294,-2.466522,0.609558,1
16588344183706,0.813889,-1.342133,-1.029007,4
16588353735708,-9.727051,-1.879364,0.411987,1
16588374121450,0.148087,-1.138824,-1.203461,4
16588384985708,-8.744751,-1.625458,0.393738,1
16588443579458,-8.478149,-2.207062,0.179504,1
16588463904165,-0.858780,-0.371567,-1.561279,4
16588474829458,-8.351990,-2.557770,0.107300,1
16588493841909,-0.495621,-0.317093,-1.391098,4
16588504126333,-8.183777,-2.655365,-0.107727,1
16588523779653,0.037003,-0.287903,-1.140091,4
16588593970083,-9.043884,-1.761932,0.517517,1
16588613562368,0.717041,0.119049,-0.173798,4
16588623266958,-9.282715,-1.537384,0.858704,1
16588673437856,0.381302,0.571930,0.557510,4
16588683813833,-10.746643,-1.769073,1.519653,1
16588703375600,0.400879,0.755646,0.923508,4
16588773657583,-11.027527,-2.368927,3.027222,1
16588793158315,0.786819,0.415283,1.167038,4
16588802954458,-8.945496,-2.518890,3.586609,1
16588823096059,0.802841,0.273575,0.752975,4
16588832251333,-7.624390,-1.815094,2.901062,1
16588863501333,-9.263672,-0.785980,1.830688,1
16588892798208,-10.709351,-0.698700,1.341125,1
16588922095083,-10.338806,-0.847076,1.591064,1
16588953345083,-9.245422,-1.200958,1.721191,1
16588982641958,-8.048889,-1.672272,1.422852,1
16589011938833,-7.568848,-1.837311,0.828552,1
16589101782583,-7.683899,-3.133026,1.213379,1
16589133032583,-7.785461,-2.897369,1.704529,1
16589222876333,-8.447205,-1.869049,2.318665,1
16588853033804,0.548630,0.418121,0.373077,4
16588882971548,-0.041321,0.118347,0.005646,4
16588942847036,-1.251495,-0.809494,-0.386353,4
16588972784780,-1.732864,-0.821243,-0.355728,4
16589062598013,-2.055435,-0.202454,-0.081589,4
16589092505239,-1.514252,0.039658,0.138809,4
16589272162222,0.098953,0.919785,1.099045,4
16589361975454,0.851273,0.902695,1.482132,4
16589391882681,0.966263,0.434143,1.224716,4
16589421820425,0.730576,-0.039032,0.663605,4
16589451758169,0.404083,-0.296799,-0.017136,4
16589511633657,0.236740,-0.443130,-0.942490,4
16589541571401,0.518372,-0.654617,-1.007278,4
16589571539663,0.885803,-1.068695,-0.894775,4
16589601477407,0.988342,-1.368118,-0.752716,4
16589661352895,0.231049,-0.928772,-0.681152,4
16589691260122,-0.094727,-0.729385,-0.852402,4
16589751135610,-0.137802,-0.475525,-1.103409,4
16589781073354,0.112839,-0.463776,-1.173904,4
16589811011099,0.319351,-0.427826,-1.192429,4
16589840948843,0.359573,-0.327423,-1.142578,4
16589900824331,0.247787,-0.047577,-0.784042,4
16589930762075,0.123520,0.115845,-0.446167,4
16590020575308,-0.084045,0.476517,0.747986,4
16590050513052,0.051956,0.632111,1.053467,4
16590290015005,-1.951462,-0.909897,-0.276337,4
16590319983267,-2.535019,-0.752167,-0.189102,4
16590349921011,-2.622955,-0.569519,-0.075882,4
16590409765981,-1.608597,-0.098480,0.321091,4
16590439703725,-0.887268,0.110870,0.538635,4
16590499579214,-0.147781,0.469391,0.809937,4
16589312720083,-12.003479,-2.848969,2.865356,1
16589342016958,-13.524536,-3.142548,2.716187,1
16589521704458,-9.539001,-2.734711,1.151489,1
16589551001333,-11.329041,-3.081451,1.092773,1
16589582251333,-11.525818,-3.216339,1.132446,1
16589611548208,-10.270569,-2.762482,0.861084,1
16589640845083,-10.557800,-2.450653,0.610352,1
16589672095083,-9.773071,-2.303864,0.337402,1
16589730688833,-8.820923,-2.825958,0.122375,1
16589761938833,-8.865356,-2.708527,-0.052185,1
16589791235708,-8.754272,-2.453827,-0.010132,1
16589970923208,-9.678650,-1.573883,0.796021,1
16590000220083,-10.546692,-1.707184,0.842041,1
16590090063833,-10.342773,-2.798187,3.325562,1
16590121313833,-8.958191,-2.696625,3.827026,1
16590150610708,-8.481323,-1.738129,3.057373,1
16590179907583,-9.927795,-0.689178,2.071899,1
16590240454458,-10.829956,-0.383698,2.038574,1
16590269751333,-9.629456,-0.605865,2.177429,1
16590299048208,-8.338501,-1.293793,1.523621,1
16590330298208,-7.762451,-1.894440,0.791260,1
16590509985708,-7.830688,-2.416534,1.737854,1
16590539282583,-8.549561,-2.456207,2.094116,1
16590568579458,-9.537415,-2.502228,2.525757,1
16590599829458,-10.310242,-2.652191,2.812195,1
16590629126333,-11.119568,-2.846588,2.597168,1
16590658423208,-12.374023,-3.021149,2.240906,1
16590748266958,-11.270325,-3.165558,3.062927,1
16590779516958,-8.343262,-2.722809,2.169495,1
16590898657583,-12.218506,-3.153656,1.393494,1
16590927954458,-11.436157,-2.668854,1.245117,1
16590959204458,-11.286987,-2.125336,1.009460,1
16590988501333,-10.174561,-1.511993,0.679382,1
16591017798208,-9.477905,-1.694489,0.254089,1
16591049048208,-9.081970,-2.050751,-0.026001,1
16591078345083,-8.898682,-2.353851,-0.401306,1
16591107641958,-8.723328,-2.526031,-0.561584,1
16591138891958,-8.393250,-2.592682,-0.298950,1
16590529516958,0.004959,0.673767,0.933121,4
16590649298452,0.484909,1.080353,1.284531,4
16590679205679,0.717041,0.993835,1.213333,4
16590739050649,0.902893,0.213043,0.564270,4
16590768988393,0.651169,-0.252289,-0.066635,4
16590828863882,0.820297,-0.213135,-0.929306,4
16590858801626,1.250031,-0.451324,-1.015121,4
16590888708852,1.735306,-1.055878,-0.930374,4
16590978522085,0.617706,-1.309372,-0.744522,4
16591008459829,-0.275238,-1.090057,-1.038620,4
16591098273061,-1.053177,-0.699127,-1.669876,4
16591128180288,-0.583923,-0.640732,-1.621811,4
16591158118032,-0.054855,-0.537476,-1.446274,4
16591188055776,0.266296,-0.385803,-1.181030,4
16591168188833,-8.148865,-2.319733,-0.157715,1
16591228735708,-8.503540,-1.562775,0.314392,1
16591217993520,0.315430,-0.135162,-0.834244,4
16591277869009,0.078308,0.376465,0.085754,4
16591258032583,-8.893921,-1.398529,0.518311,1
16591347876333,-10.081726,-1.951569,0.824585,1
16591337744497,0.163406,0.777374,1.107224,4
16591367712759,0.281250,0.929749,1.487839,4
16591377173208,-10.891846,-2.095184,1.200684,1
16591397619985,0.522995,1.077148,1.736710,4
16591408423208,-10.968018,-2.779938,2.545593,1
16591487433218,1.556229,1.239868,1.316574,4
16591437720083,-10.280090,-3.171112,3.668335,1
16591498266958,-9.024841,-0.947052,2.280579,1
16591517401479,1.157104,0.971771,0.997208,4
16591527563833,-10.452271,0.451019,1.010254,1
16591547339224,0.323257,0.027191,0.474548,4
16591577246450,-1.766327,-0.762497,-0.168808,4
16591588110708,-11.691650,-0.644745,2.587646,1
16591617407583,-9.717529,-2.747406,2.180603,1
16591646704458,-8.230591,-4.221649,0.723022,1
16591607214712,-3.089722,-1.314713,-0.588226,4
16591637121938,-3.440063,-1.304749,-0.465393,4
16591667090200,-2.363754,-0.907043,-0.148163,4
16591696997427,-1.972824,-0.483719,0.018463,4
16591707251333,-7.446655,-2.614899,1.265747,1
16591726935171,-1.618210,-0.099548,0.038040,4
16591736548208,-7.518860,-3.012421,0.880920,1
16591756872915,-0.949570,0.137573,0.046585,4
16591767798208,-7.727539,-2.646637,1.177673,1
16591797095083,-8.013184,-2.674408,1.244324,1
16591816748403,-0.103989,0.260406,0.132401,4
16591846716665,0.161270,0.272858,0.223541,4
16591876654409,0.241379,0.408508,0.325729,4
16591826391958,-8.076660,-2.426056,1.389526,1
16591857641958,-8.231384,-2.223724,1.812439,1
16591916235708,-9.247803,-2.045197,2.632080,1
16591906561636,0.177292,0.564453,0.425415,4
16591936499380,0.060867,0.711502,0.531509,4
16591945532583,-9.758789,-2.295929,2.756653,1
16591966467642,0.068344,0.816528,0.659332,4
16591976782583,-10.691895,-2.549835,2.453552,1
16591996374868,0.309021,0.892731,0.821686,4
16592026312612,0.699951,0.795883,0.964462,4
16592035376333,-13.919678,-3.054474,2.414673,1
16592056250356,1.008286,0.387512,0.946304,4
16592066626333,-12.465271,-3.269501,2.575745,1
16592086188100,1.162445,-0.027985,0.683182,4
16592146063589,1.215500,-0.249451,-0.194443,4
16592095923208,-9.763550,-3.136200,2.289307,1
16592125220083,-8.019531,-2.639496,1.706116,1
16592205939077,1.322311,-0.453094,-0.591080,4
16592215063833,-11.645630,-2.649811,1.210999,1
16592235876821,1.375000,-1.050888,-0.648392,4
16592246313833,-11.223511,-2.506195,1.240356,1
16592265814565,1.103699,-1.153076,-0.599258,4
16592275610708,-11.529785,-2.171356,0.904724,1
16592295752309,0.444321,-1.175507,-0.619553,4
16592304907583,-11.051331,-1.958710,0.708740,1
16592325690054,-0.372437,-1.162323,-0.810043,4
16592336157583,-9.773865,-1.823029,0.405640,1
16592365454458,-9.011353,-2.023773,0.152527,1
16592385535024,-1.434860,-0.675262,-1.288559,4
16592394751333,-8.414673,-2.469696,-0.152954,1
16592455298208,-8.344849,-2.898956,-0.375916,1
16592475348257,-0.225388,-0.239471,-1.329147,4
16592505286001,0.317566,-0.153320,-1.120499,4
16592565161489,0.510178,0.224792,-0.453293,4
16592515845083,-7.744202,-2.088837,0.274719,1
16592545141958,-7.727539,-1.756378,0.588928,1
16592574438833,-8.055237,-1.496124,0.927734,1
16592595099233,0.342484,0.453735,0.017746,4
16592605688833,-8.621765,-1.544525,1.116577,1
16592625036977,0.198288,0.619995,0.538284,4
16592634985708,-9.247803,-1.811127,1.149109,1
16592654974722,0.195450,0.766327,1.075897,4
16592714850210,0.435410,0.885605,1.928970,4
16592724829458,-12.405762,-2.575226,2.195679,1
16592744787954,0.680725,0.919434,2.063553,4
16592754126333,-11.664673,-3.175873,4.025391,1
16592774786733,0.933868,0.871719,1.870926,4
16592785376333,-9.953979,-2.877533,4.610168,1
16592804632925,0.912155,0.552704,1.289871,4
16592814673208,-8.167908,-2.679962,3.723083,1
16592834601186,0.864792,0.346558,0.631210,4
16592843970083,-8.952637,-2.327667,2.438477,1
16592864538931,0.866226,0.048203,0.084686,4
16592875220083,-11.340942,-1.742096,1.756104,1
16592965063833,-10.234863,-0.446381,1.905273,1
16592984259390,-2.342041,-1.318268,-1.197403,4
16592994360708,-9.036743,-1.070038,1.184814,1
16593014197134,-3.145615,-0.925201,-1.284988,4
16593023657583,-8.313110,-1.571503,0.554016,1
16593044134878,-3.223236,-0.702332,-1.297455,4
16593054907583,-7.269714,-2.122162,0.285828,1
16593074072622,-2.684189,-0.468414,-1.164658,4
16593084204458,-6.820618,-2.817230,0.573059,1
16593104010366,-1.634598,-0.233063,-0.859528,4
16593144751333,-6.717468,-2.628387,1.280029,1
16593174048208,-6.650818,-2.198334,1.641846,1
16593133917593,-0.453613,-0.086731,-0.463257,4
16593163885854,0.409775,0.080597,-0.056656,4
16593193823599,0.959152,0.338730,0.311844,4
16593203345083,-6.834900,-1.701630,2.186951,1
16593223730825,1.140366,0.639587,0.656479,4
16593234595083,-7.243530,-1.323151,2.801880,1
16593253668569,0.963776,0.980667,1.015015,4
16593263891958,-8.103638,-1.142242,2.871704,1
16593293188833,-9.237488,-1.383453,2.802673,1
16593283606313,0.612366,1.229889,1.380310,4
16593313544058,0.456421,1.330292,1.731003,4
16593324438833,-10.491150,-2.047577,2.720947,1
16593343481802,0.637283,1.380493,2.058563,4
16593353735708,-12.496216,-2.516510,2.564636,1
16593373389028,0.934586,1.335632,2.319183,4
16593383032583,-14.556030,-2.834686,2.672546,1
16593403326772,1.107254,0.911957,2.341965,4
16593414282583,-14.189453,-3.248871,3.302551,1
16593443579458,-12.358154,-3.682098,3.311279,1
16593463202261,0.632309,-0.123047,1.209412,4
16593472876333,-9.661194,-3.351227,2.399597,1
16593493140005,0.346405,-0.339523,0.308990,4
