Inicio: 31-12-1969-20:59:59:999
Fim: 08-01-2019-10:51:05:699
86871635667811,3.144409,-5.232513,8.098206,1
86871699052821,2.986511,-5.277740,7.983154,1
86871737230311,2.861938,-5.257111,8.197388,1
86871768480311,2.808777,-5.186493,8.301331,1
86871799730311,2.834961,-5.230133,8.263245,1
86871862230311,2.992065,-5.269806,8.130737,1
86871885667811,3.048401,-5.265045,8.173584,1
86871916917811,3.001587,-5.188080,8.280701,1
86871938798914,-0.136032,-0.078995,0.024475,4
86871948167811,2.970642,-5.239655,8.194214,1
86871968675623,-0.176620,-0.088242,0.014145,4
86871979417811,3.041260,-5.383270,8.106934,1
86872028520594,-0.085831,-0.031631,-0.000092,4
86872065355311,3.181702,-5.365814,8.206909,1
86872058458338,-0.060562,0.023911,-0.011124,4
86872088396082,-0.095093,0.072327,-0.020035,4
86872118333827,-0.115738,0.109360,-0.032852,4
86872127855311,2.973022,-5.442780,8.067261,1
86872148271571,-0.088684,0.142822,-0.046021,4
86872178178797,-0.066254,0.160263,-0.054916,4
86872159105311,2.920654,-5.473724,8.063293,1
86872190355311,2.938904,-5.482452,8.004578,1
86872208116541,-0.048813,0.170944,-0.057053,4
86872221605311,2.930176,-5.549896,8.061707,1
86872238054286,-0.032425,0.157059,-0.033554,4
86872297960291,-0.011063,0.106857,0.067551,4
86872307542811,2.878601,-5.697479,8.003784,1
86872327806483,-0.071243,0.069122,0.136627,4
86872338792811,2.838135,-5.636383,8.452881,1
86872370042811,2.542969,-5.598297,8.089478,1
86872387681971,-0.363541,-0.056915,0.256607,4
86872401292811,2.625488,-5.885529,7.595947,1
86872417589198,-0.231812,-0.133820,0.258392,4
86872424730311,2.635803,-5.977570,7.645935,1
86872447526942,-0.120728,-0.189713,0.250198,4
86872455980311,2.721497,-5.878387,7.906982,1
86872477434168,-0.122147,-0.213577,0.247711,4
86872487230311,2.887329,-5.827606,7.953003,1
86872507371912,-0.181259,-0.187225,0.236313,4
86872518480311,2.880188,-5.998993,7.999023,1
86872537309657,-0.216858,-0.137024,0.223495,4
86872597154627,-0.139954,-0.011703,0.155502,4
86872604417811,2.515991,-6.032318,7.939514,1
86872627061854,-0.125717,-0.002441,0.118118,4
86872635667811,2.500122,-5.950592,7.903015,1
86872656999598,-0.152771,-0.019180,0.094620,4
86872760667811,2.803223,-6.360809,7.184143,1
86872716875086,-0.182678,-0.066177,0.049393,4
86872746812830,-0.266342,-0.101059,0.027679,4
86872776720057,-0.142441,-0.075073,-0.003296,4
86872784105311,2.713562,-6.266388,7.353149,1
86872815355311,2.783386,-6.467926,7.488831,1
86872846605311,2.727051,-6.610748,7.658630,1
86872866502772,-0.330429,-0.062607,-0.008987,4
86872877855311,2.531860,-6.485382,7.724487,1
86872926347743,-0.506668,-0.084686,-0.028931,4
86872995042811,2.534241,-7.001129,7.207947,1
86872956285487,-0.511658,-0.087173,-0.042099,4
86873026292811,2.612793,-6.871796,6.784241,1
86873046068202,-0.162033,-0.244904,-0.043533,4
86873105943690,-0.645172,-0.231369,-0.008286,4
86873112230311,3.333252,-7.462128,6.884216,1
86873135850916,-1.527084,-0.163727,0.040848,4
86873143480311,3.219788,-8.023102,6.502563,1
86873165788661,-2.807755,-0.195770,-0.012192,4
86873174730311,3.351501,-9.812347,5.015625,1
86873195726405,-3.835632,-0.112808,-0.199112,4
86873205980311,3.817261,-9.889313,3.396179,1
86873225633631,-4.665909,0.033524,-0.484665,4
86873268480311,4.273499,-10.953339,0.933289,1
86873255601893,-5.077499,0.233612,-0.720718,4
86873285509120,-4.313797,0.488174,-0.833939,4
86873291917811,4.278259,-10.266205,-0.402893,1
86873354417811,4.159241,-9.160919,-1.947754,1
86873405229578,-2.602676,1.587631,-0.545547,4
86873435136805,-2.252335,1.912338,-0.419861,4
86873465074549,-1.728592,2.239532,-0.271393,4
86873495012293,-1.413498,2.705231,0.391907,4
86873416917811,4.521851,-9.372772,-3.226013,1
86873448167811,4.171143,-8.721344,-3.010193,1
86873502855311,-8.029846,-3.087799,15.348022,1
86873524919520,-1.937241,-1.081238,0.027679,4
86873627855311,6.146057,-8.626129,-2.541260,1
86873614702235,0.420090,-1.033173,-0.066666,4
86873651292811,7.267212,-7.764435,-5.792847,1
86873674577723,-0.315125,-0.522614,-0.088028,4
86873682542811,8.035278,-8.219879,-7.934387,1
86873704515467,-0.545486,0.480698,-0.132889,4
86873713792811,6.543579,-8.641998,-7.529724,1
86873734453211,-0.209381,1.336624,-0.193069,4
86873776292811,1.991516,-5.700653,11.240295,1
86873794298182,0.568924,1.535995,0.425018,4
86873807542811,-9.123825,-10.274933,-4.670898,1
86873914018641,1.082321,-0.982971,-0.221542,4
86873924730311,6.152405,-8.504730,-2.419861,1
86873943956385,0.345688,-0.543625,-0.229385,4
86873955980311,5.907227,-6.802765,-3.658447,1
86873973863612,-0.670456,-0.677841,-0.162796,4
86873987230311,7.517944,-7.703339,-6.847351,1
86874003801356,-0.552246,0.163834,-0.143219,4
86874010667811,7.342590,-8.592010,-9.282471,1
86874033739100,-0.076218,1.242981,-0.204102,4
86874063676844,0.452499,2.617996,0.153366,4
86874073167811,-4.256165,-2.426849,11.591797,1
86874093614588,0.189026,-0.278015,-0.216202,4
86874104417811,0.277649,-15.768829,-5.865845,1
86874123582850,0.307236,-2.310287,0.132706,4
86874135667811,11.284485,-8.864960,-3.365662,1
86874153459559,-0.053787,0.857391,-0.192703,4
86874183397303,0.471008,-0.448914,-0.210159,4
86874243242274,0.178345,-0.697784,0.103516,4
86874252855311,6.227783,-6.736115,-3.751282,1
86874315355311,6.724487,-9.728241,-9.113464,1
86874333024989,0.442520,1.778107,-0.104767,4
86874346605311,6.545959,-8.484100,-6.585510,1
86874432542811,9.942749,-8.942719,-2.513489,1
86874463792811,1.340088,-8.253998,-0.701233,1
86874422807703,0.488098,-2.668457,0.218872,4
86874452745448,0.536163,-0.204315,-0.121140,4
86874482683192,-0.215439,-1.111496,-0.057419,4
86874495042811,3.825195,-9.434662,-0.960693,1
86874512590418,-0.014984,-1.705017,0.018066,4
86874526292811,7.082336,-7.792206,-3.310120,1
86874542497645,-0.360703,-1.191605,0.105652,4
86874549730311,7.231506,-7.773956,-6.983826,1
86874662218104,-0.021393,2.704514,0.705933,4
86874722063075,1.684738,-2.053574,0.223495,4
86874729417811,8.800964,-8.111176,-0.559998,1
86874752031336,1.801529,0.248917,-0.132187,4
86874760667811,-0.188110,-8.791962,-0.327515,1
86874781938563,0.298325,-0.939529,0.137344,4
86874791917811,3.608582,-10.021820,-3.226807,1
86874823167811,7.575867,-8.955414,-7.576538,1
86874841783534,-0.627014,0.160629,0.162979,4
86874854417811,5.824707,-10.899384,-10.955078,1
86874961503993,0.794998,-0.748703,-0.733536,4
86874971605311,2.715149,-12.606110,1.507751,1
86875081224452,1.582565,-1.711777,0.013443,4
86875088792811,7.419556,-6.945587,-3.679871,1
86875111131678,0.341415,-0.886124,0.203568,4
86875120042811,6.409485,-8.449982,-7.824890,1
86875141069422,-0.296249,0.161697,0.155502,4
86875151292811,5.141541,-10.801788,-10.929688,1
86875170976649,0.651169,1.437378,-0.002945,4
86875237230311,-4.752869,-14.222382,4.576050,1
86875260759364,-1.928696,-1.565445,0.038010,4
86875268480311,8.282837,-14.590546,-3.449768,1
86875290697108,2.931229,-0.336044,-0.180954,4
86875299730311,4.449646,-7.462921,2.132996,1
86875320634852,1.998062,-0.355637,-0.188080,4
86875330980311,3.441956,-7.078094,3.739746,1
86875362230311,9.194519,-6.776581,-1.405029,1
86875350572596,-0.243210,-1.919357,-0.058121,4
86875380510340,-1.611099,-1.769104,-0.052429,4
86875393480311,11.048828,-7.647797,-7.880432,1
86875410417567,-0.928223,-0.262344,-0.174911,4
86875416917811,7.897217,-9.802032,-10.309998,1
86875440355311,0.910004,1.269684,-0.418793,4
86875448167811,6.918884,-8.572174,-8.680237,1
86875573167811,-0.089722,-9.227570,2.289307,1
86875590013514,0.639420,-0.899658,-0.189499,4
86875596605311,3.105530,-9.918671,-0.301331,1
86875619920741,0.966263,-1.993408,-0.067032,4
86875627855311,8.424866,-7.037628,-3.418030,1
86875649858485,-0.377792,-1.023911,0.100311,4
86875752855311,6.000854,-8.605499,-0.883728,1
86875769578944,-0.060913,3.174484,0.833755,4
86875776292811,-11.265564,-9.747284,8.471130,1
86875799516688,0.318268,-1.492111,-0.462936,4
86875807542811,5.278015,-14.839691,1.188782,1
86875829454432,0.831680,-2.654221,0.208191,4
86875870042811,0.045166,-11.155670,0.052551,1
86875859361659,-1.022934,0.141754,0.087494,4
86875889299403,0.341766,-1.626694,0.003113,4
86875901292811,4.456787,-11.918976,-2.761047,1
86875932542811,9.526978,-6.244171,-5.411194,1
86875955980311,8.219360,-6.427460,-11.713623,1
86875919206629,1.841751,-2.297104,-0.110458,4
86875949205409,-0.351791,-0.833084,0.092117,4
86875987230311,8.153503,-7.335175,-14.297913,1
86876008989344,0.317917,2.669632,0.273346,4
86876018480311,6.442810,-5.482452,-10.550415,1
86876038927088,-0.655853,4.550217,0.797440,4
86876068864832,0.486313,-0.302933,-0.213364,4
86876080980311,3.457825,-15.364960,0.761902,1
86876098802577,2.147232,-2.059631,0.140182,4
86876112230311,9.600769,-4.066925,4.219788,1
86876128709803,-1.522095,0.274918,0.185410,4
86876198167811,5.525574,-8.433319,0.388977,1
86876218492518,0.458191,-1.738129,-0.163513,4
86876260667811,8.415344,-7.974701,-10.055298,1
86876248430262,-1.184219,-0.811722,-0.036758,4
86876278337489,-0.529465,0.994827,-0.033554,4
86876291917811,7.018860,-7.996124,-9.471313,1
86876308244715,-0.178757,2.246658,-0.053146,4
86876338212977,0.252762,2.810974,0.552841,4
86876346605311,-11.209229,-9.597321,4.607788,1
86876377855311,6.772095,-14.570709,1.115784,1
86876368120203,-0.296249,-1.929672,-0.747421,4
86876398057948,0.997238,-1.984863,-0.318390,4
86876427995692,-0.387405,-0.138809,-0.434097,4
86876409105311,8.230469,-8.001678,4.099182,1
86876440355311,0.314148,-12.565643,1.117371,1
86876457902918,1.121490,-1.937149,-0.664459,4
86876471605311,5.804871,-10.106720,-3.461670,1
86876495042811,8.831909,-4.681854,-7.211548,1
86876487840662,1.596451,-1.865234,-0.622452,4
86876517747889,-0.291275,-0.065109,-0.290619,4
86876526292811,6.876038,-6.071991,-10.817810,1
86876547716151,-0.226120,1.141159,-0.076645,4
86876557542811,7.518738,-5.461823,-11.066162,1
86876667406092,2.419601,-3.184006,0.324966,4
86876674730311,12.463562,-6.128326,6.092346,1
86876787157069,1.003647,-1.310532,0.202850,4
86876799730311,7.999573,-7.508942,-6.448242,1
86876916917811,-9.488022,-5.400726,13.611938,1
86876906877528,-0.258163,3.955994,0.540375,4
86877026597987,0.061203,-1.102951,-0.001511,4
86877034105311,4.187012,-11.230255,-1.600220,1
86877159105311,6.173035,-7.908051,-5.348511,1
86877146318446,-0.597107,1.950073,0.061859,4
86877266038905,0.746933,-0.935257,-0.326584,4
86877276292811,1.798706,-10.182098,1.880676,1
86877385759364,-0.327225,0.632736,-0.106186,4
86877393500343,7.453674,-6.577423,-10.149719,1
86877456000343,5.976257,-9.557648,4.862488,1
86877565344825,-0.712112,-0.041962,-0.072372,4
86877625189796,1.382828,-1.168106,-0.571884,4
86877635687843,6.925232,-5.760162,-6.611694,1
86877744910255,-1.106247,4.042862,1.017105,4
86877752875343,-12.240524,-8.219086,14.340332,1
86877864600196,-0.122147,-1.132858,-0.074860,4
86877877875343,5.189148,-10.078949,-0.904358,1
86877984320655,-0.110397,1.128342,0.005249,4
86877995062843,6.567383,-8.784821,-4.942261,1
86878104010597,0.859085,-2.093811,0.064346,4
86878112250343,5.835815,-10.345551,1.642639,1
86878223731056,-0.756256,0.622055,0.114914,4
86878237250343,6.903809,-9.036346,-11.454956,1
86878343451515,-0.575394,-2.702637,-0.710037,4
86878354437843,10.828247,-14.661957,0.275513,1
86878463141456,1.376053,-1.618851,-0.012558,4
86878471625343,7.471924,-6.113251,-5.381042,1
86878582861915,-0.247833,3.195847,-0.145355,4
86878596625343,2.276367,-5.603058,8.268005,1
86878702582374,0.578888,-0.009201,0.041916,4
86878713812843,0.345886,-9.723480,1.821960,1
86878948187843,1.333740,-7.325653,2.410706,1
86879031806007,0.589920,-1.268509,0.003113,4
86879104437843,7.283081,-9.174408,-9.401489,1
86879159125343,-5.388229,-1.392181,9.273315,1
86879211371437,1.095505,-2.980698,0.070053,4
86879301154152,1.446548,-1.742050,-0.138596,4
86879420874610,-0.837433,2.820938,-0.069519,4
86879432562843,4.334595,-6.105316,7.065125,1
86879540595069,-0.803604,0.075882,-0.381409,4
86879549750343,1.457520,-11.087433,-0.571899,1
86879660285011,-0.261719,1.505386,0.108856,4
86879666937843,6.468994,-6.809906,-7.434509,1
86879780005470,1.241470,-2.649948,0.489822,4
86879791937843,9.231812,-5.369781,3.235901,1
86879899695411,-0.887283,-1.138199,0.169022,4
86879909125343,7.032349,-10.564545,-11.386719,1
86880019415870,-0.446503,1.715805,0.163330,4
86880026312843,-6.537155,-15.644257,-3.752075,1
86880139136329,0.557877,-2.051804,-0.131119,4
86880151312843,8.875549,-7.044769,-3.702087,1
86880258826271,-0.870193,3.252823,0.022339,4
86880268500343,0.511719,-6.585358,11.646545,1
86880378546730,-1.158936,-0.354568,-0.094803,4
86880385687843,0.322083,-11.169952,0.151733,1
86880498236671,-0.594254,0.897980,-0.048508,4
86880510687843,7.266418,-8.821320,-8.807190,1
86880627875343,10.687012,-8.544403,0.906311,1
86880737616554,-0.340042,-0.400848,0.045120,4
86880745062843,7.627441,-7.229645,-9.207886,1
86880857306495,0.184402,-0.384109,-0.229019,4
86881018500343,7.212463,-8.558685,-8.707214,1
86881049750343,7.755981,-8.735626,-8.050232,1
86880917181984,0.469940,0.487473,-0.068100,4
86880947089210,1.022156,-1.416977,0.058655,4
86880977026954,0.710266,-1.405228,0.074326,4
86881006934181,-0.493851,-0.113876,0.165817,4
86881036871925,-0.274887,0.947830,0.042282,4
86881066809669,-0.128204,2.200363,-0.081268,4
86881096747413,-0.423355,3.294479,0.094971,4
86881126685157,0.027740,-0.343170,0.122391,4
86881156592384,0.226059,-3.311462,0.396179,4
86881186530128,0.597763,-0.251663,0.146240,4
86881216467872,-0.085480,-1.346130,0.273697,4
86881246375099,0.422226,-2.220917,0.123093,4
86881073187843,6.100037,-7.985016,-3.684631,1
86881104437843,-4.919296,-4.271637,16.755615,1
86881135687843,-1.456848,-14.201752,-1.037659,1
86881166937843,11.424133,-8.851471,1.696594,1
86881198187843,0.364136,-8.523773,2.803467,1
86881229437843,2.091492,-10.993805,-0.118042,1
86881252875343,7.286255,-9.479889,-5.283447,1
86881284125343,7.382263,-9.122833,-9.076172,1
86881315375343,7.210876,-10.009125,-10.767029,1
86881346625343,6.791138,-7.880280,-8.519958,1
86881377875343,5.203430,-8.903839,0.481812,1
86881409125343,-11.835861,-4.781830,9.526428,1
86881463812843,7.587769,-7.327240,3.342224,1
86881495062843,0.016602,-9.617157,1.691833,1
86881526312843,6.432495,-8.262726,-1.222534,1
86881557562843,7.211670,-8.259552,-6.095154,1
86881588812843,7.282288,-9.433075,-10.340149,1
86881612250343,6.826843,-10.203522,-10.511536,1
86881643500343,5.522400,-9.375153,-7.105225,1
86881674750343,0.121338,-7.293915,11.771118,1
86881706000343,-5.999191,-14.082733,-1.538330,1
86881737250343,12.894409,-10.862885,3.006592,1
86881854437843,7.904358,-6.459198,-8.582642,1
86881885687843,7.236267,-8.457123,-9.847412,1
86881916937843,6.250000,-7.501007,-3.923462,1
86881948187843,-2.993774,-5.493561,16.759583,1
86881971625343,-2.024170,-14.765106,-2.377014,1
86882002875343,10.724304,-8.683258,2.744751,1
86882096625343,5.960388,-9.545746,-4.110718,1
86882127875343,6.411072,-8.414276,-7.328979,1
86882151312843,7.329102,-9.345001,-9.493530,1
86882213812843,5.712830,-7.887421,-5.414368,1
86882245062843,-7.259995,-7.116180,14.491882,1
86882276312843,3.902161,-16.902679,-1.867615,1
86882307562843,10.421204,-9.155365,2.271057,1
86882331000343,0.069763,-8.030243,2.619385,1
86882362250343,4.855103,-8.618988,0.976135,1
86882393500343,7.121216,-6.690094,-2.793579,1
86882424750343,7.391785,-8.430145,-8.919067,1
86882456000343,7.698059,-9.816315,-10.914612,1
86882479437843,6.799866,-8.532501,-8.060547,1
86882510687843,5.553345,-5.013519,4.970398,1
86882541937843,-11.654358,-12.367279,4.517334,1
86882604437843,4.664673,-7.147919,3.890503,1
86882635687843,-0.112732,-9.805206,0.882507,1
86882690375343,7.409241,-7.655731,-8.463623,1
86882721625343,7.712341,-8.717377,-10.148926,1
86882784125343,5.503357,-8.323822,-1.201111,1
86882815375343,-11.705734,-6.517914,5.791626,1
86882838812843,7.534607,-14.683380,-0.037903,1
86882870062843,7.962280,-7.507355,2.142517,1
86882901312843,-0.797485,-9.198212,0.261230,1
86882932562843,5.998474,-9.470367,-2.207214,1
86882963812843,6.954590,-9.462433,-6.140381,1
86882995062843,6.871277,-10.988251,-10.682129,1
86883018500343,7.180725,-10.401886,-10.411560,1
86883049750343,6.293640,-8.718964,-6.619629,1
86883081000343,-3.895737,0.070160,14.391113,1
86883198187843,3.664124,-9.386261,-0.467163,1
86883229437843,7.296570,-7.421661,-3.671936,1
86883291937843,6.265869,-9.777435,-10.787659,1
86883409125343,10.352966,-12.118927,0.404846,1
86881336157814,-0.228958,1.630707,-0.350433,4
86881366065040,-0.879089,2.946274,-0.391022,4
86881396002784,-0.574326,3.707123,0.520081,4
86881426001564,-0.436890,-1.938583,-0.509232,4
86881485785499,-0.117874,-0.124207,0.137344,4
86881515692726,0.637283,-2.059280,0.206406,4
86881575537696,-0.086197,-0.635117,0.213882,4
86881844855323,0.222855,-0.785721,-0.034622,4
86881934607521,-1.401398,3.744858,0.143036,4
86881964545265,-0.842422,0.128586,0.113846,4
86881994483009,0.532242,-2.961838,0.068619,4
86882024390235,0.564285,-0.566757,-0.072372,4
86882054327980,-1.359024,-1.501724,0.104233,4
86882144080177,-0.561142,-0.261993,0.042633,4
86882174017921,-0.703918,1.162155,-0.083405,4
