Inicio: 31-12-1969-20:59:59:999
Fim: 19-12-2018-15:17:06:226
15968088107648,-9.569153,-2.786285,1.395874,1
15968121310773,-9.846069,-2.905304,1.569641,1
15968151584210,-9.845276,-2.894196,1.699768,1
15968180881085,-9.784180,-2.711700,1.783081,1
15968271701398,-9.342224,-2.390350,1.812439,1
15968300998273,-9.242249,-2.357025,1.804504,1
15968365451398,-9.218445,-2.495880,1.574402,1
15968376864972,-0.144577,-0.093857,-0.022476,4
15968396701398,-9.237488,-2.558563,1.547424,1
15968406955304,-0.087967,-0.067154,-0.006821,4
15968426974835,-9.323181,-2.552216,1.559326,1
15968437015119,-0.038116,-0.045074,-0.007523,4
15968457248273,-9.331116,-2.496674,1.560913,1
15968557254376,0.002823,0.003693,-0.016785,4
15968577365460,-9.327148,-2.371307,1.720398,1
15968587314191,-0.017471,0.000488,-0.002548,4
15968606662335,-9.316833,-2.387970,1.714844,1
15968647433820,-0.040604,-0.001648,0.025223,4
15968667209210,-9.385071,-2.430023,1.794983,1
15968677463117,-0.044876,-0.001648,0.034134,4
15968727756085,-9.377136,-2.506195,1.758484,1
15968737674298,-0.035980,-0.007339,0.046585,4
15968757052960,-9.361267,-2.488739,1.787048,1
15968767642560,-0.035263,-0.010544,0.046951,4
15968787326398,-9.389038,-2.554596,1.802917,1
15968797702374,-0.043808,-0.020157,0.044098,4
15968887881818,-0.030640,-0.048645,0.027008,4
15968907443585,-9.341431,-2.612518,1.796570,1
15968917941632,-0.029221,-0.053986,0.022385,4
15968937717023,-9.333496,-2.631561,1.748962,1
15968948001447,-0.020309,-0.048279,0.014542,4
15968967990460,-9.381104,-2.621246,1.701355,1
15968978030744,-0.020676,-0.044724,-0.003967,4
15968998263898,-9.434265,-2.607758,1.675964,1
15969008121076,-0.019241,-0.040100,-0.019638,4
15969027560773,-9.439026,-2.618073,1.657715,1
15969038180890,-0.006073,-0.035110,-0.032455,4
15969088107648,-9.396179,-2.583954,1.713257,1
15969098300519,0.029526,0.000854,-0.048477,4
15969118381085,-9.393799,-2.527618,1.784668,1
15969128329816,0.047684,0.007965,-0.045624,4
15969147677960,-9.366821,-2.509369,1.882263,1
15969188479962,0.058365,0.001923,-0.027115,4
15969177951398,-9.311279,-2.433990,1.914795,1
15969208224835,-9.358887,-2.432404,1.932251,1
15969218539777,0.039856,-0.009827,-0.020706,4
15969268771710,-9.435852,-2.406219,1.965576,1
15969248599591,0.011017,-0.031189,-0.014648,4
15969278628888,-0.016037,-0.052917,-0.007523,4
15969308719220,-0.034195,-0.071777,-0.003616,4
15969328342023,-9.376343,-2.410187,1.919556,1
15969368838849,-0.048447,-0.082825,-0.000763,4
15969388888898,-9.284302,-2.500641,1.796570,1
15969398898664,-0.016403,-0.068573,0.013840,4
15969418185773,-9.302551,-2.484772,1.789429,1
15969428927960,0.011368,-0.059677,0.027008,4
15969458987775,0.001755,-0.047577,0.034485,4
15969478732648,-9.309692,-2.534760,1.834656,1
15969489047589,0.003891,-0.046860,0.032349,4
15969509006085,-9.282715,-2.529999,1.833069,1
15969519107404,0.004608,-0.029419,0.027008,4
15969598849835,-9.272400,-2.552216,1.874329,1
15969639316144,-0.008209,-0.027283,-0.005035,4
15969629123273,-9.299377,-2.544281,1.914795,1
15969659396710,-9.320801,-2.522858,1.898926,1
15969669375958,-0.023880,-0.034760,-0.013229,4
15969699435773,-0.029572,-0.034393,-0.021408,4
15969718967023,-9.306519,-2.530792,1.890991,1
15969729465070,-0.023880,-0.020874,-0.029953,4
15969749240460,-9.397766,-2.518890,1.946533,1
15969759555402,-0.017105,-0.006989,-0.028534,4
15969779513898,-9.472351,-2.489532,2.035400,1
15969879733624,-0.019608,-0.036530,-0.026749,4
15969899631085,-9.164490,-2.414948,2.123474,1
15969909823957,-0.014618,-0.042587,-0.022125,4
15969929904523,-9.126404,-2.406219,2.060791,1
15969939853253,-0.017822,-0.046509,-0.006104,4
15969959201398,-9.138306,-2.380035,2.056824,1
15969999942365,-0.051651,-0.044006,0.026291,4
15970019748273,-9.243042,-2.522064,1.983032,1
15970030002179,-0.051651,-0.029419,0.036270,4
15970050021710,-9.301758,-2.560150,1.962402,1
15970060061994,-0.042038,-0.027283,0.028427,4
15970139865460,-9.293823,-2.578400,1.963989,1
15970090121808,-0.038834,-0.022293,0.011703,4
15970170138898,-9.312866,-2.533966,1.966370,1
15970180270734,-0.002151,0.037170,0.008133,4
15970200412335,-9.339050,-2.526825,2.009216,1
15970259982648,-9.331909,-2.518890,2.100464,1
15970270450177,-0.013199,0.023987,0.018814,4
15970290256085,-9.292236,-2.500641,2.156006,1
15970320529523,-9.284302,-2.514923,2.126648,1
15970330539289,-0.033493,0.016510,0.017044,4
15970349826398,-9.356506,-2.522064,2.156006,1
15970360629621,-0.031708,0.006897,0.015976,4
15970390689435,-0.024231,0.010468,0.019882,4
15970410373273,-9.324768,-2.545868,2.130615,1
15970420749249,-0.021744,0.003693,0.023804,4
15970440646710,-9.284302,-2.541901,2.131409,1
15970450778546,-0.020676,0.002274,0.023087,4
15970470920148,-9.310486,-2.532379,2.135376,1
15970500217023,-9.255737,-2.543488,2.112366,1
15970480807843,-0.014618,0.000854,0.021667,4
15970510898175,-0.008926,-0.005554,0.019531,4
15970530490460,-9.243042,-2.527618,2.138550,1
15970540927472,-0.009995,-0.009827,0.020950,4
15970560763898,-9.235901,-2.537140,2.102844,1
15970621310773,-9.262085,-2.563324,1.982239,1
15970631106915,-0.014267,-0.006271,0.012405,4
15970650607648,-9.267639,-2.563324,1.946533,1
15970680881085,-9.304932,-2.556976,1.942566,1
15970691196027,0.003540,0.006897,-0.000412,4
15970711154523,-9.266846,-2.499054,1.923523,1
15970751315656,-0.013901,0.025772,-0.008591,4
15970770724835,-9.292236,-2.483978,1.978271,1
15970781344953,-0.003586,0.030045,-0.006454,4
15970871524396,-0.001801,0.021500,0.005997,4
15970890842023,-9.287476,-2.457001,2.033813,1
15970901553693,-0.008209,0.022568,0.007431,4
15970921115460,-9.249390,-2.445099,1.990967,1
15970931613507,-0.019241,0.016510,0.004227,4
15970951388898,-9.196228,-2.475250,1.894165,1
15970961673322,-0.024231,0.017578,-0.000763,4
15970981662335,-9.247803,-2.546661,1.867188,1
15970991702619,0.003189,0.031113,0.000656,4
15971011935773,-9.254150,-2.553802,1.910828,1
15971021731915,0.043060,0.046417,-0.001831,4
15971051791730,0.060867,0.061020,-0.003967,4
15971071506085,-9.337463,-2.476044,1.904480,1
15971081851544,0.048752,0.063873,-0.008591,4
15971132052960,-9.467590,-2.491119,1.976685,1
15971161349835,-9.446167,-2.504608,1.944153,1
15971202090802,0.051605,0.081314,-0.002548,4
15971221896710,-9.377930,-2.551422,2.055237,1
15971252170148,-9.466003,-2.502228,2.191711,1
15971281467023,-9.378723,-2.322906,2.248840,1
15971232089582,0.124954,0.099823,0.004227,4
15971352328839,-0.032776,-0.103470,0.004227,4
15971382358136,-0.100784,-0.104187,0.058701,4
15971311740460,-9.087524,-2.225311,2.247253,1
15971342013898,-8.841553,-2.201508,2.126648,1
15971402560773,-9.369202,-2.397491,1.788635,1
15971462131085,-9.785767,-2.871979,1.548218,1
15971472507062,-0.157028,-0.038666,0.225677,4
15971492404523,-9.778625,-2.921967,1.454590,1
15971522677960,-10.122986,-3.063995,1.539490,1
15971562717023,-0.048447,-0.008759,0.076859,4
15971551974835,-9.757996,-3.011627,1.610901,1
15971582248273,-9.281921,-2.887054,1.614868,1
15971592746320,0.001404,0.042145,-0.007523,4
15971612521710,-9.245422,-2.718842,1.714050,1
15971622806134,0.016357,0.046417,-0.070190,4
15971652865949,0.009598,0.027191,-0.089417,4
15971673068585,-9.127197,-2.542694,1.831482,1
15971682895246,0.011734,0.010818,-0.077667,4
15971702365460,-9.164490,-2.417328,1.800537,1
15971712955060,-0.002518,0.012955,-0.075882,4
15971732638898,-9.359680,-2.309418,1.792603,1
15971762912335,-9.427124,-2.348297,1.780701,1
15971773074689,-0.100418,-0.006271,-0.134277,4
15971793185773,-9.569153,-2.362579,1.759277,1
15971803103986,-0.068741,0.001923,-0.163467,4
15971822482648,-9.654846,-2.253876,1.787048,1
15971833133283,-0.018173,0.000488,-0.196945,4
15971852756085,-9.650879,-2.175323,1.816406,1
15971863223615,0.022766,0.012238,-0.222214,4
15971883029523,-9.594543,-2.083282,1.841003,1
15971893252912,0.065491,0.014374,-0.232193,4
15971913302960,-9.398560,-2.030914,1.844177,1
15971923312726,0.096466,0.018646,-0.218307,4
15971972873273,-9.195435,-1.883331,2.009216,1
15971983401837,0.129929,0.033249,-0.093338,4
15972003146710,-9.053406,-1.804779,2.031433,1
15972013461652,0.100021,0.023987,-0.000412,4
15972033420148,-8.909790,-1.824615,2.056030,1
15972043521466,0.042343,-0.004135,0.093582,4
15972063693585,-8.636841,-1.830963,1.999695,1
15972123263898,-9.254944,-2.075348,1.796570,1
15972073550763,-0.028503,-0.041168,0.174408,4
15972103610578,-0.081909,-0.024429,0.279083,4
15972133670392,-0.096863,-0.031189,0.411530,4
15972153537335,-9.669922,-2.021393,1.791809,1
15972193759503,-0.309418,-0.057892,0.590973,4
15972183810773,-9.900818,-2.130890,1.610107,1
15972223819318,-0.427261,-0.065018,0.559280,4
15972243381085,-9.834167,-2.354645,1.264954,1
15972253848615,-0.515213,-0.035828,0.443924,4
15972283877912,-0.519836,0.034668,0.296524,4
15972303927960,-9.960327,-1.861115,1.771179,1
15972363498273,-10.487976,-1.544525,3.299377,1
15972374026837,-2.284012,-0.617233,-0.259964,4
15972393771710,-8.814575,-3.161591,2.803467,1
15972404147687,-1.303116,-0.456299,-0.120392,4
15972424045148,-8.086182,-2.702179,3.361267,1
15972434115949,-1.015793,-0.077484,-0.010727,4
15972513876807,-7.241150,-3.599579,2.309143,1
15972524252783,0.265228,0.487915,0.405472,4
15972544150244,-7.489502,-2.844208,2.736816,1
15972633993994,-8.640808,-2.902130,3.851624,1
15972644461524,0.150589,0.421692,0.217133,4
15972724814307,-10.959290,-3.117950,2.882813,1
15972734640967,0.693893,0.185989,-0.090485,4
15972794699561,1.334763,-0.213486,0.002441,4
15972814658057,-11.302063,-2.616486,1.708496,1
15972844931494,-10.730774,-2.531586,1.360168,1
15972824759375,1.434097,-0.315674,-0.006821,4
15972854819190,1.432327,-0.337036,-0.099747,4
15972874228369,-10.142029,-1.848419,1.568054,1
15972884848487,0.934586,-0.405029,-0.346115,4
15972904501807,-9.332703,-1.505646,1.401428,1
15972914908301,0.199722,-0.495819,-0.620987,4
15972934775244,-9.127197,-1.901581,0.868225,1
15973054892432,-9.685791,-2.033295,0.327087,1
15973035086524,-0.498825,-0.761078,-0.671890,4
15973065146338,-0.681122,-0.667084,-0.437973,4
15973085165869,-8.874084,-2.037262,0.056519,1
15973095206153,-0.962387,-0.465561,-0.248917,4
15973115439307,-8.326599,-2.192780,-0.207703,1
15973125235449,-1.225143,-0.197113,-0.129654,4
15973144736182,-8.103638,-2.495880,-0.255310,1
15973155295264,-1.269302,0.106232,-0.028885,4
15973175009619,-8.116333,-3.013214,-0.180725,1
15973185324561,-0.969513,0.403885,0.115311,4
15973205283057,-8.223450,-3.535309,-0.048218,1
15973305502783,1.448700,1.004883,0.845535,4
15973325400244,-9.071655,-2.632355,1.512512,1
15973355673682,-9.778625,-2.661713,1.926697,1
15973365591895,1.267120,1.134125,1.108658,4
15973384970557,-10.731567,-2.718048,2.143311,1
15973415243994,-11.586914,-2.521271,1.956055,1
15973395651709,1.087326,1.045822,1.191254,4
15973425681006,0.797501,0.829712,1.150314,4
15973445517432,-12.194702,-2.362579,2.052063,1
15973455740821,0.342484,0.497879,0.958405,4
15973475790869,-12.061401,-2.203094,2.271851,1
15973485770117,-0.176620,0.231918,0.658264,4
15973505087744,-12.632690,-2.043610,2.241699,1
15973595908057,-11.325867,-3.098907,2.536865,1
15973605978858,-0.922867,-0.692719,-0.414841,4
15973626181494,-9.222412,-2.932281,2.328186,1
15973636008155,-0.462875,-0.964371,-0.606384,4
15973655478369,-7.662476,-2.359406,1.829102,1
15973666067969,-0.122147,-1.065125,-0.833893,4
15973696097266,-0.091171,-1.007446,-1.015472,4
15973726126563,-0.372086,-1.295135,-1.232300,4
15973685751807,-8.463074,-1.627045,1.498230,1
15973716025244,-10.150757,-1.026398,0.922180,1
15973746298682,-10.778381,-0.735199,0.690491,1
15973786215674,-1.274643,-1.698166,-1.416367,4
15973805868994,-9.329529,-1.091461,0.876953,1
15973816275489,-1.699036,-1.555038,-1.396072,4
15973906393897,-1.531342,-0.522171,-0.904739,4
15973895712744,-6.625427,-1.866669,1.124512,1
15973925986182,-6.285828,-2.135651,1.133240,1
15973936423194,-0.848099,-0.261902,-0.493515,4
15973956259619,-5.935120,-1.832550,1.372864,1
15973986533057,-5.745483,-1.610382,1.735474,1
15973966513526,-0.265625,-0.047211,-0.016785,4
15973996542823,0.095749,0.216614,0.461014,4
15974015829932,-5.670898,-1.513580,2.106812,1
15974026572119,0.273773,0.528137,0.912827,4
15974046103369,-6.177124,-1.532623,2.321838,1
15974056631934,0.349960,0.891663,1.364639,4
15974116721045,0.312943,1.458832,2.217712,4
15974136923682,-11.044189,-1.943634,2.474976,1
15974146750342,0.381653,1.584503,2.509659,4
15974166220557,-13.662598,-2.430817,2.318665,1
15974176779639,0.713486,1.703064,2.704422,4
15974206839453,1.010422,1.398651,2.633209,4
15974196493994,-16.473022,-2.897369,2.109985,1
15974257040869,-13.084167,-3.783661,2.993896,1
15974266928565,0.471725,0.106232,1.348984,4
15974286337744,-9.638977,-3.724152,2.714600,1
15974296988379,0.092545,-0.098129,0.373795,4
15974316611182,-8.007629,-2.871979,1.791809,1
15974327017676,-0.085464,0.038589,-0.428726,4
15974387106787,-0.047729,-0.179657,-1.181381,4
15974406454932,-11.227478,-3.819366,1.013428,1
15974417166602,0.386642,-0.642868,-1.146851,4
15974436728369,-10.741882,-3.690033,0.859497,1
15974447195899,0.804276,-0.833344,-0.900116,4
15974467001807,-9.927795,-3.136200,0.867432,1
15974556845557,-8.817749,-2.867218,0.350098,1
15974617392432,-9.442993,-2.867218,-0.083923,1
15974507285010,0.496292,-0.671356,-0.655167,4
15974597433936,0.095047,-0.416779,-0.920410,4
15974627463233,0.306885,-0.470551,-0.971329,4
15974687552344,0.433273,-0.363373,-1.014404,4
15974707236182,-9.750854,-1.953949,0.252502,1
15974717612158,0.333939,-0.317810,-0.973465,4
15974737509619,-9.600098,-1.761932,0.393738,1
15974747641455,0.135986,-0.207428,-0.871628,4
15974767783057,-9.808777,-1.674652,0.249329,1
15974777670752,-0.035629,-0.102402,-0.706436,4
15974797079932,-9.911133,-1.711945,0.319153,1
15974807730567,-0.065536,0.017578,-0.458267,4
15974837759864,-0.002518,0.163208,-0.126450,4
15974857626807,-10.679993,-1.601654,0.807922,1
15974867819678,-0.021744,0.265747,0.245621,4
15974887900244,-10.220581,-1.699249,1.060242,1
15974977743994,-8.049683,-2.367340,2.474976,1
15974987936866,0.727371,0.636383,0.801743,4
15975008017432,-9.362854,-1.481842,1.661682,1
15975017996680,0.675385,0.545227,0.669296,4
15975037314307,-11.025146,-0.878815,1.273682,1
15975048056494,0.297623,0.038589,0.422928,4
15975067587744,-11.053711,-0.899445,1.554565,1
15975078085791,-0.266342,-0.496887,0.176895,4
15975097861182,-10.236450,-1.090668,1.629944,1
15975108115088,-0.844543,-0.677048,0.012405,4
15975128134619,-9.064514,-1.419952,1.410950,1
15975168204199,-1.779495,-0.442413,-0.153152,4
15975187704932,-7.934631,-2.260223,1.105469,1
15975198264014,-1.744965,-0.211700,-0.126083,4
15975248251807,-7.556946,-2.864044,1.148315,1
15975288382422,-0.208664,0.158936,0.358841,4
15975278525244,-7.447449,-2.483185,1.405396,1
15975338095557,-7.516479,-1.978546,1.689453,1
15975368368994,-7.912415,-2.153107,1.777527,1
15975318442237,-0.095795,0.245453,0.477753,4
15975348471533,-0.158096,0.355820,0.580292,4
15975378531348,-0.214005,0.549149,0.718079,4
15975398642432,-8.826477,-2.433990,2.124268,1
15975408560645,-0.108612,0.733932,0.914261,4
15975427939307,-9.561218,-2.750580,2.371033,1
15975438589942,0.111771,0.891296,1.130020,4
15975458212744,-10.814880,-3.039398,2.370239,1
15975468649756,0.407639,1.101364,1.329041,4
15975488486182,-12.922302,-3.434540,1.872742,1
15975498679053,0.812820,1.079285,1.436203,4
15975518759619,-14.018860,-3.912994,1.985413,1
15975558768164,1.560852,0.440201,1.011810,4
15975578329932,-12.016968,-3.703522,2.202026,1
15975618857276,1.295609,-0.400757,-0.386353,4
15975608603369,-9.241455,-2.440338,1.580750,1
15975638876807,-8.525757,-1.773041,1.193542,1
15975648886573,0.978378,-0.372986,-0.964554,4
15975668173682,-9.950012,-1.911102,1.107056,1
15975678915869,0.819580,-0.580566,-1.352646,4
15975698447119,-11.241760,-2.364960,0.956299,1
15975728720557,-12.304199,-2.621246,0.877747,1
15975708975684,0.854111,-0.909180,-1.474045,4
15975758993994,-11.072754,-2.439545,1.118164,1
15975769064795,0.805344,-1.613434,-1.106262,4
15975789267432,-9.638184,-1.834137,1.163391,1
15975879111182,-8.183777,-1.678619,-0.158508,1
15975889243018,-1.835754,-0.741135,-1.324509,4
15975909384619,-7.975891,-2.196747,-0.652832,1
15975949332129,-1.440903,-0.354126,-1.093796,4
15975968954932,-7.995728,-3.114777,-0.682983,1
15975979391944,-0.521255,-0.120911,-0.702866,4
15975999228369,-8.421021,-3.058441,-0.321167,1
15976009421241,0.506622,0.120483,-0.191956,4
15976029501807,-8.668579,-2.460968,0.027954,1
15976039481055,1.141434,0.328400,0.308640,4
15976058798682,-8.879639,-1.999176,0.358826,1
15976089072119,-9.702454,-1.792877,0.907104,1
15976129629981,1.051712,1.004166,1.471100,4
15976119345557,-10.816467,-1.755585,1.298279,1
15976179892432,-12.074890,-1.677032,1.631531,1
15976189688574,0.413345,0.894150,1.729233,4
15976209189307,-11.271912,-2.030914,2.684448,1
15976239462744,-9.900818,-2.240387,3.328735,1
15976269736182,-8.995483,-1.942047,2.714600,1
15976300009619,-9.909546,-1.447723,1.743408,1
15976219748389,0.158768,0.731445,1.582535,4
15976249777686,-0.047012,0.578339,1.194809,4
15976309866797,-0.304428,0.378250,0.316467,4
15976329306494,-10.766479,-1.177155,1.001526,1
15976359579932,-10.532410,-1.137482,1.048340,1
15976369955908,-0.664749,-0.774963,-0.434418,4
15976389853369,-9.776245,-1.103363,1.376038,1
15976399985205,-1.066711,-1.146301,-0.587509,4
15976430014502,-1.757065,-1.176208,-0.620270,4
15976449423682,-7.821960,-1.636566,1.309387,1
15976460074317,-2.369461,-0.932327,-0.570068,4
15976479697119,-7.574402,-2.131683,1.310974,1
15976490073096,-2.539642,-0.640381,-0.458984,4
15976509970557,-7.338745,-2.580780,1.243530,1
15976520163428,-2.220627,-0.353760,-0.277756,4
15976550192725,-1.491104,-0.097412,-0.061996,4
15976569540869,-7.293518,-3.093353,1.416504,1
15976580222022,-0.614899,0.116913,0.143433,4
15976599814307,-7.341919,-2.745819,1.869568,1
15976610251319,0.070114,0.338013,0.289764,4
15976630087744,-7.429993,-2.568085,2.105225,1
15976670340430,1.078781,0.784485,0.615891,4
15976689658057,-8.977234,-2.085663,2.767761,1
15976700369727,1.274246,0.942932,0.832367,4
15976719931494,-9.876221,-1.793671,2.942322,1
15976730399024,1.157822,0.988861,1.020355,4
15976750204932,-10.921204,-1.759552,2.675720,1
15976760428321,0.875839,1.023743,1.184845,4
15976790457617,0.666489,0.929749,1.330460,4
15976809775244,-13.637207,-2.874359,2.504333,1
15976820517432,0.637650,0.532410,1.335800,4
15976840048682,-12.443054,-3.381378,2.939941,1
15976850546729,0.652237,0.007965,1.021072,4
15976870322119,-10.042847,-3.475006,2.033813,1
15976910605323,0.598480,-0.307831,-0.232895,4
15976940634619,0.786469,-0.408234,-0.820007,4
15976960165869,-12.520020,-3.020355,1.203064,1
15977030753028,0.573196,-1.408707,-1.448776,4
15977050986182,-9.458862,-1.858734,1.092773,1
15977060782324,0.041275,-1.167664,-1.581924,4
15977080283057,-8.742371,-1.611969,0.895996,1
15977090811621,-0.491714,-0.873932,-1.720078,4
15977110556494,-8.065552,-1.669891,0.477051,1
15977120871436,-0.855576,-0.686310,-1.791275,4
15977140829932,-7.642639,-1.951569,0.179504,1
15977150900733,-0.896530,-0.518250,-1.711533,4
15977171103369,-7.485535,-2.241974,-0.137085,1
15977180930030,-0.600662,-0.422485,-1.459808,4
15977210959326,-0.049866,-0.333832,-1.055344,4
15977200400244,-7.333984,-2.454620,-0.079956,1
15977230673682,-7.380005,-2.466522,-0.012512,1
15977240988623,0.572128,-0.233780,-0.555115,4
15977260947119,-7.748962,-1.968231,0.321533,1
15977271048438,0.861954,-0.045074,-0.045273,4
15977291220557,-8.544800,-1.759552,0.464355,1
15977331107032,0.484192,0.267166,0.709534,4
15977320517432,-9.160522,-1.351715,0.590515,1
15977350790869,-10.177734,-1.327911,0.756348,1
15977381064307,-11.697998,-1.788116,0.907104,1
15977361136328,-0.056274,0.492188,1.003983,4
15977391165625,-0.389877,0.647415,1.290237,4
15977411337744,-12.748535,-2.281647,0.862671,1
15977481284033,0.792160,0.716125,1.562241,4
15977501181494,-8.953430,-2.956085,3.997620,1
15977511313330,1.231522,0.601486,0.983322,4
15977541342627,0.945618,0.618576,0.407257,4
15977560751807,-8.990723,-0.061554,1.657715,1
15977571402442,0.171585,0.397827,-0.045273,4
15977591025244,-10.620483,-0.277374,1.044373,1
15977601431739,-0.619888,-0.421768,-0.509903,4
15977621298682,-10.560181,-0.774872,1.317322,1
15977631461035,-1.204498,-1.053741,-0.717117,4
15977651572119,-9.751648,-1.158905,1.675171,1
15977661490332,-1.675537,-1.323975,-0.648758,4
15977680868994,-8.602722,-1.653229,1.649780,1
15977691550147,-2.279373,-1.139191,-0.443680,4
15977711142432,-7.779114,-2.225311,1.173706,1
15977721579444,-2.720871,-0.695206,-0.283463,4
15977751608741,-2.499054,-0.253723,-0.107574,4
15977741415869,-7.234009,-2.560150,0.699219,1
15977771689307,-7.028503,-3.064789,0.661133,1
15977800986182,-7.671204,-3.726532,0.877747,1
15977811667334,-0.554016,0.547012,0.376282,4
15977831259619,-8.092529,-3.547211,1.403015,1
15977841696631,0.620560,0.689789,0.603790,4
15977861533057,-7.948120,-2.871979,1.583923,1
15977891806494,-7.847351,-2.157867,1.671204,1
15977922079932,-8.212341,-1.740509,2.170288,1
15977901877295,1.528458,0.945068,0.815628,4
15977931845557,1.345810,1.118805,0.850525,4
15977951376807,-9.228760,-1.852386,2.882019,1
15977961874854,1.102982,1.241287,0.885056,4
15977981650244,-10.156311,-2.305450,3.352539,1
15977991904151,1.076996,1.260162,0.917099,4
15978042197119,-12.245483,-1.853180,2.294067,1
15978051993262,0.969833,0.728943,0.741577,4
15978082022559,0.599899,0.266449,0.548965,4
15978071493994,-13.296814,-1.770660,2.428162,1
15978101767432,-12.928650,-2.268158,2.970886,1
15978112051856,0.223572,-0.198181,0.292252,4
15978132040869,-11.238586,-2.897369,3.030396,1
15978142081153,0.171585,-0.436005,-0.054169,4
15978172140967,0.288727,-0.523956,-0.428009,4
15978191611182,-9.705627,-2.959259,1.429993,1
15978202170264,0.607025,-0.489410,-0.678299,4
15978221884619,-10.964050,-3.008453,1.219727,1
15978232199561,1.146072,-0.798096,-0.783691,4
15978252158057,-11.596436,-2.756927,1.382385,1
15978292288672,1.325150,-1.258453,-0.613861,4
15978311728369,-10.774414,-1.805573,1.198303,1
15978322317969,0.685715,-1.303680,-0.663345,4
15978342001807,-9.869080,-1.631012,0.968994,1
15978352377783,-0.063751,-1.227844,-0.850266,4
15978372275244,-9.120056,-1.698456,0.676208,1
15978382407080,-0.712448,-1.147736,-1.101639,4
15978402548682,-8.455139,-1.813507,0.388184,1
15978412436377,-1.207703,-1.035934,-1.306717,4
15978442465674,-1.353683,-0.888535,-1.397507,4
15978462118994,-8.092529,-2.401459,-0.226746,1
15978492392432,-8.012390,-2.468903,-0.340210,1
15978522665869,-8.113159,-2.421295,-0.334656,1
15978551962744,-8.417053,-2.064240,-0.056152,1
15978562613379,0.213608,-0.233780,-0.505264,4
15978582236182,-8.609070,-1.796844,0.300110,1
15978592642676,0.327530,-0.002716,-0.080154,4
15978612509619,-9.044678,-1.511993,0.529419,1
15978622702491,0.251694,0.271439,0.352432,4
15978642783057,-9.977783,-1.419159,0.630188,1
15978652731787,0.018845,0.515320,0.765076,4
15978672079932,-11.555176,-1.572296,0.721436,1
15978682761084,-0.133896,0.752090,1.173447,4
15978702353369,-12.721558,-1.893646,0.969788,1
15978712790381,-0.138168,0.850708,1.523788,4
15978732626807,-11.435364,-2.672028,2.449585,1
15978742819678,0.204697,0.971771,1.711426,4
15978762900244,-9.840515,-3.267914,3.984924,1
15978772879492,0.893997,1.172211,1.619919,4
15978792197119,-8.203613,-2.640289,3.988892,1
15978802908789,1.309845,1.161530,1.231125,4
15978822470557,-8.206787,-0.773285,2.778870,1
15978832938086,1.047806,1.134476,0.876160,4
15978852743994,-9.878601,0.379608,1.855286,1
15978862997901,0.187973,0.526001,0.479172,4
15978883017432,-10.576843,-0.023468,1.684692,1
15978893027198,-0.649429,-0.361603,0.117447,4
15978912314307,-10.261047,-0.628082,1.865601,1
15978972861182,-8.613037,-1.509613,1.911621,1
15979013174903,-3.091858,-0.748611,-0.313004,4
15979043173682,-2.721573,-0.335602,-0.310867,4
15979062704932,-7.307800,-3.156830,1.676758,1
15979073233496,-1.822586,0.052124,-0.191238,4
15979103262793,-0.738800,0.255417,0.012054,4
15979092978369,-7.526001,-3.312347,1.899719,1
15979123251807,-7.832275,-2.780731,2.431335,1
15979153525244,-7.906860,-2.184845,2.643982,1
15979163321387,0.542587,0.410294,0.416153,4
15979182822119,-8.022705,-1.628632,2.896301,1
15979193350684,0.603104,0.488266,0.571030,4
15979213095557,-8.558289,-1.319977,3.077209,1
15979223410498,0.379868,0.557343,0.696716,4
15979243368994,-9.096252,-1.273956,3.212891,1
15979253439795,-0.012833,0.605759,0.808151,4
15979283469092,-0.212936,0.820099,1.012527,4
15979302939307,-13.203979,-2.497467,2.723328,1
15979313498389,-0.012482,0.946838,1.284531,4
15979333212744,-15.071777,-3.382172,2.758240,1
15979343558203,0.431503,0.501434,1.409866,4
15979483603369,-11.357605,-2.194366,1.355408,1
15979463675391,0.649033,-0.492264,-0.949966,4
15979493704688,0.179062,-0.717987,-1.448059,4
15979513876807,-12.377991,-2.201508,1.034058,1
15979523733985,-0.142075,-1.135269,-1.686600,4
15979553793799,-0.374573,-1.336075,-1.717224,4
15979583792578,-0.502747,-1.027039,-1.603653,4
15979613852393,-0.595322,-0.672424,-1.446991,4
15979543173682,-10.783142,-2.233246,0.714294,1
15979573447119,-9.091492,-2.334808,0.617493,1
15979603720557,-8.419434,-2.245941,0.350098,1
15979723837744,-7.453003,-2.594269,-0.196594,1
15979703940283,-0.265274,-0.067871,-0.773361,4
15979734030616,0.210037,0.093781,-0.423019,4
15979754111182,-7.881470,-2.492706,-0.078369,1
15979763998877,0.710632,0.214111,-0.067337,4
15979783408057,-8.488464,-2.204681,0.181885,1
15979824057471,1.072723,0.448029,0.504105,4
15979813681494,-9.253357,-2.141998,0.462769,1
15979843954932,-9.632629,-1.929352,0.807922,1
15979854117285,0.989410,0.551285,0.671432,4
15979903525244,-11.898743,-1.650848,1.185608,1
15979914175879,0.346405,0.752090,0.998993,4
15979933798682,-12.895325,-1.888092,1.368896,1
15979964072119,-13.127014,-2.049164,1.561707,1
15979974234473,0.118896,0.645279,1.239319,4
15979994345557,-12.149475,-2.481598,2.677307,1
15980004263770,0.164825,0.424530,1.160278,4
15980023642432,-9.834167,-2.448273,3.851624,1
15980053915869,-8.369446,-1.889679,3.679443,1
15980064322364,0.231049,0.522797,0.347794,4
15980084189307,-9.652466,-1.212067,3.009766,1
15980114462744,-10.586365,-0.843109,2.180603,1
15980094351660,0.199005,0.439484,-0.026749,4
15980124411475,-0.025650,-0.239471,-0.396317,4
15980143759619,-10.066650,-0.883575,1.944946,1
15980154440772,-0.317963,-0.910248,-0.586441,4
15980184470069,-0.551529,-1.347473,-0.630234,4
15980204306494,-7.974304,-0.976410,1.922729,1
15980214499366,-1.020065,-1.435059,-0.607452,4
15980234579932,-7.268127,-1.204132,1.655334,1
15980244528662,-1.660583,-1.248840,-0.588577,4
15980274588477,-2.051163,-0.908478,-0.555115,4
15980294150244,-6.988037,-2.179291,1.418091,1
15980304617774,-1.963577,-0.511841,-0.431564,4
15980354697119,-7.237976,-2.859283,1.333191,1
15980414267432,-7.177673,-2.332428,1.910828,1
15980334647071,-1.388931,-0.194977,-0.206558,4
15980394736182,-0.020309,0.185989,0.298309,4
15980424765479,0.351028,0.460144,0.483444,4
15980454794776,0.647964,0.806213,0.681763,4
15980444540869,-7.726746,-2.316559,2.487671,1
15980474814307,-8.792358,-2.320526,3.048645,1
15980484824073,0.970901,1.122375,0.917099,4
15980534384619,-11.118774,-1.920624,2.572571,1
15980514853369,1.145706,1.249481,1.090851,4
15980544882666,1.099075,1.267639,1.174515,4
15980604941260,1.015045,0.606827,1.130722,4
15980625204932,-11.544861,-2.726776,3.518372,1
15980634970557,0.935287,0.025055,0.788925,4
15980654501807,-9.158142,-2.795013,2.403564,1
15980665030371,0.837738,-0.098846,0.305435,4
15980684775244,-9.934143,-3.006866,1.779114,1
15980695029151,0.734131,-0.143707,-0.089417,4
15980715048682,-11.270325,-2.932281,1.676758,1
15980725088965,0.660080,-0.558136,-0.473587,4
15980745322119,-11.726563,-3.051300,1.713257,1
15980755118262,0.689621,-0.762497,-0.652664,4
15980774618994,-11.386169,-3.204437,1.368896,1
15980785147559,0.631943,-1.045547,-0.803635,4
15980845206153,0.103226,-0.737930,-1.240128,4
15980865439307,-9.250977,-2.291168,0.955505,1
15980894736182,-8.808228,-2.372101,0.668274,1
15980905295264,-0.392731,-0.560623,-1.536713,4
15980925009619,-8.485291,-2.570465,0.462769,1
15980935324561,-0.250320,-0.500092,-1.510010,4
15980955283057,-8.339294,-2.465729,0.262024,1
15980965353858,0.038071,-0.460220,-1.390381,4
15981014853369,-8.582092,-1.830963,0.659546,1
15980995383155,0.281601,-0.388306,-1.175690,4
15981075400244,-8.919312,-1.642914,0.850769,1
15981085471045,0.195084,-0.113083,-0.277405,4
15981105673682,-9.762756,-1.542145,0.803162,1
15981134970557,-11.440125,-1.819061,0.742065,1
15981115530860,-0.033493,0.108368,0.115662,4
15981145529639,0.008881,0.310242,0.631912,4
15981165243994,-13.210327,-2.054718,1.208618,1
15981175589453,0.375595,0.498230,1.154221,4
15981195517432,-12.730286,-2.392731,2.474182,1
15981205618750,0.988342,0.662720,1.424454,4
15981285361182,-6.619080,0.409760,6.155029,1
15981325735938,-0.705688,-0.544952,0.058334,4
15981315634619,-9.354919,-0.161530,4.897400,1
15981345908057,-11.174316,-0.775665,3.409668,1
15981435751807,-8.213135,-1.699249,0.800781,1
15981466025244,-7.265747,-1.784943,0.173157,1
15981495322119,-6.646851,-2.170563,-0.066467,1
15981355765235,-1.508194,-1.178711,-0.087997,4
15981385794532,-1.715775,-1.161972,-0.089066,4
15981415823828,-1.830063,-0.871445,0.007782,4
15981535971533,-2.186447,-0.303207,-0.150299,4
15981555868994,-6.478638,-3.528961,0.506409,1
15981566061866,-1.076324,0.198807,0.013474,4
15981586142432,-6.881714,-3.367889,1.370483,1
15981596030127,0.131363,0.676254,0.184372,4
15981615439307,-7.057068,-2.478424,1.994141,1
15981626059424,0.889725,1.014130,0.324295,4
15981645712744,-7.293518,-1.969818,2.398804,1
15981656119239,1.036057,1.320328,0.498047,4
15981686118018,0.916779,1.596970,0.768631,4
15981675986182,-8.076660,-1.604828,2.847107,1
15981706259619,-9.268433,-1.611176,3.212097,1
15981735556494,-10.656982,-2.043610,3.324768,1
15981746176612,0.714554,2.033478,1.430862,4
15981765829932,-12.051880,-2.759308,3.755615,1
15981776236426,1.142151,2.034897,1.712845,4
15981796103369,-14.324341,-3.176666,3.674683,1
15981806265723,1.726410,1.908859,1.941788,4
15981826376807,-15.791443,-3.183807,4.263428,1
15981836264502,1.994156,1.231674,1.915436,4
15981855673682,-14.111694,-2.987030,4.838684,1
15981866293799,1.772690,0.385010,1.424820,4
15981956412207,0.020981,-0.766418,-1.002304,4
15981975790869,-9.936523,-2.644257,2.494812,1
15981986441504,-0.035263,-0.977188,-1.218414,4
15982036337744,-11.098145,-3.378998,1.586304,1
15982046469580,0.898972,-1.595978,-0.903671,4
15982066611182,-10.560974,-2.735504,1.412537,1
15982076529395,0.851974,-1.581741,-0.691833,4
15982095908057,-10.700623,-2.033295,1.091980,1
15982106558692,0.137405,-1.551117,-0.695755,4
15982126181494,-10.383240,-1.624664,0.658752,1
15982136587989,-0.861633,-1.581390,-0.943192,4
15982166617285,-1.713638,-1.447876,-1.291763,4
15982216025244,-8.694763,-2.433990,-0.937683,1
15982226675879,-2.338837,-0.952271,-1.793777,4
15982246298682,-8.039368,-2.915619,-1.231262,1
15982276572119,-7.526001,-3.149689,-1.284424,1
15982286734473,-0.962036,-0.392929,-1.651352,4
15982306845557,-7.619629,-2.748993,-0.517151,1
15982336142432,-7.868774,-2.269745,-0.049011,1
15982346762549,0.440750,0.116211,-0.921478,4
15982366415869,-7.888611,-1.753204,0.149353,1
15982396689307,-8.308350,-1.432648,0.638916,1
15982436850440,0.797501,1.165451,1.251785,4
15982426962744,-8.844727,-1.950775,1.615662,1
15982466879737,1.021805,1.573471,2.041122,4
15982486533057,-11.571045,-2.029327,1.668823,1
15982496909033,1.077713,1.902100,2.658127,4
15982516806494,-13.328552,-2.656952,3.828613,1
15982547078009,-13.329346,-2.410980,6.156616,1
15982526938330,1.428055,2.171616,3.005981,4
15982556965704,1.864548,2.001434,2.822617,4
15982576374884,-10.991028,-0.228180,6.330383,1
15982586964484,1.360764,0.926193,1.910812,4
15982617024298,-0.214355,-0.103470,1.012527,4
15982636921759,-9.755615,-0.251984,3.691345,1
15982647053595,-1.563385,-0.759644,0.166580,4
15982737110968,-3.232849,-2.050644,-1.076706,4
15982757038946,-9.166077,-3.366302,1.563293,1
15982767170782,-2.777115,-1.621262,-0.917557,4
15982816609259,-7.479980,-2.597443,0.354065,1
15982827198859,-1.907318,-0.699127,-0.816086,4
15982846882696,-6.502441,-2.557770,0.524658,1
15982857228155,-1.509979,-0.462006,-0.697525,4
15982907429571,-5.924805,-3.106049,1.476807,1
15982917286749,0.049820,-0.082458,-0.214737,4
15982936726446,-6.100952,-2.951324,2.286133,1
15982947316046,0.575333,0.115494,0.048721,4
15982966999884,-6.532593,-2.789459,2.766968,1
15983056843634,-8.683655,-2.144379,3.733398,1
15983067433234,0.602402,1.467377,0.995071,4
15983087117071,-9.751648,-2.822784,3.155762,1
15983097462530,0.618774,1.645035,1.204071,4
15983147663946,-12.721558,-3.949493,2.074280,1
15983127522345,1.293106,1.822342,1.309097,4
15983176960821,-14.075195,-3.234589,1.818787,1
15983187580939,3.083267,1.441376,1.213333,4
15983207234259,-13.485657,-2.427643,2.543213,1
15983217610235,3.127426,0.714355,0.844833,4
15983247609015,2.650330,0.050690,0.259857,4
15983267781134,-9.106567,-1.604034,3.823853,1
15983277668829,1.639893,-0.378326,-0.373184,4
15983327351446,-8.205200,-1.914276,3.137512,1
15983337727423,-0.009277,-0.694489,-1.210587,4
15983357624884,-9.511230,-2.488739,2.642395,1
15983367756720,-0.271683,-0.832642,-1.235855,4
15983387898321,-10.795044,-3.027496,2.266296,1
15983397847052,-0.012482,-0.919510,-0.993393,4
15983417195196,-12.444641,-3.146515,1.775940,1
15983427815314,0.339996,-0.972198,-0.575058,4
15983447468634,-12.882629,-2.441925,1.403809,1
15983457844610,0.114975,-1.190094,-0.247147,4
15983477742071,-12.089172,-2.076935,0.969788,1
15983547932501,-2.269058,-1.408356,-0.991974,4
15983597859259,-8.940735,-2.987823,-0.114075,1
15983628132696,-8.386902,-3.267120,-0.431458,1
15983577961798,-2.492996,-1.065491,-1.447342,4
15983607991095,-2.042618,-0.761780,-1.713669,4
15983638020392,-0.946732,-0.557068,-1.720428,4
15983668049689,0.316147,-0.349136,-1.446640,4
15983687703009,-7.299866,-2.252289,0.087463,1
15983717976446,-6.815063,-1.442963,0.642883,1
15983728108282,1.383194,0.018646,-0.356796,4
15983748249884,-6.582581,-0.871674,0.938843,1
15983758137579,1.013977,0.241882,0.307205,4
15983848194952,-1.546646,0.681946,2.151489,4
15983868367071,-11.323486,-1.582611,0.036682,1
15983878254767,-2.004166,0.686935,2.677353,4
15983897663946,-12.593811,-2.517303,0.221558,1
15983927937384,-12.705688,-3.747162,1.342712,1
15983938313360,-2.035141,0.913025,3.172958,4
15983958210821,-12.624756,-4.931793,2.859802,1
15983968342657,-1.305969,1.309998,2.968246,4
15983988484259,-12.278015,-4.900848,3.074829,1
15983998371954,-0.069092,1.681702,2.442017,4
15984017781134,-11.895569,-3.870148,1.739441,1
15984048054571,-10.477661,-3.065582,1.335571,1
15984058461066,1.255722,0.845367,1.210129,4
15984088490362,0.881531,0.281403,0.613403,4
15984108601446,-9.155762,-1.474701,2.451172,1
15984118519659,0.201859,-0.165771,0.146637,4
15984137898321,-9.531860,-1.125580,2.601929,1
15984148548956,-0.614899,-0.502594,-0.193741,4
15984168171759,-10.165039,-1.107330,2.562256,1
15984178578253,-1.643494,-0.748260,-0.521286,4
15984198445196,-10.441956,-1.611176,2.145691,1
15984208607550,-2.592697,-0.920227,-0.842438,4
15984228718634,-10.215820,-2.053925,1.582336,1
15984238636847,-3.173035,-0.959747,-1.154678,4
15984258015509,-9.768311,-2.457001,0.957092,1
15984268666144,-3.245667,-0.899567,-1.488998,4
15984288288946,-9.268433,-2.678375,0.757935,1
15984298695441,-2.863281,-0.734375,-1.815491,4
15984318562384,-9.331116,-2.898163,1.066589,1
15984328724737,-2.091385,-0.437790,-2.065781,4
15984348835821,-10.118225,-2.641876,1.730713,1
15984358784552,-1.129379,-0.253006,-2.212479,4
15984378132696,-10.790283,-1.891266,2.758240,1
15984388813849,-0.274170,-0.216690,-2.179001,4
15984418843146,0.088272,-0.465561,-1.976059,4
15984478901739,-0.139587,-0.482651,-1.097717,4
15984408406134,-10.547485,-0.908173,2.757446,1
15984498249884,-8.753479,0.085236,4.333252,1
15984528523321,-8.983582,-0.142487,3.599304,1
15984558796759,-9.112122,-0.723297,2.463867,1
15984589070196,-8.721741,-1.112885,2.232971,1
15984508931036,-0.290543,-0.398270,-0.474655,4
15984538960333,-0.554733,-0.412155,0.248459,4
15984629078741,-0.640884,-0.908829,1.480362,4
15984618367071,-8.152832,-1.520721,2.402771,1
15984648640509,-8.075867,-1.536591,2.199646,1
15984659108038,-0.668655,-0.839401,1.601761,4
15984678913946,-8.639221,-1.305695,1.317322,1
15984689137335,-0.809647,-0.839401,1.630966,4
15984709187384,-9.797668,-0.985138,0.576233,1
15984719166632,-1.148956,-0.918793,1.656235,4
15984738484259,-11.403625,-0.973236,0.316772,1
15984768757696,-12.510498,-1.213654,0.017639,1
15984779225226,-2.661758,-1.271271,1.722824,4
15984799031134,-13.186523,-1.495331,-0.483826,1
15984869313116,-5.171127,-1.404434,1.492813,4
15984888874884,-11.482971,-3.233795,-2.183411,1
15984899342413,-5.253372,-1.298340,1.309814,4
15984919148321,-10.121399,-4.321625,-1.950928,1
15984929371710,-4.475418,-1.050537,1.190903,4
15984959401007,-2.998581,-0.706604,1.155655,4
15984949421759,-9.231934,-5.080170,-1.679565,1
15984989399786,-1.338730,-0.459152,1.205139,4
15985008992071,-9.317627,-4.088348,-1.292358,1
15985019459601,-0.280228,-0.303558,1.278488,4
15985049488898,-0.028503,-0.175751,1.370346,4
15985069538946,-10.679993,-2.588715,-0.661560,1
15985079518194,-0.438309,-0.073914,1.462555,4
15985129109259,-10.784729,-2.500641,-0.593323,1
15985139576788,-2.241989,0.109436,1.495667,4
15985159382696,-9.723083,-3.052094,-0.805969,1
15985169606085,-2.843704,0.176376,1.404877,4
15985189656134,-8.505127,-3.559906,-0.825806,1
15985218953009,-7.972717,-3.993134,-0.625061,1
15985229725714,-2.588776,0.590088,1.160278,4
15985249226446,-8.098877,-4.398590,-0.160095,1
15985259693976,-1.908386,0.845016,1.076248,4
15985279499884,-8.711426,-4.379547,0.896790,1
15985309773321,-9.270813,-4.011383,1.129272,1
15985319752569,-0.580368,1.167236,0.898239,4
15985339070196,-9.596924,-3.425812,1.314148,1
15985409840460,-0.430466,1.190018,0.255936,4
15985429890509,-10.567322,-1.993622,2.302002,1
15985439869757,-0.783661,1.020538,-0.072678,4
15985459187384,-10.153931,-1.656403,2.828857,1
15985469899054,-1.043213,0.883469,-0.345413,4
15985489460821,-10.703003,0.224091,4.107117,1
15985499928351,-1.461197,0.345856,-0.421249,4
15985529957648,-2.021957,-0.386169,-0.433701,4
15985550007696,-9.084351,0.182037,3.539001,1
15985559986944,-2.104202,-0.389008,-0.333664,4
15985609578009,-9.095459,-1.272369,2.417847,1
15985620045538,-2.312851,-0.018738,-0.027817,4
15985639851446,-9.559631,-2.287201,1.714844,1
15985680104132,-2.008072,0.085938,0.096786,4
15985670124884,-10.096008,-2.721222,1.404602,1
15985699421759,-10.234863,-2.884674,1.086426,1
15985710133429,-1.629959,-0.137299,0.114944,4
15985729695196,-9.806396,-2.717255,0.938843,1
15985740132208,-1.279617,-0.259766,0.000305,4
15985759968634,-9.703247,-2.531586,0.999146,1
15985770161505,-1.138992,-0.220963,-0.133926,4
15985790242071,-9.782593,-2.718842,1.157837,1
15985800190802,-0.952423,-0.129105,-0.255692,4
15985819538946,-9.512024,-3.007660,1.407776,1
15985920277472,0.868713,0.219101,-0.187332,4
15985939656134,-9.542175,-2.792633,1.826721,1
15985950306769,1.116516,0.151810,-0.196579,4
15985969929571,-9.495361,-2.684723,1.790222,1
15985980336066,1.226883,0.065643,-0.258530,4
15986000203009,-9.694519,-2.460968,1.622803,1
15986030476446,-10.077759,-2.209442,1.611694,1
15986010365362,1.251450,-0.053619,-0.346481,4
15986040394659,1.140366,-0.213837,-0.431213,4
15986059773321,-10.524475,-2.131683,1.670410,1
15986120320196,-11.044983,-1.842865,1.202271,1
15986150593634,-10.330078,-1.707977,0.895203,1
15986179890509,-9.525513,-1.745270,0.655579,1
15986210163946,-8.966919,-1.865875,0.420715,1
15986100422735,0.604172,-0.504364,-0.500992,4
15986130452032,0.164825,-0.687378,-0.544785,4
15986160481329,-0.393448,-0.827652,-0.648758,4
15986250538702,-1.581894,-0.579849,-0.948532,4
15986240437384,-8.517029,-2.018219,0.162842,1
15986330281134,-8.033813,-3.071136,-0.261658,1
15986340596075,-0.579651,-0.029419,-0.355377,4
15986360554571,-8.036987,-3.178253,-0.095825,1
15986370625372,0.201859,0.198456,0.049789,4
15986400654669,0.814240,0.478653,0.450333,4
15986430683966,1.091599,0.737137,0.767929,4
15986450398321,-9.247803,-2.503021,0.708740,1
15986460713263,1.193771,0.923706,0.977982,4
15986480671759,-9.854797,-2.376068,0.832520,1
15986490712042,1.123993,1.046173,1.117905,4
15986520771857,0.976593,1.096024,1.188766,4
15986540242071,-11.058472,-2.221344,1.065002,1
15986550770636,0.793594,1.073944,1.178085,4
15986600788946,-10.765686,-2.618866,1.998108,1
15986640828009,0.830978,1.126999,0.942383,4
15986670857306,1.121506,0.885254,0.903580,4
15986660359259,-12.147095,-2.807709,2.012390,1
15986690632696,-12.541443,-3.025116,2.473389,1
15986700886603,1.586136,0.656311,0.927780,4
15986720906134,-12.734253,-2.825958,3.314453,1
15986730915900,1.928284,0.219101,0.909988,4
15986750203009,-11.098145,-2.058685,3.733398,1
15986790943976,1.077347,-0.851868,0.309708,4
15986780476446,-9.133545,-1.109711,3.604065,1
15986810749884,-8.497192,-0.498749,2.968506,1
15986870320196,-12.009827,0.535919,0.867432,1
15986881031866,-1.502502,-2.195190,-1.091309,4
15986900593634,-13.215088,0.147125,-0.291809,1
15986911061163,-2.463455,-2.956055,-1.627151,4
15986930867071,-12.508118,-0.477325,-0.423523,1
15986941059943,-3.366364,-3.439545,-2.035522,4
15986971089239,-3.968063,-3.296783,-2.338150,4
15986990437384,-9.812744,-1.838898,-0.450500,1
15987001088019,-4.138962,-2.674072,-2.510483,4
15987020710821,-8.720154,-1.963470,-0.750427,1
15987061207648,-2.697372,-1.142746,-2.348831,4
15987110554571,-6.269958,-2.664093,0.371521,1
15987091175909,-1.270370,-0.529648,-1.896317,4
15987121205206,0.217163,-0.144775,-1.295670,4
15987140828009,-5.547913,-2.172150,1.088013,1
15987151203985,1.407394,0.162140,-0.646255,4
15987171101446,-5.046448,-1.369171,1.512512,1
15987181233282,2.125534,0.393204,-0.002548,4
15987201374884,-4.750488,-0.213104,1.972717,1
15987211262579,1.982407,0.657028,0.582428,4
15987230671759,-4.750488,0.732697,2.636047,1
15987260945196,-5.724854,0.916779,2.993896,1
15987271321173,-0.037048,1.568481,1.722458,4
15987291218634,-7.476807,0.151093,2.813782,1
15987301319952,-0.953491,1.969025,2.366531,4
15987321492071,-9.938904,-1.359650,2.773315,1
15987331349249,-1.232620,2.194397,3.002060,4
15987350788946,-12.609680,-3.875702,3.497742,1
15987361348028,-0.766220,2.268097,3.509064,4
15987381062384,-14.419556,-5.491974,3.373962,1
15987391377325,0.260956,2.261337,3.712357,4
15987411335821,-15.633545,-4.786591,2.301208,1
15987421406622,1.234009,1.989319,3.433945,4
15987481434698,0.714905,0.969635,1.902969,4
15987501179571,-12.165344,-4.569977,4.966431,1
15987511463995,0.077591,0.391418,0.956619,4
15987531453009,-9.001831,-4.225616,3.534241,1
15987541493292,-0.244263,0.143982,0.127060,4
15987591023321,-9.650879,-4.366852,2.348022,1
15987571522589,-0.219696,0.063156,-0.398453,4
15987601551886,0.189041,-0.333466,-0.630600,4
15987621296759,-10.157104,-4.427948,1.935425,1
15987631550665,0.788254,-0.584839,-0.571854,4
15987681843634,-10.433228,-3.431366,1.331604,1
15987691609259,0.994751,-1.227127,-0.494232,4
15987721608038,0.523712,-1.248138,-0.692902,4
15987711140509,-10.243591,-2.994171,1.084045,1
15987741413946,-10.464172,-2.368134,1.416504,1
15987751637335,-0.126053,-1.289078,-1.052139,4
15987800984259,-10.154724,-2.404633,0.435791,1
15987811665411,-1.231918,-1.259888,-1.810867,4
15987831257696,-10.139648,-2.473663,-0.011719,1
15987841694708,-1.242233,-1.227844,-2.026627,4
15987861531134,-9.865906,-2.553802,-0.337036,1
15987891804571,-9.596130,-2.647430,-0.234680,1
15987931752081,0.278763,-0.724762,-1.817627,4
15987951374884,-9.327942,-2.130890,0.413574,1
15987961781378,0.724518,-0.456299,-1.498611,4
