Inicio: 31-12-1969-20:59:59:999
Fim: 09-01-2019-11:09:47:019
2084383740460,-1.149033,-0.588486,1.001099,4
2084493542706,-8.954224,-1.823822,1.803711,1
2084553601299,-9.089111,-1.992035,1.705322,1
2084563519512,0.042633,-0.112473,0.341354,4
2084673474346,-9.174011,-1.698456,1.784668,1
2084683423077,-0.187363,-0.259872,-0.979538,4
2085003064190,-9.597717,-3.665436,1.895752,1
2085072918926,-0.696503,0.901169,-0.197678,4
2085222760235,0.528625,-0.030228,0.567444,4
2085092907940,-8.965332,-5.278534,2.266296,1
2085332654034,-7.650574,-4.792145,0.711121,1
2085392712628,-8.888367,-4.974640,0.500854,1
2085402569805,0.728714,-0.063690,0.329605,4
2085512341534,-10.218201,-3.104462,0.911072,1
2085522412335,-0.348648,-0.534729,0.128448,4
2085632458721,-9.043884,-3.851898,-0.659180,1
2085642376934,-1.443832,-0.488083,-0.437302,4
2085752087628,-10.559387,-3.680511,-0.909119,1
2085762188946,0.168671,-0.096802,0.708084,4
2085852093731,1.242477,0.754135,0.883606,4
2085901989971,-9.147827,-2.777557,0.293762,1
2085991833721,-9.339844,-1.463593,11.291870,1
2086001935040,-1.475159,-0.330719,-0.254654,4
2086111950909,-8.650330,-4.826263,0.696838,1
2086121777569,0.867935,-0.097519,0.629395,4
2086141736065,-7.940979,-3.434540,0.064453,1
2086181744610,2.163559,-0.058350,0.572784,4
2090525864089,-9.865906,-2.642670,0.547668,1
2090555832351,-9.528687,-2.879913,0.583374,1
2090580795730,-9.346191,-3.112396,0.600830,1
2090611282790,-9.337463,-3.301239,0.581787,1
2090641251052,-9.502502,-3.418671,0.588928,1
2090671219314,-9.469177,-3.486115,0.769043,1
2090701157058,-9.389038,-3.384552,1.045959,1
2090731155837,-9.473145,-3.322662,1.323669,1
2090761093581,-10.096008,-3.112396,1.419678,1
2090821030105,-13.902222,-2.254669,0.967407,1
2090791122878,0.773224,-0.025955,0.451736,4
2090821030105,0.281891,-0.310776,0.334244,4
2090850998366,-12.833435,-2.380829,1.145142,1
2090850998366,-0.425552,-0.648666,0.010605,4
2090880966628,-11.759094,-2.323700,1.148315,1
2090880966628,-1.044708,-0.639404,-0.421280,4
2090910934890,-1.528564,-0.633347,-1.004105,4
2090940933669,-10.140442,-2.091217,0.689697,1
2090940933669,-1.690567,-0.598816,-1.568787,4
2090970871413,-9.873047,-2.331635,0.410400,1
2090970871413,-1.517883,-0.705627,-1.989975,4
2091000870192,-9.937317,-2.578400,0.924561,1
2091000870192,-0.909775,-0.826324,-2.158386,4
2091060776198,0.091415,-1.105453,-1.905594,4
2091090744460,-9.907959,-0.651093,1.164978,1
2091090744460,0.069336,-1.153519,-1.708359,4
2091120712722,-9.725464,-0.398773,1.457764,1
2091120712722,-0.305923,-1.143906,-1.542084,4
2091150742019,-8.878845,-0.446381,1.494263,1
2091150742019,-0.829300,-1.036392,-1.390411,4
2091180649245,-8.002869,-0.789948,1.330017,1
2091180649245,-1.173233,-0.841278,-1.178574,4
2091210617507,-7.203064,-1.217621,1.333191,1
2091300522292,-0.487869,-0.048386,0.770035,4
2091330490554,-6.497681,-2.114227,2.099670,1
2091330490554,-0.663040,0.214371,1.297318,4
2091360428298,-0.918320,0.409134,1.712112,4
2091420364821,-0.696854,0.466095,2.225510,4
2091450333083,-0.108688,0.425507,2.335175,4
2091360428298,-7.243530,-2.639496,1.927490,1
2091420364821,-9.135132,-3.834442,0.742859,1
2091450333083,-9.800842,-4.463654,0.675415,1
2091570206130,1.715652,0.918259,1.817139,4
2091600174392,-11.711487,-2.975128,1.545837,1
2091630142653,-10.345947,-3.774139,0.673828,1
2091630142653,0.850479,0.547272,0.784622,4
2091660110915,1.365311,0.604599,0.397964,4
2091690079177,-10.245972,-2.965607,0.807922,1
2091690079177,1.402344,0.634140,0.118484,4
2091720047439,-9.899231,-2.532379,0.563538,1
2091720047439,1.090454,0.456833,-0.153183,4
2091809952224,1.713882,-0.098938,0.004196,4
2091839920485,-8.801880,0.274872,-3.238708,1
2091839920485,1.714584,-0.256302,0.074326,4
2091869858230,-8.567017,1.669769,-2.733276,1
2091869858230,1.858780,-0.158035,0.229202,4
2091899857009,-8.707458,2.809967,-1.900940,1
2091899857009,1.149200,0.081573,0.187912,4
2091929825271,-8.704285,1.245270,1.644226,1
2091929825271,0.004532,0.460403,0.029114,4
2091959763015,-10.374512,-2.410980,2.434509,1
2091989731276,-11.566284,-0.778046,-5.948364,1
2091959763015,0.173660,1.416000,-0.248947,4
2091989731276,2.517456,1.292099,-0.414871,4
2092019669021,-9.746887,4.150116,-8.289856,1
2092049637282,-6.953125,3.465363,-5.569092,1
2092049637282,-1.862167,-1.177734,-0.603210,4
2092139542067,-11.674194,-0.431305,-2.914978,1
2092139542067,-2.478119,-1.002914,0.207840,4
2092169510329,-12.666809,0.576385,-2.562683,1
2092169510329,-3.632751,-1.508133,-0.316956,4
2092199478591,-11.222717,0.137604,-3.824280,1
2092199478591,-5.162643,-1.828568,-0.904419,4
2092229446853,-10.485596,-1.494537,-4.382874,1
2092229446853,-5.978333,-1.719986,-1.324539,4
2092259415114,-9.720703,-3.098907,-3.198242,1
2092259415114,-6.081940,-1.454376,-1.469452,4
2092289352858,-5.336746,-0.911057,-1.219864,4
2092289352858,-8.905029,-5.219818,-0.976563,1
2092319290603,-9.008972,-5.975189,0.084290,1
2092349289382,-1.168961,-0.100006,-0.005066,4
2092349289382,-9.081970,-3.919342,-0.417969,1
2092379257644,-9.555664,-2.928314,-0.659973,1
2092379257644,-0.201965,-0.192932,0.636520,4
2092409225905,-0.096222,-0.607712,1.105423,4
2092439194167,-7.583130,-2.340363,0.527832,1
2092469131911,-1.114136,-0.424362,1.472137,4
2092469131911,-7.225281,-2.281647,0.600037,1
2092499130690,-7.366516,-2.837860,0.328674,1
2092499130690,-1.780640,-0.084702,1.468933,4
2092529068435,-8.185364,-4.035980,0.276306,1
2092559036696,-9.397766,-6.516327,0.624634,1
2092559036696,-1.176086,0.727066,1.617401,4
2092589004958,-10.959290,-8.869720,0.908691,1
2092648941481,5.134338,1.444489,1.299454,4
2092678909743,-11.652771,-1.950775,1.608521,1
2092678909743,5.112259,1.173904,0.579193,4
2092708847487,-13.017517,7.140656,5.983643,1
