Inicio: 31-12-1969-20:59:59:999
Fim: 09-01-2019-11:45:30:393
4230182718662,-9.114502,-2.652191,2.179016,1
4230212717441,-9.192261,-2.710907,2.286133,1
4230248239902,-9.235901,-2.706940,2.317871,1
4230278238681,-9.310486,-2.736298,2.296448,1
4230308267978,-9.280334,-2.731537,2.324219,1
4230338266757,-9.375549,-2.747406,2.361511,1
4230368296054,-9.305725,-2.739471,2.394836,1
4230398294834,-9.246216,-2.751373,2.367065,1
4230458322910,-9.236694,-2.659332,2.344055,1
4230458322910,-0.034622,0.005386,-0.008987,4
4230518350986,-9.301758,-2.656952,2.284546,1
4230518350986,-0.064529,-0.012772,-0.048141,4
4230548349765,-9.285095,-2.587128,2.294067,1
4230548349765,-0.050644,-0.017761,-0.064163,4
4230578379062,-9.225586,-2.587128,2.252808,1
4230578379062,-0.037827,-0.014557,-0.077347,4
4230608377841,-9.189087,-2.519684,2.271057,1
4230608377841,-0.030350,-0.019547,-0.089798,4
4230638407138,-0.047440,-0.017410,-0.105118,4
4230668405918,-9.183533,-2.398285,2.190918,1
4230728433994,-9.216064,-2.485565,2.351196,1
4230668405918,-0.063461,-0.036987,-0.114731,4
4230698404697,-0.056702,-0.028091,-0.112228,4
4230728433994,-0.077347,-0.039841,-0.105118,4
4230758432773,-0.071304,-0.030228,-0.091583,4
4230788492588,-9.139893,-2.466522,2.254395,1
4230788492588,-0.053146,-0.020248,-0.073074,4
4230818460849,-9.124023,-2.506195,2.242493,1
4230818460849,-0.050293,-0.007080,-0.042801,4
4230848459629,-9.089111,-2.515717,2.155212,1
4230878488925,-0.039612,0.019974,0.021637,4
4230878488925,-9.104980,-2.575226,2.177429,1
4230938517002,0.001328,0.056290,0.058670,4
4230968515781,-9.215271,-2.633942,2.154419,1
4230968515781,0.003113,0.065552,0.068634,4
4230998514560,-9.190674,-2.687103,2.183777,1
4231028543857,-9.211304,-2.727570,2.154419,1
4231028543857,0.004898,0.072678,0.064713,4
4231058542636,-9.203369,-2.718842,2.162354,1
4231088571933,-9.199402,-2.741058,2.197266,1
4231058542636,0.023407,0.077301,0.056534,4
4231088571933,0.051529,0.084427,0.052261,4
4231148569492,-9.239075,-2.767242,2.195679,1
4231178598789,-9.223206,-2.783112,2.185364,1
4231178598789,0.138412,0.110413,0.050827,4
4231208597568,-9.228760,-2.764069,2.246460,1
4231208597568,0.188614,0.116470,0.052261,4
4231238626865,-9.249390,-2.722809,2.252808,1
4231268625644,-9.300171,-2.730743,2.190918,1
4231298624424,0.224213,0.113968,0.097473,4
4231328623203,-9.500122,-2.814850,2.222656,1
4231328623203,0.253769,0.112549,0.113846,4
4231358621982,-9.372375,-2.800568,2.220276,1
4231358621982,0.266937,0.097946,0.114914,4
4231388651279,-9.119263,-2.791046,2.165527,1
4231388651279,0.279404,0.079437,0.094620,4
4231418680576,-9.097046,-2.788666,2.065552,1
4231448679355,0.380508,0.084061,0.097122,4
4231478678134,-9.664368,-2.758514,2.168701,1
4231478678134,0.395828,0.097595,0.167969,4
4231508676914,-9.790527,-2.795807,2.164734,1
4231538706211,-9.553284,-2.786285,2.148865,1
4231538706211,0.332443,0.101151,0.271225,4
4231568704990,-9.272400,-2.793427,2.232178,1
4231568704990,0.343124,0.093323,0.242020,4
4231598734287,-9.014526,-2.675995,2.259155,1
4231598734287,0.366989,0.074097,0.186844,4
4231628733066,-8.918518,-2.579193,2.254395,1
4231658731845,0.306808,0.040985,0.136276,4
4231658731845,-8.918518,-2.568878,2.231384,1
4231688761142,-9.054199,-2.595856,2.272644,1
4231688761142,0.320343,0.043839,0.163696,4
4231718759922,-9.211304,-2.616486,2.340088,1
4231748789218,-9.387451,-2.595062,2.349609,1
4231748789218,0.326035,0.038498,0.241669,4
4231778787998,-9.851624,-2.659332,2.395630,1
4231778787998,0.312866,0.011429,0.252350,4
4231808786777,-10.044434,-2.558563,2.533691,1
4231808786777,0.290085,-0.056564,0.228500,4
4231838816074,-9.927002,-2.449860,2.686829,1
4231838816074,0.198227,-0.134537,0.156219,4
4231868814853,-9.574707,-2.352264,2.789978,1
4231868814853,0.094971,-0.219635,0.059021,4
4231898813632,-9.205750,-2.266571,2.890747,1
4231898813632,0.007736,-0.313278,-0.037460,4
4231928812412,-10.499084,-2.214996,2.509094,1
4231928812412,-0.093369,-0.277664,-0.088379,4
4231958811191,-11.233826,-2.282440,2.786804,1
4231958811191,-0.140732,-0.363480,-0.102615,4
4231988840488,-9.817505,-1.979340,3.110535,1
4232018839267,-8.866150,-1.763519,2.853455,1
4232018839267,-0.303085,-0.445358,-0.384247,4
4232048838047,-0.157455,-0.418304,-0.503159,4
4232138895420,-8.371033,-0.005219,1.655334,1
4232138895420,-0.825394,-0.646881,-0.442642,4
4232168894199,-8.626526,-0.337677,1.479980,1
4232198892978,-9.464417,-0.720123,1.666443,1
4232168894199,-1.139420,-0.506958,-0.388168,4
4232258921054,-0.355774,-0.128128,0.027695,4
4232228891757,-9.812744,-0.899445,1.919556,1
4232258921054,-8.972473,-0.623322,2.280579,1
4232288919834,-8.175842,-0.524139,2.447998,1
4232288919834,-0.161728,0.023544,0.185410,4
4232318918613,-7.910034,-0.716949,2.652710,1
4232348917392,0.092834,0.249985,0.529709,4
4232408945468,-8.585266,-1.561981,2.985962,1
4232438944248,-8.803467,-1.757172,3.240662,1
4232468943027,-9.069275,-1.985687,3.406494,1
4232498972324,-9.158142,-2.241974,3.495361,1
4232378946689,0.129868,0.317978,0.684586,4
4232408945468,0.124527,0.377441,0.794601,4
4232468943027,-0.033203,0.478561,0.841232,4
4232498972324,-0.111176,0.484970,0.806351,4
4232589029697,-9.188293,-2.775177,3.593750,1
4232528971103,-0.148209,0.471436,0.729446,4
4232679026035,0.076096,0.174149,-0.100845,4
4232679026035,-9.711975,-2.641876,3.788147,1
4232739054111,-11.113220,-2.944183,3.830994,1
4232739054111,-0.017899,0.136765,-0.372147,4
4232769052890,-11.122742,-3.158417,4.043640,1
4232769052890,0.141968,0.063416,-0.392075,4
4232799051670,-9.715149,-2.960846,3.954773,1
4232799051670,0.328171,-0.086838,-0.449051,4
4232859049228,-8.381348,-2.549042,3.500916,1
4232829050449,0.467392,-0.164444,-0.586472,4
4232859049228,0.589157,-0.240646,-0.740280,4
4232889078525,-8.716187,-2.386383,3.393005,1
4232889078525,0.718750,-0.366318,-0.852081,4
4232949106601,-9.919861,-1.992035,2.820129,1
4232979105381,0.433563,-0.656143,-0.821106,4
4232979105381,-11.074341,-2.134857,2.437683,1
4233009104160,-11.942383,-2.485565,2.073486,1
4233009104160,0.314651,-0.683197,-0.685104,4
4233039133457,0.258743,-0.704559,-0.572235,4
4233069162754,-10.591919,-2.527618,2.042542,1
4233069162754,0.117401,-0.737320,-0.575439,4
4233099161533,-9.008972,-2.338776,1.803711,1
4233099161533,-0.049576,-0.709900,-0.709671,4
4233129160312,-7.958435,-2.352264,1.473633,1
4233129160312,-0.081268,-0.611633,-0.891602,4
4233249216465,-8.018738,-1.894440,1.582336,1
4233249216465,0.338852,-0.262009,-0.717499,4
4233279215244,-8.256775,-1.895233,1.856873,1
4233309214023,-8.408325,-2.051544,2.157593,1
4233279215244,0.061508,-0.097153,-0.406326,4
4233309214023,-0.173843,0.043121,-0.024643,4
4233339212802,-8.285339,-2.046783,2.726501,1
4233369211582,-7.944946,-1.939667,3.112915,1
4233339212802,-0.300583,0.128571,0.357376,4
4233369211582,-0.372147,0.079437,0.690277,4
4233399240879,-8.678894,-1.814301,1.925903,1
4233399240879,-0.675140,0.178772,0.959442,4
4233429239658,-11.629761,-2.128510,1.758484,1
4233429239658,-1.099899,0.505966,1.249969,4
4233459238437,-12.635071,-2.766449,3.425537,1
4233459238437,-1.094193,0.549057,1.460739,4
4233549265293,-6.567505,-3.239349,4.541138,1
4233549265293,-0.097641,0.160614,0.875778,4
4233579294590,-7.274475,-2.464935,3.799255,1
4233669290927,-10.840271,-1.264435,3.593750,1
4233669290927,-0.921875,-0.224625,0.136642,4
4233699289707,-9.639771,-2.025360,4.103943,1
4233699289707,-1.413208,-0.232452,0.178299,4
4233819284824,0.553909,0.070892,0.537537,4
4233819284824,-7.676758,-2.869598,3.047058,1
4233939279941,-10.264221,-1.074005,3.349365,1
4233939279941,-0.271744,0.039200,0.094269,4
4233969309238,-8.696350,-0.109955,2.642395,1
4233969309238,-0.502457,-0.005295,-0.061676,4
4233999277500,-0.595032,0.176636,0.019852,4
4233999277500,-8.526550,0.182037,2.337708,1
4234029306797,-0.330139,0.258530,0.207138,4
4234059305576,-8.890747,-1.048615,2.276611,1
4234059305576,0.036942,0.319763,0.390854,4
4234089304355,0.189682,0.458267,0.526138,4
4234089304355,-10.327698,-0.738373,1.829102,1
4234149301914,-10.677612,-1.321564,1.913208,1
4234149301914,-0.112961,0.450790,0.713776,4
4234179331211,-9.537415,-1.377106,1.318115,1
4234209329990,-8.213928,-1.667511,2.359924,1
4234209329990,-0.398148,0.414825,0.628326,4
4234239359287,-10.194397,-4.271637,5.394104,1
4234239359287,0.357727,0.193008,0.557114,4
4234269358066,-11.981262,0.536713,1.107849,1
4234269358066,0.196793,-0.517639,0.184341,4
4234299326328,-7.536316,7.519928,-1.601807,1
4234299326328,-2.423645,-0.863358,-0.068436,4
4234329355625,-8.744751,3.452667,-2.852295,1
4234329355625,-2.995438,-0.037704,0.324631,4
4234359354404,-9.920654,-1.139069,1.323669,1
4234359354404,-0.830017,0.158829,0.635803,4
4234419382480,-10.365784,-0.743134,2.574158,1
4234419382480,-1.551712,-0.220352,0.183273,4
4234449472812,-9.587402,0.163788,2.428955,1
4234449472812,-2.357422,-0.316116,0.143051,4
4234479410556,-9.863525,-0.650299,1.711670,1
4234479410556,-2.532944,-0.266983,0.253769,4
4234509409336,-10.118225,-1.086700,1.581543,1
4234509409336,-2.401215,-0.239212,0.398682,4
