Inicio: 31-12-1969-20:59:59:999
Fim: 19-12-2018-17:16:33:452
23120547139900,-0.544891,-0.053162,0.390167,4
23120566610115,-9.979370,-2.722015,1.108643,1
23120595906990,-9.186707,-2.619659,1.550598,1
23120627156990,-8.375793,-2.452240,1.671997,1
23120685750740,-8.396423,-2.642670,1.523621,1
23120577047127,-0.558411,-0.085205,0.338181,4
23120606954353,-0.578354,-0.056015,0.225311,4
23120726583259,-0.480087,0.125565,0.351349,4
23120775594490,-9.325562,-2.941803,1.918762,1
23120806844490,-8.950256,-3.075897,2.017151,1
23120836141365,-8.922485,-3.140961,2.106018,1
23120786397713,-0.429886,0.169357,0.501602,4
23120816274422,-0.339813,0.174347,0.462799,4
23120846212166,-0.209854,0.304657,0.424347,4
23120865438240,-9.426331,-3.223480,2.245667,1
23120876180427,-0.060318,0.287201,0.402985,4
23120905996101,0.022644,0.239502,0.384109,4
23120896688240,-9.479492,-3.232208,2.385315,1
23120925985115,-9.745300,-3.175079,2.293274,1
23121015828865,-10.090454,-3.434540,1.721985,1
23121025625007,-0.300644,0.251953,0.071152,4
23121045125740,-11.262390,-3.932037,1.441895,1
23121074422615,-11.217163,-4.530304,1.257813,1
23121055532234,-0.251511,0.182175,0.037323,4
23121085439461,0.040085,0.082123,0.011688,4
23121105672615,-10.592712,-4.764374,1.151489,1
23121115316170,0.493683,-0.089127,-0.161346,4
23121134969490,-9.067688,-4.120087,1.039612,1
23121145223396,0.909882,-0.174576,-0.455078,4
23121195516365,-9.366821,-2.858490,0.546875,1
23121205037849,1.017410,-0.163177,-0.885529,4
23121224813240,-9.439026,-2.771210,0.403259,1
23121234945076,0.907394,-0.253616,-0.893707,4
23121254110115,-10.065857,-2.856903,0.157288,1
23121264852302,0.756790,-0.251831,-0.811462,4
23121285360115,-10.460205,-3.121918,-0.078369,1
23121294759529,0.653183,-0.340851,-0.723877,4
23121314656990,-10.124573,-3.217926,-0.057739,1
23121324666756,0.600845,-0.393188,-0.740616,4
23121343953865,-9.572327,-2.826752,-0.095825,1
23121354573982,0.471954,-0.321625,-0.855972,4
23121375203865,-9.362061,-2.586334,-0.268005,1
23121384481209,0.275787,-0.242935,-0.996613,4
23121404500740,-9.031982,-2.529205,-0.235474,1
23121433797615,-8.761414,-2.607758,-0.487000,1
23121444295662,-0.053909,-0.098022,-1.063904,4
23121463094490,-8.304382,-2.714081,-0.217224,1
23121474202888,0.182861,0.059341,-0.862732,4
23121494344490,-8.725708,-2.922760,0.108093,1
23121523641365,-8.661438,-3.047333,0.468323,1
23121504110115,0.478012,0.167938,-0.708221,4
23121534017341,0.601913,0.140869,-0.479279,4
23121552938240,-8.439270,-2.935455,0.604004,1
23121613485115,-8.565430,-2.724396,0.666687,1
23121563894050,0.513977,0.211365,-0.228989,4
23121593831795,0.268311,0.219910,-0.016434,4
23121623739021,0.029404,0.131973,0.188995,4
23121642781990,-8.403564,-2.899750,0.792053,1
23121653615730,-0.012253,0.111328,0.406189,4
23121674031990,-8.736023,-2.820404,1.060242,1
23121683522957,-0.103760,0.133392,0.610901,4
23121703328865,-9.156555,-2.965607,1.229248,1
23121713430183,-0.206650,0.125565,0.817413,4
23121793172615,-12.202637,-3.095734,0.754761,1
23121803151863,-0.346222,0.101715,1.142471,4
23121822469490,-11.761475,-3.207611,1.150696,1
23121853719490,-9.826233,-3.075104,1.786255,1
23121833059090,-0.453033,-0.104080,1.012512,4
23121862966316,-0.487213,-0.220505,0.733383,4
23121883016365,-7.829895,-2.761688,1.659302,1
23121892873543,-0.498962,-0.102295,0.448547,4
23121941610115,-9.310486,-2.881500,1.216553,1
23121922780769,-0.368286,0.225616,0.285126,4
23121952687996,-0.190277,0.145859,0.239914,4
23121972860115,-9.819092,-2.629181,1.014221,1
23121982595222,-0.232285,-0.045334,0.233856,4
23122002156990,-9.729431,-2.407806,0.963440,1
23122031453865,-9.243835,-2.471283,1.174500,1
23122012471931,-0.490768,-0.142883,0.216766,4
23122072316902,-0.776306,-0.038925,0.074707,4
23122102193611,-0.694778,0.109894,0.077209,4
23122132100838,-0.483292,0.144073,0.148773,4
23122092000740,-8.287720,-2.846588,1.238770,1
23122121297615,-8.396423,-2.993378,1.114197,1
23122181844490,-8.582092,-2.899750,1.204651,1
23122191915291,-0.100555,0.173630,0.278015,4
23122211141365,-8.942322,-2.856110,1.408569,1
23122221822517,-0.077759,0.206741,0.278717,4
23122242391365,-9.006592,-2.922760,1.445862,1
23122271688240,-8.891541,-3.028290,1.322083,1
23122281636970,-0.051422,0.312836,0.165497,4
23122300985115,-9.082764,-3.057648,1.441101,1
23122311513679,0.113785,0.353790,0.127411,4
23122330281990,-9.264465,-2.960846,1.599792,1
23122341451424,0.222015,0.335632,0.107819,4
23122361531990,-9.263672,-2.862457,1.718018,1
23122431142586,0.072845,0.248047,-0.023911,4
23122451375740,-9.754822,-2.879913,1.470459,1
23122461049812,0.025131,0.214569,-0.043488,4
23122480672615,-10.021423,-3.095734,1.242737,1
23122490957039,-0.002991,0.288986,-0.039581,4
23122509969490,-11.285400,-3.317902,0.821411,1
23122520864265,0.046844,0.439240,0.031281,4
23122550740974,0.216324,0.309631,0.062958,4
23122570516365,-12.066956,-4.205780,0.814270,1
23122580678718,0.517181,0.040115,-0.084076,4
23122730153816,0.081390,-0.225128,-1.186737,4
23122599813240,-10.221375,-3.425018,0.743652,1
23122631063240,-9.086731,-2.799774,0.150940,1
23122660360115,-8.949463,-2.305450,-0.079956,1
23122720906990,-9.782593,-2.072968,-0.750427,1
23122750203865,-9.721497,-2.393524,-0.892456,1
23122779500740,-9.238281,-2.925140,-0.762329,1
23122808797615,-8.699524,-3.004486,-0.688538,1
23122789968269,-0.158936,-0.236526,-0.720322,4
23122819844978,-0.187775,-0.118683,-0.521301,4
23122849752205,-0.189911,0.045456,-0.400238,4
23122869344490,-8.454346,-3.409149,-1.037659,1
23122879659431,-0.121918,0.154404,-0.315857,4
23122898641365,-8.544006,-3.748749,-1.342346,1
23122909566658,0.098480,0.199265,-0.217590,4
23122929891365,-8.729675,-3.918549,-1.600220,1
23122939473884,0.412140,0.190002,-0.115768,4
23122959188240,-8.837585,-3.985199,-1.492310,1
23122969381111,0.726883,0.153336,-0.005035,4
23122988485115,-8.772522,-3.928070,-1.102722,1
23122999288338,0.936234,0.162598,0.089661,4
23123019735115,-8.775696,-3.804291,-0.678223,1
23123029195564,1.009216,0.197128,0.158020,4
23123049031990,-8.856628,-3.710663,-0.467163,1
23123059102791,0.984299,0.172211,0.188995,4
23123078328865,-8.827271,-3.644806,-0.189453,1
23123148824470,0.652115,0.077850,0.246323,4
23123168172615,-8.862976,-3.393280,0.323914,1
23123178731697,0.536041,0.072159,0.291183,4
23123197469490,-9.093872,-3.433746,0.513550,1
23123208608406,0.508636,0.098145,0.372711,4
23123228719490,-9.506470,-3.517853,0.738892,1
23123238546150,0.628616,0.082840,0.478455,4
23123258016365,-9.757202,-3.516266,0.970581,1
23123318563240,-10.441956,-2.430817,1.043579,1
23123328237312,0.593018,-0.033234,0.576721,4
23123347860115,-11.556763,-2.025360,0.972961,1
23123358114021,-0.083466,-0.074173,0.554291,4
23123377156990,-11.387756,-2.370514,1.112610,1
23123408406990,-10.578430,-2.924347,1.081665,1
23123417958992,-0.820465,-0.105148,0.550385,4
23123437703865,-9.410461,-3.409149,1.172119,1
23123447835701,-0.555923,-0.165680,0.529724,4
23123467000740,-7.703735,-3.681305,1.307007,1
23123498250740,-7.536316,-3.289337,1.218140,1
23123507650154,0.684875,0.100998,0.402267,4
23123527547615,-8.802673,-2.638702,1.095947,1
23123567464607,0.621140,-0.064560,0.257355,4
23123588094490,-10.093628,-2.068207,0.680969,1
23123617391365,-9.937317,-2.384796,0.741272,1
23123646688240,-9.011353,-2.680756,0.879333,1
23123657155769,-0.178528,-0.064560,-0.115417,4
23123675985115,-8.313904,-2.906097,0.805542,1
23123687062996,0.087082,0.103851,-0.201569,4
23123736531990,-8.590820,-2.603790,0.633362,1
23123716970222,0.525009,0.230957,-0.194809,4
23123746877449,0.836548,0.227386,-0.136063,4
23123765828865,-8.668579,-2.337982,0.945190,1
23123776784675,0.920929,0.256592,-0.054886,4
23123797078865,-8.759033,-2.188812,1.038025,1
23123826375740,-8.889954,-2.284821,1.088806,1
23123836599129,0.802719,0.434967,0.034836,4
23123855672615,-9.078796,-2.596649,1.025330,1
23123866506355,0.993912,0.518280,0.060471,4
23123886922615,-9.144653,-2.660919,1.118164,1
23123896383064,1.334290,0.553528,0.077209,4
23123916219490,-9.226379,-2.465729,1.374451,1
23123926290291,1.593475,0.561356,0.071152,4
23123945516365,-9.412842,-2.278473,1.450623,1
23123956167000,1.663971,0.486938,0.028076,4
23123976766365,-9.411255,-2.026154,1.352234,1
23123986104744,1.530106,0.391525,-0.047409,4
23124006063240,-9.622314,-1.856354,1.238770,1
23124016011970,1.235306,0.349518,-0.126801,4
23124035360115,-10.034912,-2.033295,1.165771,1
23124045919197,0.983582,0.293976,-0.194458,4
23124064656990,-10.252319,-2.317352,0.959473,1
23124075826424,0.916290,0.263000,-0.249283,4
23124095906990,-10.257874,-2.432404,0.693665,1
23124105703132,0.999603,0.263000,-0.314789,4
23124125203865,-10.681580,-2.295135,0.457214,1
23124154500740,-11.125122,-2.254669,0.366760,1
23124165548103,1.307938,0.271896,-0.375671,4
23124185750740,-10.375305,-2.076141,0.284241,1
23124195424812,1.372025,0.266907,-0.382080,4
23124215047615,-10.006348,-2.016632,0.050964,1
23124225332039,1.356354,0.232376,-0.393478,4
23124244344490,-9.205750,-1.961090,-0.070435,1
23124255208748,1.294403,0.209229,-0.365707,4
23124275608038,-9.087524,-2.026947,-0.294983,1
23124285160040,1.166946,0.251251,-0.274918,4
23124304904913,-9.009766,-2.060272,-0.559998,1
23124365451788,-8.740784,-2.227692,-1.082886,1
23124374851202,0.751801,0.197845,-0.039215,4
23124394748663,-9.010559,-2.264191,-1.374878,1
23124404758429,0.610107,0.194992,-0.019989,4
23124424045538,-9.247803,-2.350677,-1.681152,1
23124434665655,0.489044,0.172211,0.009918,4
23124455295538,-9.442993,-2.464142,-2.041382,1
23124464572882,0.421051,0.139450,0.040176,4
23124484592413,-9.545349,-2.566498,-2.247681,1
23124513889288,-9.375549,-2.668060,-2.074707,1
23124524448370,0.435638,0.154404,0.028778,4
23124543186163,-9.227966,-2.779144,-1.739075,1
23124664279913,-9.632629,-2.810883,-1.179688,1
23124584201788,0.806992,0.357697,0.059402,4
23124614109014,1.013489,0.397217,0.130966,4
23124643985723,1.128143,0.453827,0.218903,4
23124673892950,1.207886,0.480530,0.310410,4
23124703800177,1.296539,0.465576,0.382324,4
23124693576788,-9.684204,-2.961639,-0.920227,1
23124754123663,-9.531067,-3.310760,-0.173584,1
23124763614630,1.765091,0.470917,0.370575,4
23124793491339,1.992950,0.396515,0.249176,4
23124812717413,-10.687134,-2.583954,-0.538574,1
23124823429083,1.994385,0.215637,0.052994,4
23124843967413,-11.017212,-1.969818,-0.875793,1
23124853305792,1.663269,-0.016495,-0.160980,4
23124873264288,-10.384827,-1.796051,-0.544922,1
23124883213018,1.129913,-0.258606,-0.331177,4
23124902561163,-9.342224,-2.099945,0.062866,1
23124913120245,0.705872,-0.259308,-0.391693,4
23124931858038,-9.106567,-2.421295,0.201721,1
23124942996954,0.559540,-0.162109,-0.408432,4
23124963108038,-9.260498,-2.543488,-0.042664,1
23124992404913,-9.639771,-2.297516,-0.447327,1
23125021701788,-10.288025,-1.982513,-0.609192,1
23124972904180,0.604050,-0.151077,-0.421600,4
23125002780889,0.707657,-0.159271,-0.441544,4
23125032718634,0.638580,-0.257889,-0.492813,4
23125052951788,-10.312622,-1.858734,-0.375916,1
23125062625860,0.491898,-0.349030,-0.550491,4
23125082248663,-10.328491,-1.796844,-0.066467,1
23125092502569,0.327057,-0.359711,-0.618851,4
23125111545538,-9.796875,-1.761932,0.131104,1
23125122409796,0.220245,-0.410278,-0.692200,4
23125142795538,-9.205750,-1.677826,0.346924,1
23125152317022,0.163986,-0.381439,-0.715332,4
23125172092413,-9.106567,-1.597687,0.239014,1
23125182224249,0.102753,-0.314850,-0.619202,4
23125201389288,-9.172424,-1.652435,0.300110,1
23125212100958,0.069275,-0.273193,-0.371399,4
23125232639288,-9.071655,-1.926178,0.668274,1
23125242008184,0.071060,-0.164963,0.012405,4
23125261936163,-8.677307,-2.311798,1.156250,1
23125271915411,0.168259,-0.016144,0.402618,4
23125301822638,0.409302,0.160461,0.722702,4
23125291233038,-8.042542,-2.537933,1.641846,1
23125351779913,-8.227417,-2.485565,2.265503,1
23125361637091,0.771744,0.494781,1.168106,4
23125391544317,0.685944,0.473770,1.377457,4
23125381076788,-8.895508,-2.640289,2.150452,1
23125410373663,-9.454895,-3.038605,1.994934,1
23125421451544,0.621140,0.370514,1.516663,4
23125441623663,-9.774658,-3.413910,2.179016,1
23125451328253,0.615082,0.272614,1.500641,4
23125470920538,-10.006348,-3.877289,2.459106,1
23125481265997,0.702316,0.241989,1.311234,4
23125500217413,-10.249146,-4.171661,2.562256,1
23125511142706,0.916656,0.249817,0.988312,4
23125560764288,-9.796082,-3.641632,2.348022,1
23125570957159,1.094315,0.067169,0.192917,4
23125590061163,-9.807983,-3.198883,1.953674,1
23125600833868,0.855057,0.050079,-0.103302,4
23125621311163,-9.704834,-3.138580,1.663269,1
23125630771612,0.657455,-0.071320,-0.310883,4
23125650608038,-9.430298,-3.160004,1.583923,1
23125660678839,0.607254,-0.077377,-0.457916,4
23125679904913,-9.445374,-3.085419,1.326843,1
23125690555548,0.710861,-0.059570,-0.595352,4
23125720462774,0.868942,-0.055298,-0.735626,4
23125740451788,-9.287476,-2.615692,0.868225,1
23125750370001,1.039490,-0.033234,-0.854904,4
23125769748663,-9.219238,-2.294342,0.811096,1
23125799045538,-9.173218,-2.068207,0.815857,1
23125780277227,1.111404,-0.000473,-0.936432,4
23125840091680,1.100006,0.154404,-0.902252,4
23125830295538,-9.120056,-2.058685,0.861084,1
23125859592413,-9.207336,-2.045990,0.880920,1
23125869998907,1.140961,0.261215,-0.802567,4
23125888889288,-9.325562,-2.053925,0.781738,1
23125899875616,1.238861,0.357697,-0.690765,4
23125920139288,-9.704834,-1.880951,0.738892,1
23125929782843,1.339630,0.474487,-0.571136,4
23125949436163,-10.330872,-1.748444,0.517517,1
23125959690069,1.406555,0.518982,-0.470734,4
23125978733038,-10.371338,-1.611969,0.453247,1
23125989597296,1.432190,0.425354,-0.435852,4
23126009983038,-9.639771,-1.499298,0.250916,1
23126019504522,1.424011,0.406128,-0.446167,4
23126039279913,-9.202576,-1.327118,-0.076782,1
23126049381231,1.372375,0.416443,-0.466110,4
23126068576788,-9.029602,-1.148590,-0.371155,1
23126099826788,-8.920898,-1.078766,-0.534607,1
23126079318975,1.235657,0.430695,-0.424454,4
23126109195684,1.029160,0.454544,-0.297699,4
23126129123663,-8.712219,-1.171600,-0.674255,1
23126158420538,-8.882813,-1.536591,-0.752808,1
23126139102911,0.779938,0.531448,-0.121826,4
23126169010138,0.613312,0.658554,0.101776,4
23126198886847,0.641434,0.734390,0.323944,4
23126218967413,-9.486633,-2.228485,-0.995605,1
23126228824591,0.803787,0.747559,0.505875,4
23126248264288,-9.797668,-2.336395,-1.131287,1
23126258701300,0.967560,0.757889,0.624786,4
23126277561163,-10.195190,-2.272125,-1.024963,1
23126288608526,0.985367,0.649658,0.647217,4
23126308811163,-10.121399,-2.221344,-0.968628,1
23126318515753,0.815887,0.474487,0.569962,4
23126338108038,-9.871460,-2.145172,-1.067810,1
23126348453497,0.533554,0.329575,0.428619,4
23126367404913,-10.016663,-2.149933,-1.041626,1
23126378299688,0.209915,0.227753,0.283356,4
23126398654913,-10.202332,-2.380035,-0.989258,1
23126497898077,-0.192413,0.026581,-0.040283,4
23126488498663,-9.559631,-2.889435,-0.749634,1
23126517795538,-9.792114,-2.851349,-0.798828,1
23126527805304,-0.056396,0.048309,-0.064850,4
23126547092413,-10.221375,-2.756927,-0.876587,1
23126557712530,0.010529,-0.050674,-0.100464,4
23126636936163,-9.276367,-2.631561,-0.455261,1
23126666233038,-9.434265,-2.572845,-0.414001,1
23126697483038,-9.611206,-2.319733,-0.377502,1
23126647403692,0.005905,-0.090912,-0.302338,4
23126707218145,0.188904,-0.168884,-0.311584,4
23126737125372,0.030472,-0.243652,-0.298416,4
23126756076788,-9.990479,-1.963470,-0.240234,1
23126787326788,-9.745300,-2.080109,-0.131531,1
23126816623663,-9.505676,-2.250702,-0.068054,1
23126767032598,-0.240112,-0.344757,-0.304108,4
23126826847052,-0.559479,-0.374664,-0.320129,4
23126845920538,-9.460449,-2.248322,-0.182312,1
23126877170538,-9.579468,-2.281647,-0.252136,1
23126916538214,-0.298157,-0.261444,-0.163116,4
23135638284573,-4.698914,-9.108551,5.451233,1
23135674051175,-5.518555,-8.442047,4.634766,1
23135713510403,-6.500061,-8.383331,4.775208,1
23135743417630,-6.724609,-8.277008,4.103943,1
23135773324857,-7.023743,-7.554962,3.501709,1
23135803293118,-7.766418,-7.593048,2.580505,1
23135833139310,-8.169495,-8.400787,2.086975,1
23135863046536,-8.030640,-7.843781,2.177429,1
23135892953763,-8.286926,-7.183624,2.980408,1
23135922922025,-8.509094,-6.962250,3.336670,1
23135922922025,1.127426,0.582367,0.807434,4
23135952768216,0.390778,0.599808,0.536133,4
23136012552151,-8.202026,-5.144440,2.887573,1
23135982644925,-0.308121,0.541061,0.379120,4
23136012552151,-0.837906,0.440308,0.297943,4
23136042459378,-8.278992,-4.885773,2.620972,1
23136042459378,-1.189667,0.392944,0.256287,4
23136072366605,-8.371826,-4.693756,2.273438,1
23136132150540,-0.639587,0.361618,0.256287,4
23136162027249,-9.126404,-4.566010,1.281616,1
23136162027249,-0.021866,0.306076,0.297592,4
23136191934476,-9.062134,-4.185150,1.327637,1
23136191934476,0.366211,0.353073,0.343170,4
23136221872220,-9.083557,-4.082794,1.029297,1
23136221872220,0.508636,0.459534,0.395142,4
23136251748929,-9.162903,-4.112946,0.474670,1
23136281656155,0.843307,0.588409,0.536850,4
23136281656155,-9.327942,-4.197845,-0.005371,1
23136341440091,1.592056,0.686676,0.554657,4
23136371347317,-9.198608,-3.453583,0.633362,1
23136371347317,1.836655,0.637909,0.526520,4
23136431161771,-9.288269,-3.167145,1.141174,1
23136401254544,1.729843,0.541779,0.496262,4
23136431161771,1.134186,0.520416,0.453888,4
23136461068997,-9.408875,-3.088593,1.145142,1
23136490945706,-9.560425,-3.549591,0.758728,1
23136550760159,-9.476318,-3.328217,-0.025208,1
23136461068997,0.379028,0.503326,0.380188,4
23136490945706,-0.162506,0.429260,0.302933,4
23136550760159,-0.625351,0.337769,0.128113,4
23136580667386,-9.312866,-3.456757,-0.164063,1
23136580667386,-0.497177,0.303940,0.055130,4
23136730173001,0.106659,0.592331,-0.116119,4
23136760049710,-9.446960,-2.883087,-1.571655,1
23136789956937,-9.272400,-2.640289,-1.980286,1
23136849771390,-9.068481,-2.747406,-2.080261,1
23136849771390,0.132660,0.489441,-0.074112,4
23136879648099,-9.143066,-2.433990,-1.708923,1
23136879648099,0.325272,0.329926,-0.032104,4
23136909555325,-9.221619,-2.026154,-1.053528,1
23136939462552,-9.327942,-2.418915,-0.968628,1
23136939462552,-0.204865,0.019104,0.030212,4
23136969369778,-9.439819,-2.629974,-1.179688,1
23136969369778,-0.490051,0.058990,0.025223,4
23136999246487,-9.585815,-3.035431,-1.551819,1
23136999246487,-0.730026,0.100281,0.009918,4
23137029153714,-0.694778,0.076080,-0.030670,4
23137029153714,-9.651672,-3.321075,-1.650208,1
23137059060941,-9.463623,-3.471832,-1.702576,1
23137088968167,-9.268433,-3.248077,-1.629578,1
23137088968167,-0.150040,-0.041412,-0.091553,4
23137118875394,-9.056580,-3.158417,-1.498657,1
23137178659329,-0.158585,-0.093750,-0.079803,4
23137238473782,-9.227966,-3.384552,-1.664490,1
23137268350491,-9.210510,-3.447235,-1.599426,1
23137298257718,-9.265259,-3.395660,-1.358215,1
23137208566556,-0.252579,-0.089478,-0.077667,4
23137298257718,-0.171402,-0.070969,-0.081589,4
23137387948880,-9.104187,-3.142548,-0.988464,1
23137358072171,-0.101974,-0.090546,-0.072693,4
23137387948880,-0.100555,-0.059570,-0.047409,4
23137417856107,-9.234314,-3.264740,-1.099548,1
23137417856107,-0.143280,-0.048187,-0.047409,4
23137447763333,-9.162109,-3.448822,-1.203491,1
23137447763333,-0.139008,-0.069183,-0.059158,4
23137477640042,-9.097839,-3.450409,-1.263000,1
23137477640042,-0.068512,-0.058151,-0.063431,4
23137507547269,-0.037537,-0.061005,-0.065567,4
23137507547269,-9.099426,-3.422638,-1.164612,1
23137537423978,-0.018661,-0.077377,-0.055237,4
23137567331204,-9.059753,-3.432159,-1.027344,1
23137567331204,-0.017944,-0.036438,-0.050262,4
23137597238431,-9.166870,-3.558319,-1.094788,1
23137597238431,-0.022934,-0.043915,-0.038864,4
23137627176175,-9.031189,-3.420258,-0.999573,1
23137627176175,0.065720,-0.049606,-0.035660,4
23137657022366,-9.139893,-3.336151,-1.067810,1
23137657022366,0.082809,-0.032867,-0.032455,4
23137686899075,0.113068,-0.043915,-0.034943,4
23137746713528,-9.185120,-3.140167,-0.925781,1
23137716836819,0.065369,-0.023972,-0.031738,4
23137746713528,-0.007263,-0.011871,-0.037796,4
23137776620755,-9.087524,-3.075104,-0.878174,1
23137806497464,-9.174011,-3.075104,-0.839294,1
23137836374173,-0.098770,0.001663,-0.014297,4
23137866281400,-9.285095,-3.220306,-0.674255,1
23137955972562,-9.723083,-3.226654,-0.360046,1
23137955972562,0.024780,0.000946,0.184723,4
23137985849271,-9.473938,-3.052887,-0.571899,1
23137985849271,0.166473,0.000244,0.261993,4
23138015756497,-9.323975,-3.092560,-0.732178,1
23138015756497,0.317078,0.073944,0.359894,4
23138045633206,0.599777,0.138031,0.477386,4
23138045633206,-9.112915,-3.012421,-0.695679,1
23138075540433,-9.090698,-2.892609,-0.498108,1
23138075540433,0.840820,0.239136,0.553589,4
23138105417142,-9.179565,-2.805328,-0.431458,1
23138105417142,0.913086,0.248398,0.527237,4
23138135293851,-8.989929,-2.887054,-0.485413,1
23138135293851,0.818390,0.219208,0.445343,4
23138165201077,-9.277161,-3.198883,-0.710754,1
23138165201077,0.615082,0.243057,0.387665,4
23138195108304,-9.450134,-3.549591,-1.091614,1
23138224985013,-9.626282,-3.939178,-1.594666,1
23138254892239,0.480148,-0.017563,0.360611,4
23138254892239,-9.353333,-3.892365,-1.754150,1
23138284768948,-8.692383,-3.774139,-1.597839,1
23138284768948,0.481934,-0.102661,0.268753,4
23138314676175,-8.693970,-3.689240,-1.393921,1
23138344583401,-8.789185,-3.923309,-1.221741,1
23138374460110,-8.966919,-4.005035,-1.316162,1
23138374460110,0.569519,-0.009018,0.165497,4
23138404367337,-9.464417,-3.867767,-1.514526,1
23138404367337,0.659592,-0.027176,0.192917,4
23138434244046,-9.994446,-3.801117,-1.476440,1
23138434244046,0.750031,-0.096954,0.211792,4
23138464151273,0.812683,-0.195938,0.170486,4
23138494058499,-10.134094,-3.406769,-0.918640,1
23138494058499,0.757858,-0.280670,0.031982,4
23138523935208,-10.015869,-3.081451,-0.756775,1
23138523935208,0.641785,-0.350098,-0.148529,4
23138613626370,-10.649048,-2.395111,-1.000366,1
23138613626370,0.064301,-0.480057,-0.378174,4
23138643533597,-10.553833,-2.550629,-0.828979,1
23138643533597,-0.174606,-0.620697,-0.314789,4
23138673410306,-10.010315,-2.668854,-0.144226,1
23138673410306,-0.335892,-0.587936,-0.226501,4
23138703317532,-9.755615,-2.499054,0.289001,1
23138703317532,-0.369354,-0.532745,-0.209045,4
23138733224759,-9.197815,-2.335602,0.396118,1
23138763131985,-8.920105,-2.227692,0.151733,1
23138733224759,-0.397491,-0.596130,-0.258896,4
23138763131985,-0.504303,-0.612152,-0.335083,4
23138793008694,-8.778870,-2.182465,0.107300,1
23138822915921,-0.865677,-0.658783,-0.425873,4
23138852823148,-8.701904,-1.817474,0.358826,1
23138852823148,-1.028748,-0.539520,-0.374252,4
23138882699857,-9.014526,-2.226105,0.265198,1
23138882699857,-0.990646,-0.418106,-0.310883,4
23138912637601,-9.096252,-2.425262,0.341370,1
23138912637601,-0.690506,-0.342987,-0.222931,4
23138942514310,-9.287476,-2.347504,0.648438,1
23138942514310,-0.269669,-0.231537,-0.134277,4
23139002328763,0.359802,-0.256104,-0.014648,4
23139032205472,-8.857422,-1.577057,1.189575,1
23139032205472,0.330612,-0.300613,0.002441,4
23139062143216,-8.716980,-1.403290,1.176086,1
23139062143216,0.022644,-0.312714,0.027008,4
23139092019925,-8.697937,-1.570709,1.349060,1
23139092019925,-0.420273,-0.283875,0.080414,4
23139121927151,-8.816162,-1.773041,1.433960,1
23139121927151,-0.849304,-0.214813,0.145920,4
23139151803860,-8.947876,-2.198334,1.424438,1
23139151803860,-1.185043,-0.148941,0.170837,4
23139181680569,-9.081970,-2.378448,1.410156,1
23139181680569,-1.353088,-0.103012,0.151260,4
23139271402249,-0.779510,-0.129715,0.276230,4
23139301278958,-8.364685,-3.061615,1.522034,1
23139301278958,-0.262192,-0.064911,0.448914,4
23139331186185,-8.400391,-2.823578,1.484741,1
23139331186185,0.120911,0.093872,0.651489,4
23139361093411,-8.701111,-2.690277,1.648987,1
23139361093411,0.155090,0.207458,0.774689,4
23139390970120,-9.112122,-2.713287,1.741028,1
23139390970120,0.018372,0.257660,0.856216,4
23139420877347,-9.417603,-2.838654,1.628357,1
23139510568509,-9.751648,-3.523407,1.405396,1
23139510568509,-0.453384,0.248047,0.563904,4
23139540475735,-9.873047,-3.678131,1.268127,1
23139540475735,-0.316315,0.269760,0.426117,4
23139570382962,-0.157867,0.302155,0.310059,4
23139600259671,-10.692688,-3.878082,1.031677,1
23139630136380,0.139771,0.319611,0.185791,4
23139660074124,0.316376,0.245544,0.072937,4
23139630136380,-11.041809,-4.047089,1.050720,1
23139689950833,-10.119019,-3.964569,1.006287,1
23139689950833,0.494034,0.135895,-0.135345,4
23139719858060,-9.739746,-3.439301,1.219727,1
23139809549222,-9.875427,-2.882294,0.832520,1
23139809549222,0.544235,-0.167450,-0.880188,4
23139839456448,-9.700867,-2.727570,0.570679,1
23139839456448,0.637878,-0.254333,-0.951385,4
23139869333157,-9.457275,-2.662506,0.302490,1
23139869333157,0.784210,-0.321625,-0.955658,4
23139899240384,-9.264465,-2.629181,0.116028,1
23139899240384,0.929474,-0.340851,-0.871277,4
23139929117093,-9.310486,-2.659332,-0.089478,1
23139929117093,1.017410,-0.350464,-0.708923,4
23139959024319,-9.490601,-2.764069,-0.161682,1
23140018808255,-9.078796,-2.638702,-0.405273,1
23140018808255,0.747528,-0.377869,-0.320129,4
23140048715482,-9.039124,-2.677582,-0.541748,1
23140048715482,0.516464,-0.286377,-0.318710,4
23140078622708,-9.112915,-2.789459,-0.560791,1
23140108529935,-9.066101,-2.907684,-0.564758,1
23140078622708,0.325623,-0.208405,-0.313370,4
23140108529935,0.084595,-0.143951,-0.285950,4
23140138406644,-9.066895,-3.129852,-0.552856,1
23140138406644,-0.162140,-0.050674,-0.236816,4
23140168313870,-9.203369,-3.295685,-0.588562,1
23140168313870,-0.310608,0.027298,-0.200150,4
23140198190579,-9.197021,-3.490875,-0.606812,1
23140198190579,-0.389297,0.065750,-0.189117,4
23140228097806,-9.045471,-3.663055,-0.264832,1
23140228097806,-0.404251,0.130905,-0.177002,4
23140258005032,-8.933594,-3.960602,0.409607,1
23140287881741,-8.857422,-4.155792,0.579407,1
23140258005032,-0.268600,0.191071,-0.126099,4
23140317788968,-9.047852,-3.967743,0.592896,1
23140317788968,0.301773,0.204254,0.030212,4
23140347696194,-9.179565,-3.718597,0.693665,1
23140377572903,-9.291443,-3.579742,0.658752,1
23140407510648,0.418198,-0.059570,0.202881,4
23140437387357,-9.381104,-3.378204,1.319702,1
23140437387357,0.547089,-0.155350,0.286560,4
23140467264066,0.156860,-0.151428,0.309692,4
23140497171292,-0.360809,-0.094818,0.346375,4
23140467264066,-9.793701,-2.601410,1.464111,1
23140497171292,-10.675232,-2.606964,0.730957,1
23140527078519,-11.363159,-2.780731,0.694458,1
23140527078519,-0.798386,-0.115479,0.367371,4
23140586862454,-8.789185,-3.221100,1.433960,1
23140556985745,-0.927979,-0.261093,0.338531,4
23140586862454,-0.714722,-0.236176,0.281921,4
23140646646390,-0.148972,-0.104080,0.188995,4
23140676553616,-8.849487,-2.680756,1.636292,1
23140676553616,0.032608,-0.127579,0.224960,4
23140706460843,0.067505,-0.240799,0.249527,4
23140736368069,-9.340637,-2.051544,1.563293,1
23140736368069,-0.094147,-0.257538,0.223541,4
23140766244778,-9.529480,-2.014252,1.680725,1
23140766244778,-0.379684,-0.170654,0.182587,4
23140796152005,-9.318420,-2.220551,1.937012,1
23140796152005,-0.526016,-0.112274,0.149124,4
23140855966458,-0.296371,-0.084503,0.173691,4
23140915719876,-8.400391,-2.380829,2.003662,1
23140945627103,-8.719360,-2.541901,1.979858,1
23140885843167,-0.279282,0.021606,0.272308,4
23140945627103,-0.345154,0.110962,0.533997,4
23140975503812,-8.924866,-2.613312,1.748169,1
23140975503812,-0.524597,0.184662,0.566040,4
23141035318265,-8.803467,-2.961639,1.408569,1
23141005411038,-0.591522,0.190002,0.581711,4
23141035318265,-0.566254,0.202469,0.541473,4
23141065225491,-8.902649,-3.244904,1.599792,1
23141065225491,-0.437363,0.255157,0.495911,4
23141095102200,-0.290314,0.333496,0.489136,4
23141125009427,-9.216064,-3.614655,2.094116,1
23141125009427,0.061447,0.332779,0.478104,4
23141154916653,-9.273193,-3.296478,2.208374,1
23141154916653,0.277557,0.422150,0.459229,4
23141184793362,-10.190430,-3.774139,1.977478,1
23141184793362,0.440277,0.507950,0.378418,4
23141214700589,-10.501465,-4.045502,2.145691,1
23141214700589,0.490829,0.362335,0.223892,4
23141244607816,0.548157,0.233093,0.027008,4
23141274545560,-10.504639,-3.400421,2.105225,1
23141334298978,-11.347290,-5.025421,1.420471,1
23141334298978,0.684875,0.202820,-0.490677,4
23141364175687,-10.233276,-5.127777,0.804749,1
23141394082913,-8.793152,-4.420807,0.644470,1
23141423959622,2.955322,-0.209824,-0.958862,4
23141453866849,-9.930176,-2.253876,1.140381,1
23141453866849,2.777664,-0.440887,-1.089890,4
23141483774075,-10.109497,-2.067413,0.838867,1
23141483774075,2.063095,-0.491806,-1.120148,4
23141513650784,-10.388794,-2.332428,0.507996,1
23141513650784,1.332153,-0.444809,-1.054993,4
23141543558011,-10.180908,-2.638702,0.305664,1
23141543558011,0.972198,-0.496078,-0.927887,4
23141573434720,-9.767517,-2.645844,0.411194,1
23141573434720,0.830139,-0.564789,-0.833542,4
23141603341946,-9.289063,-2.563324,0.300903,1
23141603341946,0.471603,-0.552338,-0.835327,4
23141633249173,-8.943909,-2.826752,-0.207703,1
23141633249173,0.171814,-0.495728,-0.874130,4
23141663156400,-8.762207,-2.213409,0.338989,1
23141663156400,-0.071350,-0.477203,-0.917923,4
23141693033109,-8.431335,-2.887848,0.195374,1
23141722940335,-8.680481,-3.770172,0.440552,1
23141722940335,-0.496826,-0.206268,-0.802917,4
23141752847562,-8.501953,-3.655914,1.126892,1
23141752847562,-0.069931,-0.182770,-0.538742,4
23141782724271,-7.764832,-3.552765,1.122925,1
23141782724271,0.066437,-0.048187,-0.275269,4
23141812631497,0.276489,0.125565,-0.024628,4
23141812631497,-7.808472,-3.640839,1.310974,1
23141842538724,-8.051270,-3.375824,1.585510,1
23141872415433,-8.363892,-3.390900,1.791016,1
23141872415433,0.371552,0.202820,0.407959,4
23141902322659,-8.633667,-3.713043,1.875122,1
23141992013821,-9.824646,-3.406769,2.106812,1
23141962106595,0.474808,0.281860,0.949860,4
23141992013821,0.602982,0.282578,1.096542,4
23142021890530,-11.089417,-2.901337,2.640015,1
23142021890530,0.680954,0.333496,1.132507,4
23142051828275,-12.100281,-2.750580,2.348022,1
23142051828275,0.252991,0.313202,1.091919,4
23142081704984,-11.773376,-2.587128,2.357544,1
23142081704984,-0.584045,0.223480,0.952698,4
23142111612210,-9.853210,-2.902924,2.247253,1
23142111612210,-1.120956,0.047943,0.734100,4
23142141519437,-1.042267,-0.116547,0.512634,4
23142171396146,-7.533936,-2.935455,2.497986,1
23142171396146,-0.819397,-0.072037,0.364532,4
23142261087308,-9.223999,-2.455414,2.032227,1
23142261087308,-0.406387,-0.003677,0.302216,4
23142290994534,-9.354919,-2.723602,2.212341,1
23142290994534,-0.663803,-0.085571,0.211426,4
23142320901761,-8.657471,-2.696625,2.366272,1
23142320901761,-0.815475,-0.188461,0.086823,4
23142350808987,-8.081421,-2.689484,2.122681,1
23142350808987,-0.968216,-0.131500,-0.121460,4
23142440500150,-7.610901,-2.311005,1.642639,1
23142470376859,-8.724915,-2.871185,2.690796,1
23142500284085,-0.444122,0.217422,0.317535,4
23142500284085,-8.889954,-2.852142,3.269226,1
23142530191312,-8.978821,-2.724396,2.893127,1
23142530191312,-0.387878,0.330994,0.348862,4
23142560098538,-9.078796,-2.583954,3.166077,1
23142560098538,-0.396774,0.313553,0.276230,4
23142589975247,-9.322388,-2.360199,2.763794,1
23142619882474,-0.322006,0.233795,0.107117,4
23142649789700,-9.487427,-2.836273,2.438477,1
23142649789700,0.066788,0.161163,0.120636,4
23142739480862,-10.251526,-2.691071,2.395630,1
23142739480862,-0.135086,0.319611,0.221756,4
23142769357571,-12.236755,-3.240936,1.962402,1
23142799264798,-12.493042,-4.262909,1.905273,1
23142769357571,-0.371140,0.466293,0.304718,4
23142799264798,-0.273941,0.201050,0.347443,4
23142829172025,-9.952393,-4.471588,1.590271,1
23142829172025,0.202087,-0.268219,0.130249,4
23142859048734,0.673828,-0.276047,-0.274200,4
23142888955960,-9.838928,-2.620453,0.285828,1
23142888955960,0.898849,-0.231186,-0.655518,4
23142918832669,-10.329285,-2.791840,0.217590,1
23142948739896,0.683441,-0.544861,-0.890152,4
23143008523831,-9.009766,-2.702179,0.473877,1
23143038431058,-8.550354,-2.291962,0.354858,1
23142978647122,0.694489,-0.579742,-0.865234,4
23143038431058,0.426743,-0.316986,-0.757706,4
23143068307767,-9.045471,-2.970367,0.293762,1
23143068307767,0.531418,-0.330872,-0.703949,4
23143098276028,-8.524963,-2.587128,0.589722,1
23143098276028,0.690216,-0.420959,-0.741684,4
23143128122220,0.780289,-0.232971,-0.567230,4
23143157998929,-8.649536,-2.842621,0.284241,1
23143157998929,0.229492,-0.017563,-0.519516,4
23143247690091,-8.637634,-2.575226,1.149109,1
23143247690091,0.303192,-0.073456,0.019531,4
23143277597317,-9.203369,-2.710907,1.490295,1
23143277597317,0.249786,-0.053528,0.131317,4
23143307504544,-9.655640,-2.721222,1.431580,1
23143337381253,-9.784180,-2.658539,1.446655,1
23143397195706,-0.054626,-0.001541,0.423630,4
23143397195706,-10.256287,-1.723053,2.784424,1
23143427072415,-11.575012,-1.769073,2.316284,1
23143427072415,-0.720764,0.114166,0.477386,4
23143456979642,-11.676575,-1.747650,1.926697,1
23143456979642,-1.406860,0.048309,0.525101,4
23143516763577,-2.198685,-0.464752,0.194336,4
23143546670804,-7.357788,-3.524994,2.959778,1
23143546670804,-2.058044,-0.316986,0.097504,4
23143576547513,-8.217896,-3.397247,2.487671,1
23143576547513,-1.046906,-0.225845,0.173340,4
23143606454739,-8.973267,-3.098114,2.297241,1
23143606454739,-0.376129,-0.158554,0.271606,4
23143636361966,-9.249390,-2.689484,2.488464,1
23143636361966,-0.327698,-0.125443,0.375214,4
23143666238675,-8.944702,-2.917206,2.477356,1
23143666238675,-0.543823,-0.086639,0.433960,4
23143696145901,-8.716980,-3.134613,2.259949,1
23143696145901,-0.637100,-0.017563,0.400848,4
23143726053128,-8.583679,-3.213959,2.156799,1
23143726053128,-0.485779,0.015549,0.338181,4
23143755929837,-8.671753,-3.032257,2.282959,1
23143755929837,-0.251511,0.019821,0.289047,4
23143785837064,-8.411499,-2.907684,2.701904,1
23143815713773,-8.302795,-2.921967,3.025635,1
23143785837064,-0.179947,0.042252,0.232788,4
23143815713773,-0.124405,0.098511,0.197189,4
23143845590482,-8.499573,-2.748199,3.196228,1
23143845590482,0.004837,0.136246,0.204666,4
23143875497708,-8.724915,-2.645844,3.112915,1
23143875497708,-0.001221,0.136246,0.226028,4
23143905404935,-8.740784,-2.471283,2.972473,1
23143935312161,-8.875671,-2.745819,2.960571,1
23143935312161,-0.305267,0.144440,0.324295,4
23143965188870,-8.451965,-2.952118,2.878845,1
23143965188870,-0.264328,0.151550,0.400482,4
23143995096097,-8.459106,-3.140167,2.720947,1
23143995096097,-0.096283,0.232376,0.480957,4
23144025003323,-8.842346,-3.373444,2.634460,1
23144025003323,0.057892,0.317474,0.546814,4
23144054880032,-9.169250,-3.597198,2.653503,1
23144084787259,-9.289856,-3.772552,2.507507,1
23144084787259,0.208130,0.350937,0.573517,4
23144114663968,-10.379272,-3.829681,2.255188,1
23144114663968,0.096344,0.454895,0.471695,4
23144144571194,-12.283569,-4.934174,2.263123,1
23144144571194,0.088501,0.483383,0.373779,4
23144174447903,-11.982056,-5.589569,2.170288,1
23144174447903,0.529999,0.257294,0.177246,4
23144204355130,-10.528442,-4.425568,2.143311,1
23144204355130,0.789551,-0.016144,-0.279190,4
23144234262357,-9.573914,-3.713043,2.130615,1
23144234262357,0.537109,-0.182404,-0.869858,4
23144383699703,-9.957153,-2.329254,0.753967,1
23144323915767,1.021332,-0.346893,-1.361191,4
23144473390865,-8.905029,-2.611725,0.657166,1
23144443514156,0.571289,-0.366837,-1.198120,4
23144473390865,0.196030,-0.330872,-1.165726,4
23144533205318,-8.943115,-3.386932,1.503784,1
23144503298091,-0.060669,-0.333374,-1.113388,4
23144533205318,-0.608261,-0.325180,-1.168213,4
23144563082027,-8.719360,-3.866974,1.130066,1
23144563082027,-0.765625,-0.127579,-1.056778,4
23144592958736,-8.616211,-4.320831,1.693420,1
23144682680416,-7.403015,-3.641632,1.963196,1
23144682680416,0.011597,0.003448,-0.188049,4
23144712557125,-7.502197,-3.508331,2.130615,1
23144712557125,-0.007629,0.030151,0.126343,4
23144742494869,-7.721985,-3.498016,2.251221,1
23144742494869,-0.087021,0.038696,0.443207,4
23144802278804,-8.815369,-3.818573,2.042542,1
23144832155513,-9.872253,-3.837616,2.180603,1
23144862062740,0.312454,-0.030380,1.601761,4
23144891969966,-12.178040,-3.315521,2.313904,1
23144921907710,-10.871216,-3.318695,2.811401,1
23144921907710,-0.546661,-0.035370,1.540161,4
23144951753902,-8.998657,-3.338531,2.956604,1
23144951753902,-0.842896,-0.073822,1.216171,4
23144981661128,-7.682312,-3.581329,2.785217,1
23144981661128,-0.799103,-0.157135,0.886841,4
23145011537837,-8.382935,-3.553558,2.526550,1
23145011537837,-0.623932,-0.156418,0.701691,4
23145041475582,-9.207336,-3.256012,2.290894,1
23145041475582,-0.535980,-0.229401,0.614822,4
23145071352291,-9.448547,-3.012421,1.996521,1
23145071352291,-0.709732,-0.248993,0.529022,4
23145190950679,-7.880676,-3.485321,1.741028,1
23145190950679,-0.438431,-0.058502,0.283707,4
23145220827388,-7.920349,-3.286957,1.917969,1
23145220827388,-0.194183,0.004150,0.288696,4
23145280641841,-8.493225,-3.179047,2.240112,1
23145250734615,-0.141144,0.068237,0.306488,4
23145280641841,-0.197388,0.139450,0.306854,4
23145310518550,-0.276428,0.193573,0.260559,4
23145340425777,-8.827271,-3.547211,2.581299,1
23145340425777,-0.274292,0.224548,0.177246,4
23145370302486,-8.594788,-3.470245,2.747925,1
23145370302486,-0.163208,0.263000,0.087891,4
23145400179195,0.023712,0.313904,0.039108,4
23145430086421,-8.683655,-3.361542,3.277161,1
23145430086421,0.255493,0.366241,0.060471,4
23145459963130,0.430664,0.368378,0.108887,4
23145459963130,-8.843140,-3.259186,3.321594,1
23145489870357,0.418915,0.360199,0.140228,4
23145519777583,-9.173218,-3.087006,3.427124,1
23145519777583,0.249084,0.330643,0.132751,4
23145549684810,-9.237488,-3.336945,3.250183,1
23145549684810,0.042938,0.330643,0.087524,4
23145579592037,-9.839722,-3.541656,2.918518,1
23145639375972,0.044006,0.335632,0.104980,4
23145669283199,-11.448059,-4.241486,1.955261,1
23145669283199,0.276138,0.204605,-0.105804,4
23145699159908,-9.635803,-3.686066,1.743408,1
23145699159908,0.586609,0.007004,-0.508118,4
23145818758296,-9.290649,-2.600616,0.675415,1
23145788851070,0.934814,-0.195587,-1.156830,4
23145818758296,0.950119,-0.258957,-1.113739,4
23145848665523,-9.327148,-2.556976,0.601624,1
23145848665523,0.913803,-0.253616,-0.974533,4
23145938356685,-9.519165,-2.430817,0.550842,1
23145938356685,0.555984,-0.216583,-0.539459,4
23145968233394,-9.481873,-2.520477,0.241394,1
23145968233394,0.322784,-0.211243,-0.565094,4
23145998140621,-9.048645,-2.386383,0.169983,1
23145998140621,0.069275,-0.137543,-0.597137,4
23146028047847,-8.847107,-2.601410,0.217590,1
23146028047847,-0.021149,-0.010086,-0.590729,4
23146057924556,-8.559082,-2.728363,0.550049,1
23146087831783,-8.225830,-2.729950,1.129272,1
23146087831783,0.380814,0.225967,-0.279541,4
23146117739009,-7.870361,-2.613312,1.634705,1
23146117739009,0.318146,0.313904,-0.065918,4
23146147646236,-7.924316,-2.789459,1.680725,1
23146147646236,0.055389,0.381561,0.153748,4
23146177522945,-8.340881,-2.900543,1.761658,1
23146177522945,-0.148621,0.366608,0.401917,4
23146207430171,-8.614624,-3.255219,1.519653,1
23146207430171,-0.315247,0.277237,0.639389,4
23146237337398,-9.061340,-3.383759,1.474426,1
23146237337398,-0.330200,0.217773,0.847672,4
23146267244625,-9.782593,-3.357574,1.470459,1
23146267244625,-0.364380,0.184311,0.987595,4
23146297121333,-10.382446,-3.578156,1.495056,1
23146327028560,-10.653809,-3.678131,1.857666,1
23146386843013,-12.678711,-2.819611,1.533936,1
23146297121333,-0.317734,0.123428,1.047058,4
23146327028560,-0.129028,0.015198,1.011810,4
23146386843013,-0.393219,-0.127579,0.750824,4
23146416719722,-12.495422,-3.040192,1.902100,1
23146416719722,-1.056519,-0.246140,0.551804,4
23146446626949,-9.701660,-3.304413,1.969543,1
23146446626949,-1.274765,-0.351532,0.330353,4
23146476534175,-7.774353,-3.405182,1.956055,1
23146476534175,-1.043335,-0.341553,0.129181,4
23146566225337,-9.079590,-2.514130,1.794983,1
23146506410884,-0.596161,-0.280319,0.030212,4
23146566225337,0.013031,-0.316284,0.010986,4
23146596132564,-9.424744,-2.111847,1.468872,1
23146596132564,-0.272156,-0.372894,-0.058807,4
23146626009273,-9.317627,-2.258636,1.463318,1
23146655916500,-8.681274,-2.583160,1.467285,1
23146655916500,-0.950058,-0.242935,-0.223648,4
23146685823726,-8.146484,-2.772797,1.283997,1
23146685823726,-0.722549,-0.124725,-0.251068,4
23146745699214,-7.846558,-2.463348,1.656921,1
23146745699214,0.048630,0.015900,-0.091202,4
23146775514888,-8.036987,-2.391144,1.918762,1
23146775514888,0.161133,0.128769,0.062607,4
23146805391597,-8.563843,-2.324493,1.988586,1
23146835298824,-8.921692,-2.625214,2.080627,1
23146805391597,0.202087,0.202820,0.226379,4
23146835298824,0.248718,0.148346,0.338531,4
23146865206050,-8.971680,-2.645844,2.803467,1
23146895082759,-8.870911,-2.383209,3.272400,1
23146924989986,-8.904236,-2.420502,3.464417,1
23146954866695,-8.934387,-2.615692,3.450134,1
23146954866695,0.056458,0.304657,0.287979,4
23146984773921,-8.971680,-2.718842,3.088318,1
23146984773921,0.052551,0.321030,0.311127,4
23147014681148,-9.124023,-2.817230,2.958191,1
23147014681148,0.109161,0.284714,0.350647,4
23147044588375,-9.283508,-2.860870,2.955017,1
23147044588375,0.083878,0.240570,0.378418,4
23147074495601,-9.232727,-2.975128,2.793152,1
23147074495601,-0.031128,0.208160,0.354202,4
23147104372310,-9.225586,-3.166351,2.585266,1
23147104372310,-0.167480,0.213501,0.280502,4
23147134279537,-0.305267,0.311066,0.235641,4
23147164186763,-12.010620,-3.987579,2.018738,1
23147164186763,-0.303848,0.358414,0.293671,4
23147223970699,0.552063,0.081421,0.015961,4
23147253877925,-9.180359,-3.571014,1.593445,1
23147253877925,0.961151,-0.070969,-0.502777,4
23147283785152,-9.251770,-3.434540,1.441895,1
23147283785152,0.948700,-0.167099,-0.945343,4
23147343569087,-9.811951,-2.810883,0.908691,1
23147313692378,1.017410,-0.216583,-1.130127,4
23147343569087,1.088257,-0.248627,-1.130478,4
23147433290767,0.585541,-0.313431,-0.801498,4
23147463197994,0.383301,-0.255035,-0.749161,4
23147493105220,-9.005798,-2.547455,0.381836,1
23147493105220,0.292160,-0.198074,-0.691483,4
23147523012447,-8.855042,-2.599030,0.450867,1
23147523012447,0.264740,-0.129715,-0.623474,4
23147552889156,-8.801086,-2.641876,0.489746,1
23147552889156,0.367645,-0.071320,-0.524506,4
23147582796382,0.433151,-0.012573,-0.410919,4
23147612703609,-8.869324,-2.510162,0.984863,1
23147612703609,0.493683,0.038330,-0.284882,4
23147642610835,-8.800293,-2.427643,1.180847,1
23147642610835,0.542816,0.035492,-0.166687,4
23147672518062,0.548508,-0.001892,-0.083008,4
23147702394771,-9.048645,-2.306244,1.629944,1
23147702394771,0.473389,-0.095184,-0.018921,4
23147732301998,-9.239868,-2.510956,1.883850,1
23147732301998,0.326340,-0.156418,0.071869,4
23147762209224,0.130524,-0.150726,0.199326,4
23147792116451,-9.573120,-2.445099,2.465454,1
