Inicio: 31-12-1969-20:59:59:999
Fim: 09-01-2019-11:33:21:917
3504617874370,-9.232727,-1.731781,2.199646,1
3504653427349,-9.254944,-1.646088,2.173462,1
3504694931255,-9.327942,-1.601654,2.234558,1
3504723495708,-9.418396,-1.650055,2.264709,1
3504813583599,-9.130371,-1.696869,2.424988,1
3504843612896,-9.222412,-1.685760,2.546387,1
3504873642193,-9.300964,-1.695282,2.595581,1
3504903915630,-9.368408,-1.764313,2.620178,1
3504963974224,-9.364441,-1.846832,2.756653,1
3504973892437,-0.098358,0.046326,0.159424,4
3504994003521,-9.231140,-1.860321,2.831238,1
3505003952251,-0.120438,0.034576,0.164764,4
3505024032818,-9.231140,-1.913483,2.752686,1
3505033981548,-0.123993,0.024612,0.175797,4
3505114120708,-9.195435,-1.934906,2.767761,1
3505124099956,-0.220123,-0.025589,0.202866,4
3505144150005,-9.284302,-2.015045,2.787598,1
3505154159771,-0.241837,-0.038055,0.196457,4
3505174179302,-9.302551,-2.021393,2.750305,1
3505184189068,-0.249313,-0.051941,0.186844,4
3505204208599,-9.257324,-1.980133,2.793152,1
3505214248882,-0.271744,-0.065109,0.166183,4
3505324325786,-9.210510,-1.684967,2.736816,1
3505334427105,-0.352570,-0.092178,0.132004,4
3505354355083,-9.229553,-1.700836,2.788391,1
3505364456402,-0.399567,-0.081848,0.128448,4
3505384384380,-9.320801,-1.647675,2.861389,1
3505394577251,-0.375717,-0.078293,0.130936,4
3505414657818,-9.297791,-1.465179,2.838379,1
3505444442974,-9.235107,-1.434235,2.793152,1
3505424545513,-0.402771,-0.082199,0.137344,4
3505454605327,-0.439438,-0.057281,0.149811,4
3505484634624,-0.374649,-0.032364,0.177933,4
3505504745708,-9.316833,-1.421539,2.786011,1
3505514694439,-0.288834,-0.007797,0.217819,4
3505534775005,-9.314453,-1.408844,2.887573,1
3505604812847,-0.182739,0.003601,0.301834,4
3505624862896,-9.336670,-0.966888,2.723328,1
3505634872661,-0.303436,0.009293,0.316788,4
3505654892193,-9.364441,-1.085907,2.669373,1
3505664901958,-0.339035,0.028885,0.342789,4
3505684921489,-9.326355,-1.092255,2.686829,1
3505694961773,-0.341537,0.073029,0.380524,4
3505724991069,-0.344025,0.091537,0.400467,4
3505744980083,-8.427368,-1.158112,2.409912,1
3505755050884,-0.366104,0.151001,0.383728,4
3505775009380,-8.166321,-1.335846,2.394836,1
3505785110698,-0.358627,0.241074,0.352753,4
3505805038677,-8.044128,-1.523895,2.361511,1
3505815139995,-0.248245,0.329025,0.326050,4
3505835067974,-7.426819,-1.587372,2.485291,1
3505865341411,-6.126343,-1.677032,2.754272,1
3505875229107,0.135910,0.332581,0.191818,4
3505895126568,-4.604492,-1.614349,3.093872,1
3505925400005,-3.698364,-1.546112,2.744751,1
3505905288921,0.310730,0.273483,0.070770,4
3505935318218,0.325684,0.317978,-0.064880,4
3505955429302,-4.411682,-1.800812,2.157593,1
3505965378032,0.288651,0.529114,-0.135376,4
3506045517193,-9.343018,-2.825165,3.607239,1
3506085556255,1.535858,0.510239,0.000626,4
3506075546489,-8.962952,-1.912689,3.690552,1
3506105575786,-9.938904,-1.459625,3.162903,1
3506135605083,-17.678085,-1.915863,2.714600,1
3506165634380,-19.443130,-0.735199,1.307800,1
3506145645366,3.840851,0.757339,-0.290604,4
3506175674663,3.992523,-0.139526,-0.255722,4
3506195663677,-19.443130,1.200836,0.373901,1
3506225692974,-19.443130,0.845367,0.115234,1
3506235763775,0.644333,-0.799622,-0.320511,4
3506255722271,-19.443130,-0.972443,-0.460815,1
3506265793071,-0.291336,-0.851608,-0.209427,4
3506315780864,-18.180344,0.297882,-0.518738,1
3506355941997,-0.664459,-1.639877,-0.197678,4
3506345810161,-10.123779,0.689056,-0.482239,1
3506376083599,-0.870483,2.052216,-1.146362,1
3506385971294,-1.271149,-1.616379,-0.387802,4
3506405868755,3.422119,0.887421,0.189026,1
3506416031109,-1.840103,-0.865494,-0.631332,4
3506436142193,0.441895,-0.974823,-0.096619,1
3506476089702,-1.422104,-0.673584,-0.463638,4
3506465927349,-0.908569,-1.399323,-0.919434,1
3506506149517,-0.940384,-0.527969,-0.319092,4
3506526230083,0.401428,-1.645294,0.572266,1
3506626327739,-0.208374,-0.456406,-0.095856,4
3506646347271,2.554077,-1.207306,0.498474,1
3506656357036,0.102798,-0.508743,-0.169907,4
3506676376568,4.392517,0.439911,-0.466370,1
3506686416851,-0.131821,-0.536148,-0.115433,4
3506706405864,4.880493,0.847748,1.632324,1
3506716446148,-0.712173,0.137466,0.034454,4
3506736435161,-1.005371,-1.542145,4.080139,1
3506746475444,-1.050049,0.740601,0.012024,4
3506766464458,-8.390869,-4.211334,5.585327,1
3506776504741,-0.604996,0.800766,-0.007553,4
3506866653667,-1.769958,0.207260,0.673538,4
3506886581646,-19.443130,-6.205292,6.499390,1
3506896713482,-2.020248,0.799347,1.011780,4
3506946884380,-19.443130,-3.259186,4.931519,1
3506976913677,-16.296875,-2.914032,3.719116,1
3506986862407,0.717331,0.208328,0.433212,4
3507006942974,-11.568665,-1.938873,4.479248,1
3507016891704,1.044174,0.126785,0.451019,4
3507036972271,-7.161011,-1.553253,4.556213,1
3507076950298,-0.175613,-0.100006,0.124893,4
3507067001568,-3.159607,-1.704803,3.626282,1
3507167068706,1.404831,-0.095016,-0.738861,4
3507187118755,-1.574280,-2.126923,1.151489,1
3507197128521,1.743073,-0.254166,-0.856003,4
3507217148052,-2.279663,-1.791290,0.770630,1
3507227249370,1.521622,-0.182251,-0.862411,4
3507247177349,-4.381531,-1.561981,0.746826,1
3507257217632,1.192993,0.210815,-0.589325,4
3507277206646,-8.459900,-1.383453,1.344299,1
3507287277446,0.788528,0.696091,0.114563,4
3507307235943,-14.058533,-1.577850,3.117676,1
3507317306743,0.293991,0.845276,1.026733,4
3507337265239,-18.094055,-1.957123,3.767517,1
3507397323833,-13.045288,-1.197784,2.626526,1
3507407425152,-2.792145,0.327591,0.460632,4
3507427353130,-8.237732,-1.389801,5.383789,1
3507437484966,-2.205750,0.138901,-0.474686,4
3507457626568,-5.816101,-3.547211,4.352295,1
3507467514263,-0.500320,0.060562,-1.068192,4
3507487411724,-6.624634,-4.365265,2.825684,1
3507497543560,1.338608,-0.133469,-1.218445,4
3507527603374,2.260040,-0.498764,-0.969574,4
3507547714458,-5.938293,-1.333466,1.032471,1
3507557663189,2.201294,-0.490219,-0.642380,4
