Inicio: 08-05-2017-16:29:43:257
Fim: 08-05-2017-16:29:47:347
9550566117174,9.18024,-3.49881,1.44824,1
9550684281236,9.22943,-3.54166,1.41412,1
9550743851549,9.20801,-3.52023,1.46729,1
9550768845445,9.15881,-3.4877,1.47363,1
9550834275133,9.19769,-3.5242,1.45538,1
9550841507799,-0.0428772,0.0120544,-0.0379486,4
9550864273912,9.19055,-3.55673,1.48077,1
9550871781236,-0.0471497,0.0109863,-0.0365143,4
9550931351549,-0.0261536,0.00634766,-0.0386505,4
9550954209215,9.16516,-3.61465,1.5379,1
9551014145738,9.16913,-3.64719,1.51886,1
9551021195299,-0.0371857,0.0152588,-0.0258331,4
9551044114000,9.15247,-3.65512,1.51013,1
9551051468736,-0.0332642,0.0223694,-0.0126648,4
9551141312486,0.00767517,-0.00930786,0.01297,4
9551164017565,9.13104,-3.60196,1.61566,1
9551171585924,0.0254822,-0.0157166,0.0104828,4
9551194016344,9.15405,-3.57022,1.65533,1
9551223984606,9.12866,-3.56149,1.66962,1
9551231156236,0.0308228,-0.0118103,0.0104828,4
9551261429674,0.0439911,-0.00468445,0.00584412,4
9551283921129,9.18817,-3.5369,1.68945,1
9551291703111,0.0486145,0.00527954,0.00656128,4
9551313889391,9.21436,-3.50516,1.69421,1
9551343857652,9.25006,-3.48532,1.64978,1
9551351273424,0.00946045,0.0334167,0.004776,4
9551381546861,0.00839233,0.0458679,0.00869751,4
9551403824693,9.17548,-3.42581,1.58154,1
9551433792955,9.19769,-3.42899,1.51093,1
9551441117174,-0.0186768,0.055481,0.00621033,4
9551493729479,9.14532,-3.42343,1.45697,1
9551501664049,-0.0578308,0.046936,-0.00233459,4
9551523697740,9.112,-3.40359,1.36096,1
9551526535875,-0.0631714,0.0344849,-0.0162201,4
9551561234361,-0.0546265,0.0198822,-0.0315399,4
9551583634264,9.1239,-3.41391,1.39032,1
9551591507799,-0.0542755,-0.00219727,-0.0443573,4
9551613602525,9.16278,-3.40836,1.45221,1
9551620804674,-0.0592651,-0.0167847,-0.0575256,4
9551681351549,-0.078125,-0.0328064,-0.0817413,4
9551703537828,9.31036,-3.37265,1.54028,1
9551771195299,-0.058197,-0.00396729,-0.0838776,4
9551793442613,9.56586,-2.66251,1.47363,1
9551823410875,9.31989,-2.45145,1.39587,1
9551830765611,-0.275375,0.0772095,-0.112,4
9551883347399,9.28815,-2.47525,1.12689,1
9551890335924,-0.419922,0.0565491,-0.23056,4
9551913315660,9.29846,-2.48398,1.03326,1
9551920609361,-0.41423,0.0280762,-0.31459,4
9551943283922,9.32068,-2.61014,0.943604,1
9551950882799,-0.429901,-0.0175018,-0.402176,4
9551973252184,9.5119,-2.78232,0.907898,1
9551981156236,-0.435593,-0.0698395,-0.470169,4
9552003220445,9.83087,-2.86246,0.975342,1
9552010453111,-0.394653,-0.121109,-0.504715,4
9552033158190,9.77692,-2.75455,0.8349,1
9552040726549,-0.300659,-0.196594,-0.512894,4
9552063156969,9.71423,-2.55301,1.14832,1
9552070999986,-0.135101,-0.296631,-0.534256,4
9552093125231,9.5849,-2.24515,1.09833,1
9552100296861,0.0261841,-0.342926,-0.577698,4
9552123093492,9.73328,-2.18167,1.11975,1
9552130570299,0.0176392,-0.334015,-0.638229,4
9552153061754,9.66663,-2.08011,1.24908,1
9552160843736,-0.113739,-0.250351,-0.675247,4
9552182999498,9.51508,-2.04678,1.32208,1
9552190140611,-0.299225,-0.180923,-0.684509,4
9552212998277,9.51508,-2.30704,1.18799,1
9552220414049,-0.49292,-0.147095,-0.68985,4
9552250687486,-0.547028,-0.115417,-0.685928,4
9552272934801,9.7547,-2.71408,1.065,1
9552279984361,-0.444138,-0.111145,-0.660294,4
9552310257799,-0.367233,-0.0762482,-0.611526,4
9552332932359,9.54443,-2.91245,0.991211,1
9552340531236,-0.293884,-0.0922699,-0.553482,4
9552362870104,9.33179,-2.98306,1.24591,1
9552370804674,-0.158234,-0.117554,-0.508621,4
9552392838365,9.00964,-3.21317,1.44745,1
9552400101549,-0.0112,-0.157425,-0.471603,4
9552422806627,8.80573,-3.53769,1.55933,1
9552452774889,8.60895,-4.11771,1.40936,1
9552460648424,0.471588,-0.242523,-0.344849,4
9552482743150,8.87396,-4.51205,1.78229,1
9552520218736,1.21713,-0.34613,-0.133362,4
9552542679674,10.1609,-5.26663,2.95581,1
9552550492174,1.11993,-0.200867,0.0848846,4
9552572678453,10.3403,-5.51498,2.48291,1
9552579789049,0.807693,0.0864563,0.434875,4
9552602646715,10.2617,-5.83554,1.72992,1
9552610062486,0.184265,0.274094,0.863541,4
9552632614977,11.1091,-6.76468,1.92194,1
9552662583238,12.7548,-7.93027,1.05231,1
9552669632799,-1.23347,0.496262,1.93736,4
9552692551500,10.1165,-8.15085,-0.722656,1
9552699906236,-0.976776,1.3974,-0.438843,4
9552722519762,10.6259,-3.47421,-7.34167,1
9552730179674,1.6718,-0.739197,-1.27446,4
9552752488024,8.30267,-1.99124,-8.22162,1
9552759476549,-0.955048,0.908905,0.569809,4
9552782425768,15.9191,4.52383,-4.91925,1
9552789749986,3.03613,-1.01833,1.94341,4
9552820023424,-2.03491,-0.0335236,0.980682,4
9552842392809,7.73615,-6.87418,-0.53302,1
9552850296861,-3.48506,-0.775864,1.17329,4
9552872361070,7.51239,-4.89053,0.093811,1
9552879593736,-1.05688,-0.61351,0.45517,4
9552902329332,7.68219,-5.18411,0.039856,1
9552909867174,0.736847,-0.339355,0.418137,4
9552932297594,8.65021,-3.62973,-1.3844,1
9552940140611,1.88577,-0.146393,0.527802,4
9552962296373,9.13025,-2.60776,-1.67719,1
9552999710924,3.10414,0.136307,0.294235,4
9553022232897,11.0385,0.114594,3.17401,1
9553029984361,1.57175,0.646149,0.513565,4
9553052201158,11.2155,-0.303558,1.42523,1
9553059281236,-0.522461,0.818481,0.753174,4
9553082169420,11.0798,-1.47153,0.216003,1
9553089554674,-1.06436,0.94986,0.764572,4
9553112137682,9.85071,-1.40408,1.17926,1
9553119828111,-1.27655,1.08231,0.664169,4
9553149124986,-1.77039,0.918167,0.582626,4
9553172074205,11.2996,-2.12772,0.893616,1
9553179398424,-1.56958,0.874374,0.215561,4
9553202072984,10.2625,-2.62601,1.09198,1
9553209671861,-1.14127,0.951279,-0.0454254,4
9553232010729,8.60895,-2.28482,1.07214,1
9553239945299,-1.11278,0.833069,-0.236618,4
9553262009508,7.91626,-3.09732,1.06342,1
9553291947252,7.91309,-3.98679,1.30145,1
9553299515611,-0.575867,0.270172,-0.742905,4
9553321915514,7.60205,-4.07962,1.70453,1
9553351883775,7.52509,-4.49301,2.11237,1
9553359085924,0.195312,-0.250351,-1.45961,4
9553381852037,7.99402,-4.93973,2.29645,1
9553389359361,0.435638,-0.464325,-1.65828,4
9553411850816,8.77557,-5.42056,2.28772,1
9553419632799,0.749664,-0.556549,-1.72878,4
9553441819078,9.30402,-5.66177,2.22662,1
9553448929674,1.15732,-0.565796,-1.58138,4
9553471787340,9.76501,-5.5015,1.98065,1
9553479203111,1.45569,-0.50705,-1.23245,4
9553501755602,9.65234,-5.09207,2.01001,1
9553509476549,1.51193,-0.411636,-0.737564,4
9553531723863,9.8761,-4.70963,1.94257,1
9553591660387,9.50714,-3.75351,2.16553,1
9553599320299,0.663147,-0.0402832,0.493271,4
9553621628649,9.3056,-3.35043,1.98303,1
9553628617174,0.517166,-0.0609436,0.600082,4
9553651596910,9.24213,-3.39328,1.83466,1
9553658890611,0.543518,-0.0673523,0.642807,4
9553681534654,8.99457,-3.1124,1.63708,1
9553689164049,0.845795,-0.111145,0.599716,4
9553711533434,9.78326,-2.70932,1.45776,1
9553771469957,10.3331,-1.55484,0.49292,1
9553779007799,1.06119,-0.0520325,0.624283,4
9553891312486,9.57379,-0.861359,0.0890503,1
9553899124986,0.20314,0.00421143,0.406754,4
9554011185533,9.22308,-1.93253,0.906311,1
9554018265611,0.234467,-0.0121613,-0.0575256,4
9554131058580,9.69916,-2.66489,0.863464,1
9554138382799,-0.160736,0.0465851,-0.0269012,4
9554250962145,9.55475,-2.69821,1.17371,1
9554258499986,-0.190643,0.1185,0.0660248,4
9554370804674,9.51984,-2.74344,1.36096,1
9554378617174,-0.104828,0.0960693,0.0289917,4
9554490677721,9.34607,-2.74661,1.35541,1
9554497757799,-0.172836,0.0800476,0.00762939,4
9554610550768,9.29846,-2.98227,1.33954,1
9554617874986,-0.179962,0.0490723,-0.024765,4
9554730393297,9.25403,-3.1124,1.31732,1
9554737992174,-0.124771,-0.038147,-0.0475616,4
9554850266344,9.34607,-3.17587,1.50458,1
9554858109361,0.0543213,-0.0830078,-0.0144501,4
9554970139391,9.42145,-2.93228,1.35779,1
9554977249986,0.0390015,-0.0324554,0.0539093,4
9555090012438,9.42542,-2.75613,1.26019,1
9555097367174,0.070694,-0.036377,-0.0062561,4
9555209854967,9.43811,-2.90134,1.14355,1
9555307328111,0.0557404,-0.018219,0.0161743,4
9555329728014,9.46429,-2.87198,1.12134,1
