Inicio: 31-12-1969-20:59:59:999
Fim: 19-12-2018-17:24:33:616
23584745488580,-0.840393,-0.108704,1.545868,4
23584724828180,-9.807983,-3.586884,2.652710,1
23584775395807,-0.611465,0.227753,1.364639,4
23584785375055,-6.856323,-3.197296,3.109741,1
23584814671930,-9.017700,-3.357574,2.794739,1
23584845921930,-10.641907,-3.669403,2.103638,1
23584805303033,-0.119781,0.662827,1.246429,4
23584835210260,0.111649,0.612274,1.177002,4
23584875218805,-10.821228,-3.444061,1.960815,1
23584895085748,-0.576935,-0.095886,1.043137,4
23584904515680,-9.505676,-3.198883,2.467041,1
23584924931940,-1.186829,-0.250412,0.860489,4
23584935765680,-8.482910,-3.481354,2.825684,1
23584954839166,-1.418961,-0.151794,0.683182,4
23584984715875,-1.445313,-0.088058,0.554657,4
23584994359430,-8.246460,-4.220062,2.976440,1
23585014623102,-1.376236,-0.103729,0.481659,4
23585023656305,-8.087769,-4.696136,2.676514,1
23585044530328,-1.073959,-0.038574,0.447479,4
23585054906305,-8.334534,-4.907196,2.292480,1
23585074437555,-0.639236,-0.000473,0.419006,4
23585113500055,-8.603516,-4.742157,2.424988,1
23585104344781,-0.283905,0.000595,0.348511,4
23585134221490,-0.105530,0.062897,0.229584,4
23585144750055,-8.902649,-4.648529,2.620972,1
23585164128717,-0.058899,0.112030,0.100708,4
23585174046930,-9.009766,-4.588226,2.721741,1
23585194035944,-0.063522,0.138382,-0.012878,4
23585203343805,-9.047058,-4.643768,2.788391,1
23585223943170,-0.000504,0.212082,-0.119690,4
23585234593805,-9.409668,-4.627899,2.698730,1
23585253850397,0.034393,0.236649,-0.209763,4
23585263890680,-10.063477,-4.792938,2.173462,1
23585283757623,0.165054,0.386902,-0.254974,4
23585293187555,-11.530579,-5.411041,2.028259,1
23585313664850,0.541031,0.237717,-0.268509,4
23585324437555,-10.574463,-5.623688,1.671997,1
23585343572076,1.177277,0.103134,-0.395966,4
23585353734430,-8.166321,-5.215057,1.628357,1
23585373479303,2.050278,0.311066,-0.678314,4
23585383031305,-7.701355,-4.208160,1.299072,1
23585403386530,2.345795,0.572037,-0.905823,4
23585414281305,-9.098633,-3.646393,0.692871,1
23585433293756,1.704208,0.476624,-0.915436,4
23585443578180,-9.586609,-3.662262,0.836487,1
23585463200983,0.544586,0.337051,-0.874130,4
23585472875055,-9.667542,-4.960358,0.412781,1
23585493108209,-0.015808,0.301453,-0.840302,4
23585533421930,-9.294617,-5.335663,-1.283630,1
23585552922662,0.327057,0.135895,-1.092377,4
23585562718805,-8.882813,-5.063507,-1.474854,1
23585582829889,0.625061,0.270828,-1.242279,4
23585592015680,-9.128784,-4.815948,-1.356628,1
23585612737115,0.899918,0.280441,-1.296387,4
23585652562555,-8.736816,-4.421600,-1.007507,1
23585642644342,1.039490,0.281860,-1.270752,4
23585672551569,0.984650,0.279373,-1.154694,4
23585681859430,-8.536865,-4.535858,-0.808350,1
23585702458795,0.795959,0.244125,-0.997314,4
23585713109430,-8.041748,-4.553314,-0.525879,1
23585732366022,0.614731,0.221344,-0.821793,4
23585742406305,-7.796570,-4.712006,-0.033936,1
23585762273248,0.500092,0.205322,-0.666199,4
23585771703180,-8.071899,-5.159515,0.530212,1
23585792180475,0.157227,0.086761,-0.507767,4
23585802953180,-8.530518,-5.910919,0.357239,1
23585822057184,0.108444,-0.039276,-0.351822,4
23585832250055,-8.752686,-5.591156,0.231873,1
23585851964410,0.136215,-0.068481,-0.302689,4
23585861546930,-9.095459,-5.452301,0.661926,1
23585881871637,0.241241,0.073578,-0.331879,4
23585951390680,-8.605896,-4.877838,2.479736,1
23585941686090,0.810913,-0.114761,-0.084442,4
23585971593317,1.042328,-0.126511,-0.114700,4
23585980687555,-6.607178,-3.482147,2.975647,1
23586001500543,1.017410,-0.001892,-0.155289,4
23586011937555,-6.277100,-2.959259,2.939148,1
23586031407770,0.840820,0.045105,-0.026047,4
23586041234430,-7.565674,-3.062408,2.536865,1
23586061314996,0.523590,-0.109421,0.202881,4
23586070531305,-8.590820,-3.060822,2.537659,1
23586091222223,0.042221,-0.330872,0.470276,4
23586121129449,-0.223022,-0.298828,0.569611,4
23586131078180,-8.426575,-3.953461,2.771729,1
23586151006158,-0.347290,-0.310577,0.564972,4
23586191625055,-7.378418,-4.996063,2.584473,1
23586220921930,-6.857910,-5.537201,2.673340,1
23586240727838,-0.230148,-0.057083,0.471695,4
23586250218805,-7.230042,-5.649872,2.772522,1
23586270635065,-0.284622,-0.014008,0.320374,4
23586281468805,-8.305176,-5.476898,2.321045,1
23586300511774,-0.179230,-0.091263,0.006714,4
23586310765680,-10.303894,-5.360260,2.997070,1
23586330419000,-0.473679,-0.540588,-0.534119,4
23586340062555,-7.406982,-6.070404,3.261292,1
23586360356744,-0.197037,-0.637787,-0.207626,4
23586400609430,-7.037231,-5.484833,5.048950,1
23586420140680,0.474091,0.340973,0.098572,4
23586429906305,-7.449829,-4.986542,5.268738,1
23586519750055,-7.786255,-5.578461,2.248047,1
23586450047906,-0.080261,0.202118,0.007065,4
23586479955133,-0.240479,0.311768,-0.032104,4
23586509862360,-0.153961,0.431763,0.026291,4
23586539769586,-0.091644,0.537857,0.451401,4
23586549046930,-8.807434,-5.619720,1.716431,1
23586569646295,-0.143631,0.849030,0.318237,4
23586580296930,-11.560730,-6.767059,0.857117,1
23586599584039,0.190338,0.005585,0.135590,4
23586609593805,-7.606934,-5.503876,1.218933,1
23586638890680,-7.180847,-5.416595,1.384766,1
23586670140680,-8.198853,-5.319794,1.178467,1
23586759984430,-13.054810,-5.196014,1.339539,1
23586789281305,-4.368042,-4.004242,2.148865,1
23586629460748,0.505066,0.154404,-0.023193,4
23586659367975,0.599426,0.397934,-0.051682,4
23586689275201,0.388641,0.172211,-0.042419,4
23586778966364,0.750381,-1.006287,-0.995178,4
23586808904108,0.621857,-0.502838,0.005646,4
23586818578180,-6.158081,-4.904816,3.150208,1
23586847875055,-7.856873,-4.105804,4.723633,1
23586879125055,-6.926147,-5.040497,3.848450,1
23586968968805,-7.821167,-4.652496,1.829102,1
23587117406305,-8.540833,-4.551727,1.519653,1
23587148656305,-8.884399,-4.505707,1.049927,1
23587207250055,-11.021973,-4.136749,0.559570,1
23587236546930,-11.789246,-4.471588,0.439758,1
23587267796930,-10.120605,-4.170868,1.030090,1
23587297093805,-7.701355,-3.674164,1.374451,1
23586868688043,-0.179947,0.506165,0.194702,4
23586898564752,-0.978180,0.553528,0.212143,4
23586928471979,-1.069687,0.052216,-0.064499,4
23587078008112,-0.392502,-0.421661,0.253082,4
23587107915338,-0.375412,-0.402435,0.302582,4
23587137822565,-0.453735,-0.392471,0.343872,4
23587167729791,-0.350128,-0.303101,0.428619,4
23587197637018,-0.211273,-0.167816,0.570313,4
23587227544244,-0.226944,-0.102661,0.749405,4
23587257451471,-0.336960,-0.315918,0.976196,4
23587287358697,-0.638519,-0.471512,1.064148,4
23587317265924,-0.962158,-0.249344,1.015015,4
23587406987604,-0.658813,0.025162,1.130722,4
23587436894830,-0.604340,0.037628,1.141403,4
23587466802057,-0.653473,-0.009735,1.070557,4
23587496709283,-0.799103,-0.010437,0.915314,4
23587526585992,-0.899506,0.030853,0.735870,4
23587586400446,-0.350494,0.201752,0.380554,4
23587616277155,-0.311325,0.201050,0.220337,4
23587646184381,-0.397125,0.120575,0.121704,4
23587825597223,0.845795,0.327438,0.120636,4
23587855504449,0.540680,0.302155,-0.103668,4
23587885411676,0.248718,0.396515,-0.305893,4
23587915318903,0.214188,0.241638,-0.428726,4
23587945226129,0.320648,-0.079514,-0.512756,4
23587975102838,0.605118,-0.239014,-0.698959,4
23588005040582,0.952255,-0.105865,-0.909729,4
23588034947809,1.052307,-0.156067,-1.050369,4
23588124638971,0.747528,-0.230469,-0.883026,4
23588154546197,0.743256,-0.266785,-0.745605,4
23588304051813,0.395767,0.036911,-0.323334,4
23588333959039,0.353043,0.020172,-0.206558,4
23588363835748,0.351974,-0.020050,-0.120041,4
23588393742975,0.342712,-0.016846,-0.063782,4
23588423619684,0.209198,-0.001541,-0.007889,4
23588453557428,0.044708,-0.049606,0.071503,4
23588513341364,-0.126892,-0.117966,0.210724,4
23588543309625,-0.239410,0.028015,0.310760,4
23588603032526,-0.812271,-0.221573,0.666809,4
23588632939752,-1.130569,-0.438751,0.592392,4
23588662816461,-1.071472,-0.182404,0.403687,4
23588692723688,-0.693710,0.217422,0.301147,4
23588722600397,-0.322006,0.232025,0.317886,4
23588752507623,-0.180298,0.073578,0.371292,4
23588782414850,-0.323792,-0.052460,0.367020,4
23588812322076,-0.642090,-0.090912,0.289398,4
23588842229303,-0.810852,-0.065277,0.216064,4
23588872106012,-0.732162,0.003082,0.154114,4
23588902013239,-0.539185,0.024445,0.120636,4
23588931920465,-0.337311,0.082489,0.136307,4
23588961827692,-0.240479,0.150482,0.201462,4
23588991734918,-0.171051,0.153687,0.303284,4
23589051518854,-0.006912,0.245911,0.452118,4
23589081426080,0.109863,0.298248,0.506226,4
23589171117242,0.337738,0.252319,0.256287,4
23589201024469,0.248016,0.230591,0.023438,4
23589260838922,0.328827,0.167572,-0.146027,4
23589290746149,0.465912,-0.145020,-0.256042,4
23589320653375,0.636810,-0.030380,-0.522369,4
23589350560602,0.761063,0.052216,-0.763763,4
23589380437311,0.727600,-0.062775,-0.842804,4
23589410344537,0.635376,-0.171371,-0.799713,4
23589440251764,0.513977,-0.350464,-0.752716,4
23589500066217,0.258331,-0.414551,-0.882324,4
23589529942926,0.253708,-0.353668,-0.942139,4
23589559850153,0.217743,-0.342270,-0.930023,4
23587326390680,-7.457764,-3.586884,0.968201,1
23587357640680,-8.111572,-3.910614,0.725403,1
23587447484430,-9.377136,-4.239899,1.151489,1
23587476781305,-9.260498,-4.142303,1.612488,1
23587566625055,-9.046265,-4.001862,1.612488,1
23587627171930,-9.235107,-4.009796,2.333740,1
23587656468805,-8.793152,-4.213715,2.416260,1
23587685765680,-8.340088,-3.897919,2.589233,1
23587715062555,-8.088562,-3.503571,2.840759,1
23587746312555,-8.329773,-3.658295,2.827271,1
23587775609430,-9.085938,-3.969330,2.879639,1
23587955296930,-10.152344,-4.965118,1.669617,1
23587984593805,-8.596375,-4.231964,1.334778,1
23588074437555,-8.819336,-3.228241,0.835693,1
23588103734430,-9.273193,-3.344086,0.485779,1
23588164281305,-9.091492,-3.509125,0.115234,1
23588193578180,-8.820129,-3.390900,0.126343,1
23588283421930,-8.728882,-3.320282,0.484192,1
23588314671930,-8.960571,-3.630524,0.591309,1
23588343968805,-8.929626,-3.631317,0.815857,1
23588373265680,-8.715393,-3.471832,1.005493,1
23588523656305,-9.481079,-3.106049,1.733887,1
23588552953180,-10.976746,-3.249664,1.468079,1
23588582250055,-12.028870,-3.504364,1.522827,1
23588613500055,-9.828613,-3.500397,2.336914,1
23588672093805,-6.462769,-3.181427,2.098877,1
23588703343805,-7.950500,-3.553558,1.980652,1
23588761937555,-9.131958,-3.505157,1.855286,1
23588793187555,-9.040710,-3.196503,2.098877,1
23588941625055,-8.382935,-3.521820,2.267883,1
23589002171930,-8.544006,-3.673370,2.774109,1
23589031468805,-8.146484,-3.723358,2.912170,1
23589092015680,-8.947876,-4.131195,2.864563,1
23589121312555,-9.477112,-4.308929,2.632080,1
23589150609430,-10.093628,-4.355743,2.476563,1
23589181859430,-9.994446,-4.247833,2.404358,1
23589211156305,-10.261841,-4.255768,1.980652,1
23589240453180,-11.673401,-4.754852,2.120300,1
23589390843805,-9.616760,-3.536102,0.866638,1
23589420140680,-10.315002,-3.766998,0.872986,1
23589449437555,-10.203918,-3.830475,0.925354,1
23589480687555,-9.612793,-3.549591,1.083252,1
23589509984430,-9.314453,-3.069550,0.968994,1
23589539281305,-8.892334,-2.931488,0.733337,1
23589570531305,-8.429749,-3.042572,0.592896,1
23589599828180,-8.409912,-2.929108,0.507996,1
23589629125055,-8.420227,-2.846588,0.676208,1
23589689671930,-7.885437,-3.063995,1.039612,1
23589808812555,-9.446960,-3.338531,1.453003,1
23589838109430,-10.253906,-3.359955,1.507751,1
23589869359430,-11.470276,-3.588470,1.198303,1
23589959203180,-6.869812,-3.835236,2.505920,1
23589988500055,-7.307007,-3.877289,2.250427,1
23590017796930,-9.009766,-3.962189,2.118713,1
23590049046930,-9.493774,-3.609100,1.883850,1
23590078343805,-9.589783,-3.330597,2.073486,1
23590107640680,-9.085938,-3.192535,2.667786,1
23589589757379,0.236618,-0.275696,-0.820007,4
23589619634088,0.246948,-0.241867,-0.605316,4
23589679479059,0.073196,-0.231903,-0.037445,4
23589709355768,-0.009399,-0.075241,0.229950,4
23589769170221,-0.117279,-0.024689,0.662888,4
23589799077447,-0.183502,-0.064560,0.762222,4
23589828984674,-0.315948,-0.008301,0.826309,4
23589858891901,-0.593658,0.076431,0.897873,4
23590038304742,-0.215912,0.104202,0.171204,4
23590068211969,-0.331970,-0.038925,0.099274,4
23590098119196,-0.563400,-0.153931,0.029495,4
23590128026422,-0.749969,-0.184540,-0.047058,4
23590217717584,-0.246521,0.044037,0.056198,4
23590247624811,-0.110519,0.094589,0.188995,4
23590138890680,-8.316284,-3.348053,2.870911,1
23590168187555,-8.033813,-3.504364,2.542419,1
23590197484430,-8.193298,-3.556732,2.473389,1
23590226781305,-8.205994,-3.504364,2.760620,1
23590258031305,-8.406738,-3.548004,2.878052,1
23590277532037,-0.024353,0.125916,0.302216,4
23590316625055,-8.256775,-3.547211,2.989929,1
23590337315973,0.143692,0.159027,0.324646,4
23590347875055,-8.281372,-3.647980,2.927246,1
23590377171930,-8.811401,-3.775726,2.926453,1
23590367284235,0.244095,0.239853,0.322159,4
23590397130426,0.285400,0.198547,0.342453,4
23590427007135,0.282547,0.174347,0.348862,4
23590437718805,-8.986755,-4.085175,2.826477,1
23590456914362,0.306763,0.218491,0.317886,4
23590467015680,-9.478699,-4.227203,2.763000,1
23590486821588,0.303558,0.177551,0.246674,4
23590496312555,-9.581848,-4.393829,2.606689,1
23590516698297,0.272934,0.266556,0.140228,4
23590527562555,-10.745850,-4.731049,2.231384,1
23590546605524,0.377609,0.304291,0.037323,4
23590556859430,-11.657532,-5.107147,2.190125,1
23590576512750,0.575211,0.060410,-0.076965,4
23590636296686,0.871429,-0.013290,-0.672607,4
23590646703180,-8.204407,-3.553558,1.685486,1
23590666173395,0.875702,0.027298,-0.896561,4
23590676000055,-9.031189,-3.330597,1.360168,1
23590696111139,0.786346,-0.076660,-0.951385,4
23590705296930,-9.838135,-3.352814,1.202271,1
23590726018365,0.701965,-0.111557,-0.893005,4
23590736546930,-10.856140,-3.520233,1.097534,1
23590755895074,0.642502,-0.263229,-0.818237,4
23590765843805,-10.875977,-3.480560,0.808716,1
23590785802301,0.654251,-0.419174,-0.825348,4
23590815709528,0.659592,-0.359711,-0.905823,4
23590826390680,-9.386658,-2.741852,0.853943,1
23590845616754,0.661011,-0.304886,-0.962784,4
23590855687555,-8.694763,-2.557770,0.951538,1
23590875523981,0.600128,-0.248993,-0.927887,4
23590884984430,-8.065552,-2.503815,1.042786,1
23590905400690,0.479080,-0.148224,-0.755569,4
23590916234430,-7.909241,-2.576813,1.068970,1
23590935338434,0.381882,-0.099457,-0.468246,4
23590945531305,-7.835449,-2.675201,1.075317,1
23590965215143,0.265808,-0.081299,-0.118256,4
23590974828180,-7.945740,-2.672821,1.093567,1
23590995122369,0.052551,-0.068115,0.210007,4
23591125218805,-9.988892,-2.906891,1.498230,1
23591054936822,-0.432739,-0.081650,0.645081,4
23591084844049,-0.509995,-0.185257,0.793915,4
23591114720758,-0.562683,-0.287079,0.865112,4
23591144627985,-0.824020,-0.322693,0.837708,4
23591154515680,-10.438782,-2.960052,1.622009,1
23591183812555,-11.932068,-3.001312,1.524414,1
23591215062555,-12.065369,-3.480560,1.707703,1
23591174535211,-1.122742,-0.257172,0.872238,4
23591204442438,-1.600189,-0.328735,0.943802,4
23591264226373,-2.252808,-0.776993,0.699203,4
23591273656305,-7.129272,-3.137787,2.426575,1
23591294133600,-1.970459,-0.472931,0.431458,4
23591324040826,-1.517944,-0.167450,0.294739,4
23591334203180,-9.016113,-2.789459,2.503540,1
23591353948053,-1.415405,-0.263947,0.285126,4
23591363500055,-9.719910,-2.828339,1.737061,1
23591394750055,-9.923035,-2.753754,1.514893,1
23591383855280,-1.629730,-0.352951,0.337112,4
23591413731989,-1.858307,-0.507477,0.422913,4
23591424046930,-8.988342,-2.541901,2.270264,1
23591453343805,-8.030640,-2.594269,2.517029,1
23591443639215,-2.028854,-0.544861,0.433960,4
23591473546442,-1.979004,-0.422729,0.415085,4
23591482640680,-7.760071,-2.680756,2.179016,1
23591503453668,-1.778198,-0.310577,0.462082,4
23591513890680,-7.888611,-2.841827,1.920349,1
23591543187555,-7.967957,-3.088593,1.901306,1
23591563237604,-1.571350,-0.208755,0.728394,4
23591572484430,-8.121094,-3.295685,1.906067,1
23591682835992,-1.119537,0.035492,0.913895,4
23591693578180,-9.111328,-4.128815,2.550354,1
23591722875055,-9.444580,-4.123260,2.794739,1
23591752171930,-9.888916,-4.277985,2.670959,1
23591712743219,-1.037994,0.070023,0.831650,4
23591742619928,-1.152649,0.117020,0.692078,4
23591783421930,-10.118225,-4.534271,2.394836,1
23591802434381,-1.364136,0.119873,0.303650,4
23591812718805,-10.892639,-4.633453,2.086182,1
23591842015680,-10.948181,-4.589813,2.229004,1
23591902562555,-8.001282,-3.648773,1.592651,1
23591922032770,-1.089981,-0.094818,-0.640564,4
23591952001031,-1.057938,-0.134338,-0.745956,4
23591931859430,-9.335083,-3.512299,1.196716,1
23591961156305,-10.851379,-3.620209,0.715881,1
23591981908258,-1.081787,-0.292068,-0.776932,4
23591992406305,-11.757507,-3.718597,0.219971,1
23592011784967,-1.098175,-0.545929,-0.846359,4
23592021703180,-11.496460,-3.421051,0.308838,1
23592041692194,-1.081436,-0.708282,-1.021530,4
23592051000055,-10.629211,-2.960052,0.753967,1
23592071599420,-1.066483,-0.725372,-1.210938,4
23592111546930,-9.471558,-2.334015,0.998352,1
23592131383356,-1.193237,-0.697952,-1.223755,4
23592140843805,-8.999451,-2.294342,0.761902,1
23592161290582,-1.300400,-0.749573,-0.979874,4
23592172093805,-8.558289,-2.416534,0.494507,1
23592201390680,-8.373413,-2.622040,0.305664,1
23592221105035,-1.412552,-0.857819,-0.083008,4
23592230687555,-8.361511,-2.863251,0.396118,1
23592250981744,-1.375519,-0.983856,0.410095,4
23592259984430,-8.279785,-2.897369,0.465942,1
23592280888971,-1.367691,-1.092438,0.804596,4
23592291234430,-8.301208,-2.841034,0.501648,1
23592310796197,-1.434265,-1.176819,1.076599,4
23592349828180,-9.865906,-2.632355,0.263611,1
23592370580133,-1.991821,-1.208511,1.466110,4
23592381078180,-10.780762,-2.787872,-0.150574,1
23592400487360,-2.612396,-1.354492,1.583252,4
23592460271295,-3.067062,-1.200317,1.509552,4
23592470921930,-9.279541,-3.792389,0.390564,1
23592490178522,-2.877289,-1.016968,1.384933,4
23592500218805,-8.868530,-4.097870,0.653992,1
23592520055231,-2.368515,-0.796219,1.286667,4
23592529515680,-8.756653,-4.382721,0.643677,1
23592560765680,-9.169250,-4.248627,0.513550,1
23592579900201,-1.471298,-0.438751,1.093689,4
23592590062555,-9.423950,-4.135956,0.602417,1
23592609746393,-1.416107,-0.461548,1.006470,4
23592619359430,-8.911377,-3.976471,1.163391,1
23592639623102,-1.539307,-0.429138,0.871170,4
23592648656305,-8.488464,-3.863800,1.752930,1
23592679906305,-8.496399,-3.730499,1.902893,1
23592699407037,-1.802063,-0.241516,0.514420,4
23592709203180,-8.746338,-3.691620,1.910828,1
23592738500055,-8.855835,-3.848724,1.968750,1
23592759190973,-1.856537,-0.192383,0.344238,4
23592769750055,-8.930420,-3.887604,2.088562,1
23592848912653,-1.663559,-0.100876,0.214279,4
23592859593805,-8.801086,-3.830475,2.767761,1
23592878819879,-1.554962,-0.058151,0.177246,4
23592888890680,-8.972473,-3.840790,2.789978,1
23592918187555,-9.141479,-3.921722,2.767761,1
23592938603815,-1.306091,-0.022552,0.160156,4
23592949437555,-9.231140,-3.989166,2.828064,1
23592968511041,-1.137695,-0.030731,0.133820,4
23592978734430,-9.129578,-3.960602,2.758240,1
23592998387750,-0.966797,-0.011154,0.073288,4
23593008016275,-8.994690,-3.931244,2.728088,1
23593068563150,-9.259705,-3.908234,2.651917,1
23593088063882,-0.435226,0.061829,-0.061646,4
23593097860025,-9.291443,-3.966156,2.594788,1
23593117971109,-0.246170,0.063614,-0.073395,4
23593127156900,-9.318420,-3.991547,2.506714,1
23593158406900,-9.256531,-4.003448,2.420227,1
23593177755044,0.268311,0.064331,-0.201218,4
23593187703775,-9.124023,-3.799530,2.455933,1
23593207662271,0.463058,0.011276,-0.290939,4
23593217000650,-8.965332,-3.351227,2.530518,1
23593237569498,0.322784,-0.100159,-0.374603,4
23593248250650,-8.976440,-3.152069,2.239319,1
23593267476724,-0.062454,-0.184906,-0.420898,4
23593277547525,-9.473145,-3.375824,1.837036,1
23593297353433,-0.460510,-0.260742,-0.436203,4
23593306844400,-9.869873,-3.659882,1.483948,1
23593327260660,-0.847519,-0.314850,-0.432648,4
23593338094400,-9.842102,-4.061371,0.869019,1
23593357137369,-1.041565,-0.334076,-0.414124,4
23593367391275,-9.497742,-4.506500,0.473083,1
23593387044595,-0.900208,-0.349030,-0.431931,4
23593396688150,-8.737610,-4.537445,0.382629,1
23593416951822,-0.642441,-0.265015,-0.475723,4
23593425985025,-8.329773,-4.535858,0.349304,1
23593446828531,-0.324860,-0.146454,-0.514175,4
23593457235025,-8.267090,-4.475555,0.247742,1
23593486531900,-8.264709,-4.420013,0.125549,1
23593506612466,0.257980,0.029785,-0.444748,4
23593515828775,-8.434509,-4.352570,0.003357,1
23593536550210,0.487976,0.093872,-0.332947,4
23593547078775,-8.666992,-4.245453,0.022400,1
23593566457437,0.628616,0.133041,-0.205139,4
23593576375650,-8.875671,-4.162933,0.230286,1
23593596364664,0.717270,0.167221,-0.083725,4
23593666219400,-8.863770,-3.857452,0.700012,1
23593686055826,0.899200,0.216705,0.030212,4
23593695516275,-9.035156,-3.665436,1.011047,1
23593715963052,0.917725,0.245193,0.050858,4
23593726766275,-9.524719,-3.515472,1.284790,1
23593745839761,0.858612,0.181107,0.101410,4
23593756063150,-9.669922,-3.313934,1.612488,1
23593775746988,0.695557,0.099930,0.152328,4
23593785360025,-9.531860,-3.077484,1.787842,1
23593805654214,0.430298,0.051147,0.209290,4
23593814656900,-9.489807,-2.847382,1.857666,1
23593875203775,-10.647461,-3.381378,1.408569,1
23593895375894,-0.219818,0.165436,0.538269,4
23593904500650,-10.319763,-3.609894,1.856079,1
23593925283121,0.087799,0.199265,0.680328,4
23593935750650,-9.769897,-3.063202,3.012146,1
23593955159830,0.210983,0.049728,0.694931,4
23593965047525,-8.540833,-2.855316,2.985962,1
23593985067056,0.082092,-0.178848,0.620514,4
23593994344400,-7.372864,-2.677582,3.393005,1
23594015035318,-0.278564,-0.244003,0.532227,4
23594025594400,-7.355408,-2.355438,3.221619,1
23594044881509,-0.876709,-0.243286,0.399780,4
23594134603189,-1.145874,-0.513519,-0.037445,4
23594144735025,-10.226135,-3.563873,1.898926,1
23594164479898,-0.899857,-0.593277,-0.246796,4
23594174031900,-9.064514,-3.273468,1.879883,1
23594194387125,-0.621078,-0.565155,-0.457214,4
23594205281900,-8.015564,-2.915619,1.728333,1
23594224294351,-0.471542,-0.424164,-0.603180,4
23594234578775,-7.927490,-2.780731,1.552979,1
23594254171060,-0.485077,-0.332657,-0.610306,4
23594263875650,-8.201233,-2.695038,1.538696,1
23594284108804,-0.576935,-0.342621,-0.492096,4
23594293172525,-8.104431,-2.625214,1.688660,1
23594313985513,-0.742493,-0.268219,-0.295563,4
23594324422525,-8.312317,-2.619659,2.069519,1
23594343892740,-0.916946,-0.189178,-0.061646,4
23594353719400,-8.634460,-2.595856,2.287720,1
23594373799966,-1.120956,-0.171021,0.135956,4
23594383016275,-8.225037,-2.929901,2.102051,1
23594403676675,-1.028748,-0.042480,0.306488,4
23594433614419,-0.563751,0.262634,0.472412,4
23594443563150,-8.778076,-3.575775,2.978027,1
23594463491128,-0.060669,0.400421,0.626923,4
23594472860025,-9.112915,-3.642426,3.114502,1
23594523305582,0.531769,0.447784,0.811356,4
23594533406900,-8.958191,-3.559113,3.414429,1
23594553212808,0.544952,0.458466,0.789276,4
23594562703775,-9.007385,-3.561493,3.375549,1
23594593953775,-8.846313,-3.683685,3.304932,1
23594583120035,0.429947,0.382263,0.725555,4
23594613057779,0.240540,0.377640,0.618027,4
23594623250650,-9.294617,-4.064545,2.857422,1
23594642965005,0.212769,0.458099,0.517624,4
23594652547525,-10.759338,-4.808014,2.616211,1
23594713094400,-10.449890,-5.587982,2.512268,1
23594702748941,0.788483,0.076782,0.229584,4
23594732656167,1.057648,-0.131851,-0.129303,4
23594762563394,1.124939,-0.135056,-0.542297,4
23594802938150,-9.098633,-3.539276,1.467285,1
23594822316812,0.720825,-0.306305,-1.015839,4
23594832235025,-9.232727,-3.697174,1.249084,1
23594852254556,0.587311,-0.304535,-1.089890,4
23594861531900,-9.542969,-3.848724,0.881714,1
23594922078775,-9.668335,-4.089935,0.734924,1
23594941976236,0.811264,-0.305237,-0.964569,4
23594951375650,-9.230347,-3.872528,0.728577,1
23594971883462,0.867523,-0.239380,-0.937866,4
23594982625650,-9.088318,-3.592438,0.437378,1
23595001760171,0.836182,-0.138611,-0.919342,4
23595011922525,-9.170044,-3.510712,0.327881,1
23595031667398,0.737915,-0.092682,-0.878052,4
23595041219400,-9.200195,-3.407562,0.392944,1
23595091481851,0.272583,-0.085571,-0.799011,4
23595070516275,-8.927246,-3.259979,0.566711,1
23595151265787,-0.356903,0.056488,-0.711777,4
23595160360025,-8.298828,-3.584503,1.038025,1
23595181173013,-0.385025,0.151199,-0.595352,4
23595191610025,-8.258362,-3.853485,1.170532,1
23595211049722,-0.140427,0.198914,-0.399170,4
23595220906900,-8.224243,-4.041534,1.363342,1
23595240956949,0.207779,0.224548,-0.188400,4
23595250203775,-8.551941,-3.863007,1.660889,1
23595270894693,0.382950,0.253738,0.005997,4
23595281453775,-9.154175,-3.774933,1.732300,1
23595300771402,0.475876,0.191071,0.203598,4
23595310750650,-9.305725,-3.590851,2.105225,1
23595330678628,0.476227,0.138382,0.380188,4
23595340047525,-9.298584,-3.336151,2.562256,1
23595360555337,0.392212,0.141937,0.547180,4
23595371297525,-9.675476,-3.125885,2.702698,1
23595390462564,0.183563,0.199982,0.736588,4
23595400594400,-10.733154,-3.125092,2.399597,1
23595420400308,-0.095215,0.224899,0.959824,4
23595429891275,-11.620239,-3.255219,2.311523,1
23595450246500,-0.240829,0.059692,1.112915,4
23595461141275,-10.851379,-3.354401,2.838379,1
23595480214761,-0.289246,-0.020416,1.099030,4
23595490438150,-9.403320,-3.214752,3.223206,1
23595510060953,-0.277863,-0.147156,0.981903,4
23595519735025,-7.562500,-2.879913,3.142273,1
23595539937662,-0.389297,-0.140045,0.815979,4
23595549031900,-6.719055,-2.814850,2.935974,1
23595569814371,-0.491837,-0.011505,0.730179,4
23595580281900,-7.356201,-2.948944,2.382935,1
23595599691080,-0.505005,-0.064911,0.695282,4
23595609578775,-8.236938,-2.983856,1.782288,1
23595629628824,-0.637100,-0.101227,0.675705,4
23595638875650,-9.506470,-3.254425,1.629944,1
23595659505533,-0.806931,-0.219437,0.637604,4
23595670125650,-9.978577,-3.402008,1.815613,1
23595699422525,-9.484253,-3.565460,1.950500,1
23595719319986,-1.255539,-0.373245,0.311127,4
23595728719400,-8.483704,-3.361542,1.956848,1
23595749196695,-1.186829,-0.256104,0.097137,4
23595759969400,-7.907654,-3.220306,2.008423,1
23595779134439,-1.008087,-0.032867,-0.024628,4
23595789266275,-8.010010,-3.501190,2.043335,1
23595809041666,-0.688370,0.068954,0.015259,4
23595818563150,-8.006042,-3.627350,2.365479,1
23595839009927,-0.397125,0.153687,0.111740,4
23595849813150,-8.290100,-3.573395,2.589233,1
23595868825601,-0.295654,0.175766,0.196838,4
23595879110025,-8.517029,-3.544830,2.650330,1
23595898732828,-0.209137,0.152618,0.236710,4
23595937703775,-8.515442,-3.247284,2.989136,1
23596027547525,-9.064514,-3.594818,3.147827,1
23596048238443,0.120911,0.370163,0.121704,4
23596058797525,-9.455688,-3.658295,3.113708,1
23596078145669,0.197815,0.324585,0.142365,4
23596088094400,-9.328735,-3.663849,3.162903,1
23596108022378,0.219879,0.321381,0.129181,4
23596117391275,-9.374756,-3.715424,3.034363,1
23596167836832,0.338089,0.449203,0.217834,4
23596177938150,-11.925720,-4.778656,3.116882,1
23596197713541,0.517883,0.176117,0.299011,4
23596207235025,-11.103699,-5.342804,3.308105,1
23596227620767,0.746826,-0.170654,0.103912,4
23596238485025,-8.906616,-5.181732,3.092285,1
23596257497476,1.035568,-0.181335,-0.316574,4
23596267781900,-8.482910,-4.116119,2.213135,1
23596287404703,1.296906,-0.090195,-0.706436,4
23596297078775,-9.520752,-3.332184,1.418884,1
23596317311929,1.201843,-0.254684,-0.943909,4
23596377095865,0.620789,-0.559814,-1.113388,4
23596386922525,-10.695862,-3.579742,0.381042,1
23596407003091,0.463058,-0.717178,-1.164658,4
23596416219400,-9.788147,-3.815399,0.338196,1
23596436910318,0.637878,-0.686554,-1.230881,4
23596447469400,-8.887573,-3.366302,0.592896,1
23596466817544,0.743973,-0.519226,-1.261856,4
23596476766275,-8.403564,-3.072723,0.813477,1
23596496694253,0.775665,-0.401733,-1.208801,4
23596506063150,-7.878296,-2.913239,1.049133,1
23596526631998,0.663864,-0.225128,-1.050369,4
23596586415933,0.337372,0.004868,-0.521301,4
23596595906900,-8.117126,-2.956879,0.895996,1
23596616323160,0.287170,0.050079,-0.257828,4
23596627156900,-8.171082,-2.911652,1.144348,1
23596646199869,0.261902,0.125214,-0.057373,4
23596656453775,-8.585266,-2.763275,1.404602,1
23596676137613,0.194611,0.180756,0.104263,4
23596685750650,-9.233521,-2.674408,1.533936,1
23596706014322,0.084229,0.198914,0.254150,4
23596715047525,-9.806396,-2.622833,1.731506,1
23596735921548,-0.095215,0.153336,0.406540,4
23596746297525,-10.047607,-2.511749,2.061584,1
23596765828775,-0.351913,0.061127,0.545746,4
23596775594400,-9.965088,-2.402252,2.247253,1
23596795705484,-0.711868,0.052216,0.710953,4
23596804891275,-10.600647,-2.521271,1.990967,1
23596825612710,-1.106720,0.183594,0.936676,4
23596836141275,-12.036804,-2.976715,1.757690,1
23596855519937,-1.370544,-0.004028,1.159210,4
23596865438150,-11.309204,-3.367096,2.346436,1
23596885427164,-1.449585,-0.303818,1.182709,4
23596894735025,-8.428955,-3.301239,2.993896,1
23596955281900,-7.318909,-3.132233,2.896301,1
23596975118326,-0.443771,0.307495,0.650421,4
23596984578775,-9.176392,-3.198883,2.506714,1
23597005025552,-0.419205,0.126984,0.624435,4
23597015828775,-9.992859,-3.186981,1.945740,1
23597034902261,-0.718277,-0.131500,0.643311,4
23597045125650,-9.811157,-3.171906,1.894165,1
23597064809488,-1.044052,-0.346191,0.601654,4
23597074422525,-8.726501,-3.448029,2.320251,1
23597094686197,-1.195374,-0.303818,0.502670,4
23597134969400,-7.934631,-3.870941,2.828857,1
23597154500650,-0.754242,-0.003326,0.297241,4
23597164266275,-8.152039,-4.076447,2.560669,1
23597184407876,-0.453033,0.050446,0.267334,4
23597193563150,-8.242493,-3.892365,2.626526,1
23597214315103,-0.290680,0.067169,0.220337,4
23597224813150,-8.404358,-3.694000,2.738403,1
23597244222330,-0.293167,0.071808,0.156250,4
23597254110025,-8.338501,-3.558319,2.838379,1
23597274129556,-0.330902,0.070374,0.091446,4
23597314656900,-8.574158,-3.829681,3.081177,1
23597333944009,-0.161072,0.190002,0.034836,4
23597343953775,-8.855835,-3.995514,3.183533,1
23597363851236,0.069641,0.212799,0.038391,4
23597373250650,-8.960571,-4.037567,3.344604,1
23597393727945,0.291809,0.256592,0.020233,4
23597404500650,-9.276367,-3.926483,3.334290,1
23597423665689,0.389709,0.208160,-0.033524,4
23597433797525,-9.223206,-3.754303,3.343811,1
23597453542398,0.328827,0.161163,-0.126801,4
23597463094400,-9.201782,-3.673370,3.021667,1
23597513356851,0.158295,0.270111,-0.219376,4
23597523641275,-11.717041,-4.513641,2.444031,1
23597543264078,0.238403,0.044739,-0.206207,4
23597552938150,-10.691895,-4.781830,2.525757,1
23597573171304,0.505066,-0.210175,-0.345764,4
23597582235025,-8.342468,-4.170074,2.297241,1
23597603078531,0.786346,-0.042480,-0.627045,4
23597613485025,-8.424988,-3.588470,1.902893,1
23597722676919,0.576996,-0.236526,-0.712494,4
23597732625650,-9.749268,-3.460724,1.124512,1
23597752584146,0.463776,-0.315918,-0.617432,4
23597761922525,-9.143066,-3.346466,1.068970,1
23597782460855,0.308899,-0.310577,-0.581818,4
23597793172525,-8.613037,-3.306000,1.087219,1
23597812368082,0.224869,-0.221573,-0.582886,4
23597822469400,-8.477356,-3.269501,1.075317,1
23597842275308,0.236618,-0.185974,-0.571136,4
23597851766275,-8.355957,-3.325043,0.904724,1
23597872182535,0.227005,-0.130066,-0.508118,4
23597883016275,-8.494019,-3.482147,0.715088,1
23597902089761,0.276489,-0.116898,-0.387421,4
23597970906900,-8.342468,-3.358368,1.433960,1
23597991750406,0.052902,-0.022186,0.015259,4
23598002156900,-8.271851,-3.318695,1.531555,1
23598021688150,-0.056046,0.051514,0.094650,4
23598031453775,-8.757446,-3.412323,1.341125,1
23598051564859,-0.051773,0.051865,0.161942,4
23598060750650,-9.105774,-3.428192,1.381592,1
23598092000650,-9.220032,-3.146515,1.897339,1
23598150594400,-10.919617,-3.060028,1.931458,1
23598240438150,-8.216309,-3.365509,2.927246,1
23598111379312,-0.013321,0.010208,0.279434,4
23598141256021,-0.255066,0.005219,0.399414,4
23598171193765,-0.689087,0.118088,0.587402,4
23598201070474,-1.098526,-0.088776,0.758667,4
23598231038736,-1.211395,-0.390686,0.776459,4
23598260945962,-1.114197,-0.312012,0.592743,4
23598290853189,-0.729309,0.053284,0.433960,4
23598320760416,-0.310257,0.216354,0.399414,4
23598350667642,-0.221603,0.109894,0.430038,4
23598380544351,-0.427750,-0.004028,0.476318,4
23598271688150,-6.319946,-3.140961,2.669373,1
23598300985025,-6.995972,-3.313141,2.597961,1
23598361531900,-9.174805,-3.160004,1.696594,1
23598390828775,-9.753235,-3.093353,1.740234,1
23598420125650,-9.101807,-3.263947,2.344055,1
23598449422525,-8.346436,-3.528168,2.457520,1
23598480672525,-8.232971,-3.451996,2.071899,1
23598509969400,-8.302002,-3.480560,1.913208,1
23598539266275,-8.158386,-3.368683,2.032227,1
23598570516275,-8.167114,-3.304413,2.404358,1
23598410482095,-0.769196,-0.177063,0.466354,4
23598470266031,-0.899857,-0.049255,0.267685,4
23598500173257,-0.634964,0.069305,0.196472,4
23598530080484,-0.433807,0.086044,0.190781,4
23598559987710,-0.361877,0.110962,0.245972,4
23598589894937,-0.384308,0.173630,0.350281,4
23598619802164,-0.356537,0.182526,0.468140,4
23598649709390,-0.252930,0.192856,0.534363,4
23598679616617,-0.088089,0.247681,0.554657,4
23598709523843,0.114853,0.253021,0.532928,4
23598739400552,0.276489,0.264771,0.457458,4
23598718953775,-9.038330,-4.196259,3.050232,1
23598750203775,-9.509644,-4.285126,2.989136,1
23598779500650,-10.026978,-4.266876,2.981995,1
23598808797525,-9.857971,-4.212921,3.051819,1
23598838094400,-10.537964,-4.546173,2.540039,1
23598869344400,-11.765442,-5.130157,2.590820,1
23598858998941,-0.106598,0.326019,-0.134995,4
23598888875650,-0.109451,0.150131,-0.194092,4
23598898641275,-11.247314,-5.672882,2.744751,1
23598959188150,-7.850525,-4.466827,1.778320,1
23598988485025,-8.930420,-4.128021,1.231628,1
23599049031900,-10.065063,-4.133575,1.100708,1
23599078328775,-10.757751,-4.058197,0.897583,1
23598948690103,0.588028,-0.172440,-0.645905,4
23598978566812,0.875702,0.026230,-0.946045,4
23599008504556,1.064407,-0.074173,-1.072449,4
23599038411783,1.228180,-0.175995,-1.069946,4
23599217824625,0.468048,-0.374313,-1.256866,4
23599247731851,0.356964,-0.294205,-1.082764,4
23599107625650,-10.340393,-3.618622,0.754761,1
23599138875650,-9.496948,-3.186188,0.598450,1
23599168172525,-9.160522,-2.924347,0.588928,1
23599197469400,-8.663025,-2.842621,0.527039,1
23599258016275,-8.100464,-3.006073,0.488953,1
23599287313150,-7.973511,-3.043365,0.586548,1
23599437703775,-9.484253,-3.033051,1.551392,1
23599467000650,-9.577087,-2.914032,1.957642,1
23599496297525,-10.430054,-2.833893,2.266296,1
23599527547525,-12.253418,-2.904510,1.875916,1
23599307546304,0.324921,-0.126511,-0.494232,4
23599337453531,0.273285,-0.037857,-0.172729,4
23599397267984,0.106308,0.228104,0.435730,4
23599427175210,0.029755,0.255875,0.681046,4
23599457082437,-0.021149,0.233444,0.853012,4
23599487050699,-0.118713,0.275818,1.000061,4
23599666402505,-0.749969,0.352005,0.730179,4
23599696309732,-0.249725,0.239853,0.713806,4
23599726216959,-0.100906,0.130188,0.683533,4
23599756124185,-0.218048,-0.013290,0.580994,4
23599617391275,-7.045166,-3.178253,2.458313,1
23599646688150,-7.499817,-3.485321,2.482910,1
23599736531900,-9.628662,-3.865387,2.128235,1
23599795125650,-8.594788,-3.740814,2.732056,1
23599826375650,-8.390076,-3.732086,2.394043,1
23599884969400,-8.259949,-3.786041,2.019531,1
23599916219400,-8.285339,-3.625763,2.161560,1
23599945516275,-8.577332,-3.594025,2.270264,1
23599974813150,-8.606689,-3.527374,2.497192,1
23599786031412,-0.466202,-0.077026,0.421844,4
23599815938638,-0.603638,-0.026459,0.218903,4
23599845845865,-0.627487,0.012344,0.014191,4
23599875753091,-0.595795,0.004868,-0.128586,4
23600025258707,0.154373,0.307144,0.077209,4
23600055165933,0.309250,0.320679,0.168350,4
23600085042642,0.452728,0.315689,0.183304,4
23600114980386,0.569153,0.292542,0.133820,4
23600144857095,0.578766,0.224899,0.041962,4
23600174764322,0.478363,0.225250,-0.054535,4
23600006063150,-8.759033,-3.555939,2.762207,1
23600064656900,-8.987549,-3.733673,3.087524,1
23600095906900,-9.123230,-3.769379,3.070862,1
23600125203775,-9.350159,-3.739227,3.048645,1
23600183797525,-10.361816,-4.026459,2.525757,1
23600215047525,-11.390930,-4.691376,2.289307,1
23600244344400,-10.683167,-5.029388,2.461487,1
23600273641275,-8.580505,-4.516815,2.097290,1
23600304891275,-8.509888,-3.884430,1.514893,1
23600204671548,0.462708,0.245193,-0.113632,4
23600234578775,0.672058,0.086395,-0.142120,4
23600264455484,1.040192,-0.178848,-0.283463,4
23600294393228,1.343185,-0.060287,-0.553696,4
23600324330972,1.457825,-0.072037,-0.764832,4
23600334188150,-8.929626,-3.632904,1.089600,1
23600354238199,1.373093,-0.159271,-0.826416,4
23600363485025,-9.439819,-3.737640,0.979309,1
23600384084390,1.307220,-0.214447,-0.771240,4
23600394735025,-9.966675,-3.894745,1.132446,1
23600424031900,-10.163452,-3.916168,0.976135,1
23600453328775,-9.927002,-3.700348,0.660339,1
23600413991617,1.122437,-0.326248,-0.721039,4
23600443898843,0.745392,-0.446594,-0.744888,4
23600503682779,0.038300,-0.454422,-0.984146,4
23600513875650,-9.097839,-3.410736,0.709534,1
23600533590005,-0.120483,-0.393539,-1.093094,4
23600563497232,-0.163925,-0.336212,-1.112671,4
23600543172525,-8.666199,-3.436920,0.647644,1
23600574422525,-8.333740,-3.431366,0.592102,1
23600593404459,-0.046432,-0.244354,-1.030426,4
23600603719400,-8.309937,-3.384552,0.619873,1
23600623281167,0.124817,-0.197357,-0.857040,4
23600633016275,-8.066345,-3.270294,0.930908,1
23600653188394,0.240540,-0.168518,-0.619919,4
23600693563150,-7.822754,-2.947357,1.329224,1
23600722860025,-8.371826,-2.906891,1.423645,1
23600742910074,0.042221,0.103485,0.342102,4
23600752156900,-8.848694,-2.999725,1.691833,1
23600772786783,-0.061737,0.102066,0.652206,4
23600783406900,-8.962158,-2.987823,2.006836,1
23600802694009,-0.113007,0.119873,0.882919,4
23600812703775,-9.327942,-2.913239,2.159180,1
23600832601236,-0.250092,0.301086,1.106873,4
23600842000650,-11.310791,-2.987823,1.806885,1
23600862508462,-0.522461,0.340973,1.312653,4
23600892385171,-0.758514,0.031219,1.399887,4
23600902547525,-11.317139,-3.586090,2.781250,1
23600931844400,-8.473389,-3.593231,3.131165,1
23600952169107,-0.967865,-0.164963,0.864044,4
23600961141275,-6.831726,-3.359161,3.040710,1
23600992391275,-7.892578,-3.375031,3.033569,1
23601011983560,-0.189560,0.220627,0.415085,4
23601041890787,-0.324493,0.036194,0.340668,4
23601050985025,-9.539001,-3.053680,1.973511,1
23601071767496,-0.752457,-0.182053,0.337112,4
23601082235025,-9.406494,-2.935455,2.024292,1
23601111531900,-8.441650,-3.132233,2.165527,1
23601101705240,-1.212463,-0.360779,0.307205,4
23601131581949,-1.495148,-0.294556,0.227814,4
23601172078775,-7.794983,-3.521820,2.036987,1
23601191396402,-1.334229,-0.042480,0.156250,4
23601201375650,-7.856079,-3.815399,1.832275,1
23601221273111,-0.931183,0.089600,0.243118,4
23601230672525,-8.072693,-3.962982,2.078247,1
23601251210855,-0.457657,0.177902,0.359543,4
23601320516275,-8.363892,-3.667023,2.718567,1
23601340932535,0.129456,0.368027,0.552155,4
23601351766275,-8.714600,-3.830475,2.816162,1
23601370809244,0.215607,0.408615,0.552872,4
23601381063150,-9.095459,-3.965363,3.270020,1
23601410360025,-9.285095,-4.254181,3.464417,1
23601400746988,0.287170,0.387970,0.517975,4
23601430623697,0.376541,0.399353,0.417938,4
23601439656900,-9.729431,-4.372406,3.469177,1
23601460530923,0.415710,0.314972,0.260559,4
23601470906900,-9.860352,-4.329559,3.372375,1
23601490438150,0.295364,0.270828,0.034119,4
23601590047525,-9.583435,-4.524750,2.380554,1
23601520345376,0.197449,0.279373,-0.174515,4
23601550252603,0.352325,0.057556,-0.330460,4
23601580129312,0.680237,-0.153931,-0.526993,4
23601610036539,0.835114,-0.242218,-0.811111,4
23601619344400,-8.709839,-3.824921,2.014771,1
23601639943765,0.753235,-0.174576,-1.047516,4
23601650594400,-9.291443,-3.578156,1.723572,1
