Inicio: 08-05-2017-15:34:53:435
Fim: 08-05-2017-15:34:57:650
6260746796689,-7.65375,-7.92392,2.76062,1
6260869355283,-19.4431,-9.22916,-9.8363,1
6260929413877,-13.6269,-2.16739,-5.64209,1
6260988984189,-9.42236,-1.1351,-3.88696,1
6261029450498,-2.56451,5.1459,-2.30957,1
6261029450498,2.15814,-0.220444,1.5215,4
6261059449277,1.53448,5.85526,-1.83905,1
6261059449277,1.06725,0.256287,1.18184,4
6261089448057,-0.605423,1.00789,1.34384,4
6261119416318,-6.62543,4.80392,-7.29645,1
6261119416318,-1.79672,0.220337,1.15727,4
6261149415098,-8.76776,3.16861,-5.91583,1
6261149415098,-2.70712,-0.351822,0.906631,4
6261179413877,-16.0428,-1.19223,-7.42261,1
6261209382139,-19.4431,-9.99722,-7.29169,1
6261209382139,-4.67459,-0.319061,-0.481567,4
6261269379697,-13.4238,-9.03317,-1.23761,1
6261269379697,-2.48424,-1.25937,-1.90323,4
6261299378477,-9.32556,-9.4664,0.186646,1
6261299378477,-2.18124,-1.20276,-1.50375,4
6261329346738,-4.27917,-10.7581,1.0047,1
6261329346738,-2.13782,-1.29318,-0.708359,4
6261359345518,-1.21326,-9.806,2.06952,1
6261389344297,2.52075,-6.88766,5.59723,1
6261389344297,-1.4268,-0.860596,-0.466614,4
6261419343076,7.76392,-5.18173,6.54065,1
6261419343076,-0.437729,-0.726379,-0.760696,4
6261479310117,1.74554,-8.39285,2.12823,1
6261539277158,-11.6972,-9.54099,-4.51697,1
6261539277158,3.47443,2.48154,-0.814102,4
6261569275937,-19.4431,-13.1925,-11.3058,1
6261569275937,3.46054,2.14899,0.42775,4
6261629242978,-19.4431,-4.94211,-11.4264,1
6261629242978,2.57935,0.21286,-0.783127,4
6261689240537,-9.36285,0.251068,-2.89514,1
6261689240537,1.84555,0.199326,-0.308182,4
6261719208799,-5.59552,1.31827,-2.31195,1
6261719208799,1.97621,0.527237,-0.130508,4
6261749238096,-1.37671,7.87936,-2.59998,1
6261749238096,2.88766,-0.155289,0.582993,4
6261839173398,-0.893814,0.216064,1.09035,4
6261869172178,-12.6295,-0.532074,-5.68652,1
6261869172178,-1.75151,0.00920105,0.610764,4
6261899140439,-19.4431,-8.12308,-7.10681,1
6261959137998,-16.0303,-9.02921,-0.886108,1
6261959137998,-4.43889,-1.64317,-0.795944,4
6261989106260,-3.35654,-1.10876,-0.997116,4
6262019105039,-5.43683,-9.31247,1.46729,1
6262019105039,-1.9039,-0.915787,-0.55455,4
6262049103818,-0.344452,-0.560104,0.153961,4
6262079093110,2.09149,-7.82315,4.62128,1
6262139060151,3.13013,-5.3071,5.67419,1
6262139060151,0.858963,0.820251,-0.516464,4
6262169058930,0.572021,-4.91989,5.25525,1
6262169058930,1.49342,1.39847,-0.790604,4
6262199057709,-1.02362,-4.5668,2.83441,1
6262199057709,2.61601,1.1268,-0.710861,4
6262229025971,-5.24719,-6.1799,-1.40503,1
6262229025971,3.08633,1.51559,-0.301056,4
6262259024750,-17.7906,-12.7418,-8.73181,1
6262289084565,-19.4431,-15.8577,-11.6398,1
6262318991791,-19.4431,-9.98691,-8.91113,1
6262318991791,2.5473,0.415085,0.4039,4
6262348990571,2.5708,-0.164551,-0.669205,4
6262378989350,-8.83679,-1.43979,-1.28839,1
6262408988129,-4.88617,-0.55191,-0.717102,1
6262408988129,2.69791,0.281921,-1.23317,4
6262438956391,-1.86865,6.09885,-2.92688,1
6262438956391,2.47751,-0.37532,-0.836182,4
6262468985688,5.11615,10.589,-1.74225,1
6262468985688,1.16124,-1.77455,-0.683792,4
6262498953949,7.10297,7.48264,-1.57166,1
6262498953949,-0.3797,-1.24228,0.320938,4
6262528922211,-1.85913,4.70554,-1.75732,1
6262558920990,-10.6768,4.42068,-2.84515,1
6262558920990,-3.51889,-0.494949,1.28865,4
6262588919770,-18.7253,-2.41336,-8.05975,1
6262588919770,-5.95383,-1.19064,0.379684,4
6262618888031,-19.4431,-12.038,-11.8485,1
6262618888031,-7.10597,-2.13771,0.22908,4
6262648886811,-19.4431,-12.4815,-6.55933,1
6262648886811,-7.66815,-2.49411,0.328415,4
6262678855073,-17.1371,-11.1676,-1.26935,1
6262678855073,-6.85959,-0.878754,-0.55954,4
6262708884369,-9.33508,-9.86392,0.420715,1
6262738852631,-4.00067,-8.71976,0.476257,1
6262738852631,1.87189,-0.551208,0.359039,4
6262768881928,-0.716553,-9.7449,1.12689,1
6262798850190,4.00214,-10.4185,4.71332,1
6262798850190,-1.51617,-0.504913,0.203094,4
6262828848969,-0.990662,-0.268158,-0.197098,4
6262858847748,7.53699,-10.3765,6.32007,1
6262858847748,0.677032,0.919235,-0.51326,4
6262888816010,3.29517,-10.4543,4.11743,1
6262888816010,2.20407,1.31836,-1.0078,4
6262918814789,3.52997,1.51559,-1.60808,4
6262948783051,-8.98199,-13.4511,-3.74573,1
6262948783051,4.4133,2.72435,-1.42578,4
6262978781830,-19.4431,-19.4394,-10.6909,1
6262978781830,4.35562,3.36166,0.198105,4
6263008780610,-19.4431,-15.8736,-10.7377,1
6263008780610,3.07103,-0.687561,-0.445969,4
6263038748871,-19.4431,-5.6713,-7.8233,1
6263038748871,3.44025,-0.217239,-1.41048,4
6263098746430,-9.04547,-4.40414,-4.21069,1
6263098746430,1.49377,-0.388138,-1.54362,4
6263128714692,1.93741,0.474182,-1.37985,4
6263158743989,-3.43335,10.4026,-1.4201,1
6263158743989,3.80482,-0.762329,-0.383301,4
6263218711030,0.579163,4.33817,-4.47095,1
6263218711030,-0.385391,0.414734,-0.00553894,4
6263248679291,-3.69995,4.49844,-5.37152,1
6263248679291,-0.332336,0.520111,1.3499,4
6263278678071,-6.02081,1.26828,-4.46301,1
6263308646332,-3.31665,0.726257,1.2413,4
6263338645112,-19.4431,-12.2157,-6.02692,1
6263368643891,-4.59911,-2.17509,1.56886,4
6263398642670,-16.4889,-8.51584,0.763489,1
6263428610932,-5.39984,-0.128586,0.712585,4
6263458609711,-7.83466,-9.78616,-0.645691,1
6263458609711,-2.41908,-0.31337,0.953629,4
6263488577973,-4.11414,-9.70602,-2.42859,1
6263488577973,0.821579,-0.423386,1.50726,4
6263518576752,-2.18127,-8.50632,1.12134,1
6263518576752,1.2417,-0.356812,1.27121,4
6263548575531,0.576782,-6.84561,5.88208,1
6263548575531,0.762115,-0.385651,0.680893,4
6263578543793,4.39648,-6.34415,6.56921,1
6263578543793,0.71904,-0.540161,0.259354,4
6263608542573,0.806976,-0.128235,-0.0845795,4
6263638510834,2.26764,-7.017,4.7641,1
6263668509614,-2.18127,-7.2106,0.961853,1
6263668509614,1.65685,0.898224,-0.459854,4
6263698477875,-13.0618,-9.77426,-2.4397,1
6263698477875,2.0168,2.17534,0.49469,4
6263728476655,-19.4431,-12.3466,-11.8247,1
6263728476655,1.58884,1.89264,2.05165,4
6263758505951,-19.4267,-9.81949,-5.67938,1
6263758505951,0.234467,-2.36557,1.40971,4
6263788474213,-19.4431,-4.08835,-6.50458,1
6263788474213,0.548141,0.113525,-0.998184,4
6263818472992,-17.1266,-0.600311,-2.51825,1
6263818472992,1.18866,-0.747375,-1.9043,4
6263848471772,-10.3586,-1.2692,-0.956726,1
6263878440033,2.96956,-0.64093,-2.03568,4
6263908408295,-3.08423,0.983429,-0.0109253,1
6263938407074,-1.22278,1.79831,-0.42511,1
6263938407074,2.40025,-0.951035,-1.71666,4
6263968405854,2.39384,-0.793671,-0.800583,4
6263998404633,-2.27966,3.10831,-1.58197,1
6264028372895,-3.22626,1.42935,-1.29791,1
6264028372895,0.475861,-1.10484,0.0428772,4
6264058402192,-6.69446,-0.263092,-1.65021,1
6264058402192,-0.804092,-0.450089,0.351212,4
6264088370453,-16.0118,-2.39035,-3.00146,1
6264088370453,-1.89963,0.669647,1.04121,4
6264118430268,-19.4431,-5.02859,-3.44421,1
6264118430268,-2.7737,0.298309,1.82591,4
6264148337494,-17.8376,-6.67422,-0.110901,1
6264148337494,-3.35654,-0.540527,2.39879,4
6264208304535,-15.0845,-2.8331,2.74872,1
6264208304535,-3.2814,1.2233,1.13271,4
6264238303315,-10.3269,-3.42422,1.64264,1
6264238303315,-0.69693,0.687805,0.967514,4
6264268271576,-6.71191,-4.88101,0.0930176,1
6264268271576,1.75191,0.714874,1.14909,4
6264298270356,1.65613,0.75119,1.20926,4
6264328238617,-4.82111,-3.29886,3.69769,1
6264328238617,-1.18221,0.766495,0.886688,4
6264358206879,-4.23553,-4.74771,2.36072,1
6264358206879,-2.61063,0.608414,0.603287,4
6264388205658,-3.38654,-5.06192,1.49902,1
6264388205658,-0.815125,0.429321,0.476532,4
6264418173920,-3.61505,-3.8884,2.133,1
6264418173920,1.14023,0.529373,0.416367,4
6264478140961,-10.9006,-4.61441,0.361206,1
6264478140961,-0.0379028,1.08266,0.487213,4
6264568106781,0.361572,-0.0776672,0.193481,4
6264598075043,-13.1691,-3.72574,-3.31647,1
6264598075043,1.24277,-0.0498962,-0.272217,4
6264658042084,-10.8712,0.0733337,-2.36749,1
6264658042084,2.67618,-0.390274,-0.152939,4
6264777976166,-6.62305,-0.520966,-0.0220337,1
6264777976166,1.33997,0.0326996,0.31311,4
6264807944428,-7.30066,-1.4874,-0.452087,1
6264807944428,0.755356,0.0846863,0.496475,4
6264897910248,-11.4536,-3.26553,0.624634,1
6264957877289,-12.6367,-3.78287,-0.562378,1
6264957877289,-0.304565,-0.340424,0.226593,4
