Inicio: 31-12-1969-20:59:59:999
Fim: 19-12-2018-17:50:45:489
25209367212431,1.051270,-7.764435,6.477966,1
25209402673857,1.016357,-7.745392,6.509705,1
25209432703154,1.058411,-7.766815,6.543823,1
25209492609160,1.072693,-7.758881,6.566040,1
25209522577422,1.041748,-7.766022,6.548584,1
25209552545683,1.040955,-7.792999,6.584290,1
25209582513945,1.050476,-7.739044,6.539063,1
25209612482207,1.031433,-7.727142,6.589844,1
25209644739287,1.043335,-7.717621,6.600952,1
25209657343047,0.022995,-0.012939,-0.021057,4
25209672449248,1.102051,-7.715240,6.572388,1
25209702417510,1.111572,-7.735870,6.600159,1
25209691614287,0.013733,-0.011871,-0.016785,4
25209732416289,1.116333,-7.689850,6.596191,1
25209722864287,0.022278,-0.004028,-0.010742,4
25209792352812,1.061584,-7.747772,6.562866,1
25209781458037,0.003052,0.008423,0.002792,4
25209822321074,1.060791,-7.707306,6.594604,1
25209812708037,0.013031,0.002380,-0.001480,4
25209852289336,1.078247,-7.665253,6.596191,1
25209842004912,0.010529,0.002731,-0.000763,4
25209882288115,1.082214,-7.708099,6.598572,1
25209871301787,-0.002289,0.003799,-0.000412,4
25209912256377,1.090942,-7.686676,6.616028,1
25209902551787,-0.006195,0.001663,-0.003265,4
25209972223418,1.076660,-7.733490,6.625549,1
25209961145537,-0.015457,-0.005463,-0.006104,4
25210002191679,1.068726,-7.730316,6.619995,1
25209992395537,-0.011185,-0.005096,-0.005402,4
25210021692412,-0.003357,-0.003326,-0.006470,4
25210062158721,1.104431,-7.739044,6.581909,1
25210050989287,-0.005844,0.003448,-0.003265,4
25210122095244,1.049683,-7.706512,6.602539,1
25210111536162,0.013031,0.009491,-0.003616,4
25210152063506,1.036987,-7.898529,6.533508,1
25210142786162,0.011246,0.002380,-0.010742,4
25210182062285,0.973511,-8.353180,6.424011,1
25210212030547,0.642639,-8.261139,7.026245,1
25210201379912,0.196747,-0.082001,-0.019989,4
25210241998808,1.683655,-10.094025,6.281982,1
25210232629912,-0.449829,-0.128647,0.070435,4
25210271997588,0.892578,-11.161224,5.007690,1
25210261926787,-0.462280,0.488373,0.206802,4
25210301935332,-0.348389,-8.197662,5.551208,1
25210351770537,0.795593,0.140518,0.686737,4
25210421899931,0.655334,-4.368439,6.812805,1
25210421899931,-0.251511,-0.186676,0.477753,4
25210451868193,0.459351,-5.365021,7.382507,1
25210451868193,-0.147186,-0.206268,0.273376,4
25210481866972,0.396667,-5.677643,8.082336,1
25210481866972,0.234482,-0.276047,-0.102234,4
25210511835234,0.502197,-6.310028,8.519531,1
25210511835234,-0.092361,-0.378235,-0.421967,4
25210541803496,0.878296,-9.902802,9.591492,1
25210601770537,-0.583694,-0.115829,0.024872,4
25210631769316,0.874329,-8.604706,6.391479,1
25210631769316,-0.372925,-0.240799,-0.193024,4
25210661737578,0.916382,-8.960175,6.115356,1
25210661737578,-0.056763,-0.060287,-0.073395,4
25210691705840,0.727539,-7.162201,6.588257,1
25210691705840,0.116638,0.019104,-0.009308,4
25210721674101,0.673584,-7.808868,6.756470,1
25210721674101,0.016586,0.037262,-0.032806,4
25210781641142,0.742615,-7.837433,6.566040,1
25210781641142,-0.109802,0.013062,-0.015717,4
25210811609404,0.703735,-8.002472,6.468445,1
25210841577666,0.679932,-8.008026,6.371643,1
25210901544707,0.211334,0.038330,-0.001480,4
25210931512969,0.204926,0.059341,-0.001129,4
25210871545928,0.737061,-7.889008,6.514465,1
25210901544707,0.721985,-7.773956,6.654907,1
25210931512969,0.701355,-7.746185,6.719971,1
25210961481230,0.668823,-7.568451,6.726318,1
25210961481230,0.207062,0.058624,0.002075,4
25211021448271,0.595032,-7.330414,7.017517,1
25210991449492,0.199951,0.084259,-0.006821,4
25211051416533,-0.001572,0.010925,0.005280,4
25211081384795,-0.086304,0.003448,0.004211,4
25211111353056,0.618835,-7.676361,6.702515,1
25211111353056,-0.155731,-0.026825,-0.011444,4
25211141321318,0.679138,-8.153229,6.296265,1
25211231256621,0.650574,-6.925751,6.878662,1
25211231256621,0.481567,0.025162,0.007416,4
25211261316435,0.669617,-7.574005,7.192871,1
25211261316435,0.452728,-0.012939,0.035904,4
25211291223662,0.687866,-6.989227,7.409485,1
25211321191924,0.794189,-6.060089,8.362427,1
25211321191924,0.397903,0.021957,0.066879,4
25211351160185,0.631531,-6.261627,8.046631,1
25211351160185,-0.088440,0.094589,-0.036011,4
25211381128447,0.173706,-7.658112,6.584290,1
25211381128447,-0.437714,0.052582,-0.047409,4
25211411127226,0.468079,-7.827118,6.643799,1
25211411127226,-0.034332,-0.057083,-0.024979,4
25211441064971,0.768005,-6.855927,7.406311,1
25211441064971,0.107727,-0.068481,0.038757,4
25211471063750,1.032227,-6.376678,6.880249,1
25211501001494,0.663269,-7.425629,7.225403,1
25211501001494,-0.091644,0.284714,-0.079453,4
25211531000273,0.398254,-8.086578,7.188110,1
25211531000273,0.117340,0.231308,-0.062363,4
25211560968535,0.652161,-8.057220,6.583496,1
25211560968535,0.588028,0.034775,-0.015717,4
25211590936797,0.710144,0.088898,0.023087,4
25211590936797,0.532349,-5.451508,8.421143,1
25211620905058,0.695801,-5.430084,8.314026,1
25211620905058,-0.035400,0.176834,-0.076248,4
25211680872099,0.003906,-8.234955,6.239136,1
25211650873320,-0.587967,0.221695,-0.054169,4
25211680872099,-0.732880,0.146927,0.027008,4
25211740808623,1.036194,-5.931549,8.795654,1
25211740808623,1.011719,-0.209824,-0.050964,4
25211770776885,0.568054,-4.680267,8.744080,1
25211800745146,0.445862,-6.897980,7.845093,1
25211800745146,-0.805145,0.195343,-0.116837,4
25211830743926,0.754517,-6.655182,8.758362,1
25211830743926,-1.296478,0.191071,0.005646,4
25211860712187,0.480774,-7.310577,7.526123,1
25211890680449,0.406189,-8.966522,6.111389,1
25211890680449,-1.626892,0.247330,0.144501,4
25211920648711,-0.247238,0.165085,0.143784,4
25211950616972,-0.023865,-7.889008,5.933655,1
25211950616972,0.954742,0.169708,0.056549,4
25211980615752,-0.551514,-6.577423,5.985229,1
25211980615752,0.427094,0.103485,0.044800,4
25212010584013,0.021362,-7.877106,5.388550,1
25212040552275,0.484772,-0.314499,-0.162415,4
25212070520537,0.852112,-8.504730,5.917786,1
25212070520537,0.255844,-0.198425,-0.206207,4
25212100488799,0.563293,-8.531708,7.918091,1
25212100488799,0.275070,-0.158203,-0.218307,4
25212130457060,0.002350,-0.131851,-0.104736,4
25212160425322,0.760071,-8.379364,7.915710,1
25212160425322,0.228073,0.018753,-0.094406,4
25212190393584,0.512512,-7.366913,6.409729,1
25212190393584,0.186066,-0.009735,-0.061646,4
25212220392363,0.080872,-6.813873,5.453613,1
25212280328887,0.175293,-6.558380,5.971741,1
25212280328887,0.300705,-0.083435,-0.115417,4
25212310327666,0.477600,-6.954315,6.541443,1
25212340295928,-0.144699,0.008423,-0.058090,4
25212370264189,0.800537,-7.537506,8.208496,1
25212430231230,0.092422,-0.036072,-0.031387,4
25212430231230,0.622009,-7.962799,6.151062,1
25212460168974,0.933044,-7.308990,6.650940,1
25212490137236,0.511719,-6.662323,6.350220,1
25212520105498,0.504578,-7.305023,7.042908,1
25212460168974,0.262970,0.068237,-0.023560,4
25212520105498,0.104172,0.191788,-0.099396,4
25212550073760,0.794189,-8.370636,7.793518,1
25212550073760,0.034744,0.031219,-0.005753,4
25212580042021,0.609314,-7.203461,7.938721,1
25212580042021,0.213120,-0.056366,0.051208,4
25212669977324,0.742615,-7.167755,6.658081,1
25212669977324,-0.104462,-0.039993,0.045166,4
25212699915068,1.045715,-7.090790,7.013550,1
25212699915068,-0.064590,0.037979,-0.030670,4
25212729883330,0.944946,-7.508148,7.179382,1
25212759851592,0.766418,-7.281219,6.676331,1
25212759851592,0.012314,0.189301,-0.120758,4
25212789819853,0.122330,0.245193,-0.131073,4
25212849725859,0.545044,-7.938995,7.526917,1
25212849725859,0.191040,0.072876,-0.031036,4
25212879694121,0.605347,-7.432770,8.072021,1
25212939630644,-0.587250,-0.136124,0.051575,4
25212969598906,0.348267,-6.615509,5.740845,1
25212999567168,0.726746,-10.624054,4.824402,1
25212999567168,-0.209503,0.070374,-0.054535,4
25213029535429,1.102051,-8.719757,7.319824,1
25213059503691,0.822662,0.143372,0.001007,4
25213089532988,0.545837,-4.642975,7.953003,1
25213119440215,-0.753876,0.245193,-0.206909,4
25213149377959,0.188782,-10.539154,6.378784,1
25213149377959,-0.887039,0.039398,-0.125732,4
25213179376738,-0.001648,-8.845917,6.074097,1
25213179376738,0.449524,-0.110840,0.016678,4
25213209345000,0.537109,-7.055084,6.984985,1
25213209345000,0.474808,-0.063492,0.072937,4
25213239282744,0.142273,-0.015778,0.050858,4
25213269281523,0.815613,-7.735870,7.672119,1
25213269281523,-0.026855,-0.087341,0.075073,4
25213299219267,0.598206,-6.894012,7.142883,1
25213299219267,0.043289,-0.052811,0.055847,4
25213359155791,0.143555,-6.896393,6.685059,1
25213359155791,-0.045364,0.168289,-0.103302,4
25213389124053,0.372864,-8.559479,7.332520,1
25213389124053,-0.137222,0.019821,-0.053101,4
25213419122832,0.621216,-7.643036,7.201599,1
25213419122832,0.062515,0.044388,-0.020355,4
25213479028838,0.414124,-7.141571,6.583496,1
25213449060576,0.074982,0.234512,-0.102600,4
25213508997099,0.579956,-8.153229,8.187073,1
25213568933623,0.156250,-6.502838,8.132324,1
25213568933623,0.142624,-0.219086,0.096786,4
25213598871367,0.400635,-6.062469,6.878662,1
25213598871367,-0.201660,-0.110840,-0.002197,4
25213628870146,0.310974,-6.443329,6.147888,1
25213658838408,0.620422,-8.170685,7.006409,1
25213658838408,-0.296021,0.056854,-0.100098,4
25213688806670,0.024063,-0.003677,-0.018570,4
25213688806670,0.575195,-8.272247,7.302368,1
25213748712676,-0.015137,-7.095551,7.138916,1
25213748712676,0.065002,0.010208,-0.057022,4
25213778711455,0.651367,-6.673431,8.766296,1
25213778711455,-0.354050,-0.177780,0.029846,4
25213808679717,1.349609,-6.653595,7.303955,1
25213808679717,-0.787704,-0.178497,0.072571,4
25213868616240,0.752136,-8.956207,6.808044,1
25213838617461,-1.348465,0.047943,0.094650,4
25213868616240,-1.768234,0.220627,0.113876,4
25213958521025,-0.238098,-10.159882,4.633972,1
25213958521025,0.460205,0.151917,-0.012512,4
25213988489287,1.059784,-0.106934,-0.039932,4
25214018457549,0.311768,-6.671051,6.693787,1
25214048425810,0.172119,-6.527435,6.482727,1
25214018457549,0.701248,-0.282806,-0.033524,4
25214048425810,0.119476,-0.402084,-0.038513,4
25214078394072,0.574402,-7.516876,6.617615,1
25214078394072,0.005188,-0.230118,-0.066635,4
25214108362334,0.158997,-0.081650,-0.088715,4
25214138330596,0.517273,-7.619232,5.969360,1
25214138330596,-0.037170,-0.163895,-0.098679,4
25214198267119,0.928284,-8.289703,6.006653,1
25214198267119,0.896362,0.182892,-0.142471,4
25214228235381,0.789429,-7.364532,7.714172,1
25214228235381,1.311493,0.226685,-0.089783,4
25214258203642,0.691040,-6.737701,8.405273,1
25214258203642,0.972198,0.029083,0.070801,4
25214288171904,0.135620,-5.877594,9.297913,1
25214288171904,0.311737,-0.084854,0.140579,4
25214318170683,-0.424561,-6.333832,7.489624,1
25214348108428,0.747375,-6.947174,6.361328,1
25214378076689,-0.085602,0.153687,-0.067352,4
25214378076689,1.031433,-6.472687,7.025452,1
25214408044951,1.478149,-7.397064,7.123047,1
25214408044951,-0.155029,0.149063,-0.124313,4
25214438013213,0.907654,-7.772369,7.181763,1
25214438013213,-0.130814,0.190369,-0.096191,4
25214467981474,-0.131531,0.143005,-0.068771,4
25214467981474,0.476807,-7.088409,7.597534,1
25214497919219,-0.222672,0.097443,-0.058807,4
25214527917998,0.306213,-7.600189,7.323792,1
25214527917998,0.048630,0.012344,0.003860,4
25214557886260,0.543457,-6.809113,8.033142,1
25214557886260,-0.010834,-0.070618,0.029495,4
25214587824004,0.844177,-6.087860,6.697754,1
25214587824004,-0.511063,0.071808,-0.010025,4
25214617792265,0.518860,-7.118561,5.709106,1
25214617792265,-0.822601,0.200333,-0.078735,4
25214647760527,0.410950,-9.976593,5.592468,1
25214677728789,0.610458,0.011993,0.050140,4
25214707697051,0.691040,-4.538239,8.646484,1
25214707697051,-0.241898,0.029434,-0.007172,4
25214737665312,0.681519,-6.556000,6.759644,1
25214767633574,0.157043,-8.883209,6.443848,1
25214797571318,0.063416,-8.878448,5.390930,1
25214767633574,-1.170090,0.258011,-0.018219,4
25214827539580,0.072845,-0.043915,0.027359,4
25214857507842,0.632324,-8.218292,5.552795,1
25214857507842,0.636444,-0.034302,0.006348,4
25214887476103,0.973618,0.039047,0.005997,4
25214887476103,0.659302,-7.367706,6.153442,1
25214917505400,0.771973,-7.811249,6.377991,1
25214947412627,0.784668,-8.657867,8.779785,1
25214947412627,1.717377,0.286499,0.115662,4
25214977411406,1.609863,0.363037,0.328217,4
25214977411406,0.068970,-6.815460,7.830017,1
25215007379668,-0.367432,-4.757233,8.739319,1
25215007379668,1.172287,0.240921,0.211792,4
25215037317412,-0.568970,-6.394135,8.517944,1
25215037317412,0.552063,0.005936,0.025223,4
25215067316191,-0.123047,-5.119049,8.847229,1
25215067316191,0.150818,-0.250061,-0.158844,4
25215097253935,0.238770,-6.059296,8.105347,1
25215127222197,-0.272156,-0.333008,-0.149948,4
25215157220976,0.750549,-6.854340,7.770508,1
25215157220976,0.068573,-0.247208,-0.047760,4
25215217157500,0.747375,-6.780548,7.758606,1
25215217157500,0.000214,-0.007950,-0.019287,4
25215247095244,0.555359,-6.358429,8.006165,1
25215337000029,0.238770,-6.276703,7.922852,1
25215337000029,-0.704391,0.115601,-0.061646,4
25215366968291,0.351440,-7.513702,7.077026,1
25215366968291,-0.453735,0.157257,-0.134277,4
25215396936553,0.444275,-7.200287,7.332520,1
25215426904814,0.102753,0.195709,-0.013229,4
25215426904814,0.657715,-6.311615,7.760986,1
25215456842558,-0.047668,-6.472687,7.675293,1
25215456842558,0.149384,0.350586,-0.211182,4
25215486810820,-0.061157,-6.952728,7.619751,1
25215516809599,0.191956,-6.227509,8.091858,1
25215516809599,0.314590,-0.027527,0.036972,4
25215546747344,0.180847,-5.569733,8.706787,1
25215636682646,0.316376,0.332062,-0.124664,4
25215636682646,-0.223022,-6.594086,7.840332,1
25215666650908,-0.124634,-6.366364,8.109314,1
25215666650908,0.163635,0.075363,0.041962,4
25215696588652,0.163391,-5.826019,8.403687,1
25215696588652,-0.159302,-0.049957,0.001724,4
25215726587431,0.375244,-6.691681,8.008545,1
25215726587431,-0.369003,-0.012939,-0.052399,4
25215756555693,-0.166687,-6.784515,7.404724,1
25215756555693,-0.252228,0.202469,-0.099396,4
25215786523955,-0.092712,0.177185,-0.104019,4
25215816492217,-0.092102,-6.725800,7.724487,1
25215936334746,-0.107178,-5.897430,8.188660,1
25215906397002,0.165771,-0.016846,0.086456,4
25215936334746,0.105591,-0.113342,0.161942,4
25215966333525,0.068176,-6.293365,7.916504,1
25215966333525,-0.296722,0.055786,-0.016083,4
25216056207793,0.072479,0.050446,0.033768,4
25216086176054,0.140381,-6.298126,8.030762,1
25216086176054,-0.255432,0.024094,-0.016083,4
25216146082060,0.061096,0.102783,-0.058807,4
25216176080840,0.154022,-0.006165,0.002441,4
25216206049101,-0.010376,-6.626617,7.643555,1
25216235986846,-0.112732,-6.869415,7.289673,1
25216206049101,-0.059601,0.003082,-0.025696,4
25216235986846,-0.000153,0.101715,-0.078735,4
25216265985625,0.144043,0.128769,-0.119324,4
25216265985625,-0.188110,-6.914642,7.395996,1
25216295953887,-0.043701,-6.402863,7.804626,1
25216295953887,0.164337,0.009857,-0.090134,4
25216325922148,0.032471,-6.398895,8.160889,1
25216325922148,-0.059967,-0.112274,0.013474,4
25216355890410,0.214966,-6.934479,7.421387,1
25216355890410,-0.263977,-0.075958,0.057983,4
