Inicio: 08-05-2017-15:45:54:615
Fim: 08-05-2017-15:46:34:251
6922089595200,-0.557068,-7.13284,7.323,1
6922209956529,-0.174622,-5.44437,8.82343,1
6922269893052,-0.572937,-6.70438,7.21588,1
6922299861314,-0.377747,-6.99637,7.40869,1
6922329829575,-0.265076,-6.27353,8.11566,1
6922353236558,-0.253967,-6.60123,8.12756,1
6922359797837,0.116974,-0.0410004,-0.0340271,4
6922394740464,-0.0197449,-0.00540161,-0.0144501,4
6922414759995,-0.139709,-6.16403,8.06567,1
6922424525620,-0.132599,0.0430298,0.012619,4
6922444545152,-0.182556,-6.34653,7.9054,1
6922474818589,-0.450745,-6.6282,7.58722,1
6922484584214,0.00874329,0.00778198,0.00656128,4
6922534877183,-0.116699,-6.13467,8.10852,1
6922544642808,0.148315,-0.0402832,-0.0333099,4
6922564662339,-0.0952759,-6.21481,8.26959,1
6922594447495,-0.0675049,-6.01089,8.0871,1
6922604213120,-0.107681,0.0850372,0.0393219,4
6922624720933,-0.200806,-6.31796,8.08392,1
6922634486558,-0.224106,0.11673,0.0346832,4
6922684291245,-0.468201,-6.49966,7.76654,1
6922694056870,-0.0190277,-0.0648499,-0.052536,4
6922774623277,-0.0198975,-6.23068,8.09186,1
6922784388902,0.016571,0.0533447,0.0414581,4
6922814174058,-0.100922,0.0743561,0.0521393,4
6922834193589,-0.582458,-6.40604,7.78796,1
6922864467027,-0.423767,-6.92575,7.50787,1
6922874232652,0.262604,-0.0847931,-0.0518341,4
6922904017808,0.297485,-0.0410004,-0.0219269,4
6922924037339,-0.0175171,-5.77127,8.45923,1
6922954310777,-0.379333,-5.65543,8.31799,1
6922964076402,-0.291046,0.0654602,0.0382538,4
6922984095933,-0.419006,-5.92282,7.98633,1
6922993861558,-0.338043,0.0131226,-0.00233459,4
6923024134995,-0.767059,0.14093,-0.0596619,4
6923044154527,0.0546875,-6.90274,7.82605,1
6923053920152,0.0468445,0.240265,-0.116272,4
6923073939683,-0.545166,-6.04739,7.38489,1
6923104213120,-0.530884,-3.94077,9.07416,1
6923113978745,0.591217,0.132385,-0.393982,4
6923133998277,-0.254761,-6.65518,7.81415,1
6923143763902,-0.841827,0.0761414,-0.194962,4
6923173549058,-0.717224,-0.00860596,-0.0162201,4
6923194056870,-0.670532,-7.12253,6.89691,1
6923223842027,-0.286499,-6.74643,7.47614,1
6923233607652,0.0827942,-0.168106,-0.136566,4
6923253627183,-0.0627441,-6.93369,7.82526,1
6923263392808,0.205994,-0.130005,-0.0977631,4
6923283900620,0.0697632,-6.17117,8.03076,1
6923293666245,0.130508,-0.0823059,-0.0521851,4
6923313685777,0.0507202,-6.52347,7.82605,1
6923323451402,0.0824432,-0.0150146,0.00904846,4
6923343959214,-0.150024,-6.69485,7.86096,1
6923353724839,0.157928,-0.0050354,0.0254364,4
6923413783433,0.105591,-0.000411987,-0.0137329,4
6923433802964,-0.586426,-6.18387,7.90381,1
6923443568589,-0.048584,0.0419617,-0.0553894,4
6923463588120,-0.010376,-6.6171,7.54358,1
6923503627183,0.0941925,-0.000411987,-0.0251312,4
6923523646714,0.172913,-6.91147,7.47534,1
6923533412339,0.302124,0.164429,0.13829,4
6923553431870,-0.192078,-5.58878,8.43622,1
6923563197495,0.22699,0.175827,0.157516,4
6923583705308,-0.945068,-5.74033,8.30609,1
6923593470933,-0.0749207,0.0636749,0.0375366,4
6923613490464,-0.570557,-6.73611,7.86731,1
6923623256089,-0.0524902,-0.13855,-0.0927734,4
6923643275620,-0.0960693,-6.17593,7.93475,1
6923653041245,0.146179,-0.140335,-0.10025,4
6923673549058,0.387939,-6.34891,8.00696,1
6923683314683,0.102386,0.0383911,0.0247192,4
6923703334214,-0.10321,-6.32034,7.9903,1
6923713588120,0.185699,0.13559,0.107681,4
6923733119370,-0.349182,-5.39676,8.55524,1
6923742884995,-0.0656738,0.139511,0.0937958,4
6923763392808,-0.78241,-5.84665,8.22913,1
6923773158433,-0.299942,0.0433807,0.00228882,4
6923793177964,-0.611023,-6.83926,7.56421,1
6923802943589,-0.139725,-0.125031,-0.104523,4
6923823451402,-0.101624,-6.35287,7.94745,1
6923833217027,0.0265503,-0.140686,-0.118759,4
6923853236558,0.161011,-6.40842,7.99664,1
6923892787339,0.00233459,0.117081,0.0763397,4
6923913295152,-0.265076,-5.9617,8.14581,1
6923943080308,-0.649109,-6.22116,7.953,1
6923952845933,-0.189575,0.0704346,0.012619,4
6923972865464,-0.557068,-6.83371,7.65546,1
6923982631089,-0.0240173,-0.0509644,-0.0600128,4
6924012904527,0.183197,-0.0769653,-0.0774689,4
6924032924058,-0.0500488,-6.16483,8.05298,1
6924042689683,0.150085,-0.0217743,-0.0404358,4
6924063197495,0.0499268,-5.9982,8.34338,1
6924092982652,-0.102417,-6.05295,8.17914,1
6924102748277,-0.146133,0.166214,0.0742035,4
6924132533433,-0.208435,0.148407,0.0393219,4
6924153041245,-0.918091,-6.47903,7.6626,1
6924162806870,-0.0827637,-0.0523987,-0.060379,4
6924182826402,-0.404724,-6.49173,7.9292,1
6924192592027,0.024765,-0.137131,-0.110214,4
6924212611558,-0.104004,-6.58774,7.86176,1
6924242884995,0.0388184,-6.55203,7.81415,1
6924252650620,0.150803,0.00848389,0.012619,4
6924302455308,-0.526917,-5.86649,8.25769,1
6924312220933,-0.335541,0.0782776,0.0311279,4
6924332728745,-0.634033,-7.12808,7.33252,1
6924362513902,-0.199219,-6.63693,7.69275,1
6924372767808,0.24942,-0.0844421,-0.0653534,4
6924402552964,0.183914,0.0344849,0.022934,4
6924422572495,-0.249207,-6.09103,8.16486,1
6924432338120,0.0870667,0.0939331,0.0763397,4
6924452357652,-0.5896,-5.49197,8.41083,1
6924482631089,-0.618164,-6.83054,7.63007,1
6924492396714,-0.237991,-0.0630798,-0.0699921,4
6924512416245,-0.272217,-7.1622,7.41028,1
6924522181870,0.185333,-0.117905,-0.0874329,4
6924542689683,0.0967407,-6.20291,7.92761,1
6924572474839,0.102295,-5.97836,8.37512,1
6924582240464,0.0792389,0.0917969,0.0660248,4
6924602259995,-0.437256,-5.93948,8.18707,1
6924612025620,-0.125839,0.13382,0.0970001,4
6924632533433,-0.67926,-6.31161,7.784,1
6924642299058,-0.152542,0.0280762,-0.0486298,4
6924662318589,-0.711792,-6.43936,7.70941,1
6924672084214,-0.0692291,-0.0306702,-0.0874329,4
6924692103745,-0.1651,-6.53616,7.84113,1
6924701869370,0.118042,-0.0997467,-0.098114,4
6924722377183,-0.204773,-6.63693,7.74988,1
6924732142808,0.2099,-0.04776,-0.0553894,4
6924752162339,0.026123,-5.71811,8.49017,1
6924761927964,0.0222778,0.0291443,0.00621033,4
6924781947495,-0.126221,-6.10056,8.18866,1
6924791713120,-0.317749,0.112091,0.0514221,4
6924812220933,-0.581665,-6.85672,7.43805,1
6924842006089,-0.581665,-6.64249,7.34998,1
6924851771714,0.226639,-0.0452728,-0.0849457,4
6924872279527,-0.177795,-5.81967,8.10614,1
6924882045152,0.278625,-0.0210571,-0.117691,4
6924941615464,-0.281067,0.0629578,0.0111847,4
6924962123277,-0.407104,-7.17648,7.64117,1
6924971888902,-0.223038,-0.00753784,0.00798035,4
6924991908433,-0.531677,-7.27249,7.11115,1
6925021693589,-0.16748,-5.79904,8.44098,1
6925031459214,0.338791,-0.112564,-0.014801,4
6925051967027,-0.216675,-4.88815,8.56238,1
6925061732652,-0.0881042,-0.103668,-0.00804138,4
6925091517808,-0.840057,-0.000762939,0.0336151,4
6925111537339,-0.266663,-4.90958,9.70734,1
6925121791245,-1.23668,0.373779,-0.0137329,4
6925141810777,0.0348511,-6.18387,8.9115,1
6925151576402,0.904541,0.573517,-0.269363,4
6925201869370,-0.663391,-6.23148,6.78265,1
6925211634995,0.98465,0.125275,-0.43457,4
6925241420152,-0.216629,-0.336868,-0.255844,4
6925261439683,-0.416626,-8.94034,8.53223,1
6925271205308,-0.275375,-0.270645,-0.0336761,4
6925291713120,0.487915,-8.78482,8.11804,1
6925321498277,-1.04187,-5.246,7.05719,1
6925331263902,0.0827942,-0.0495453,-0.080307,4
6925351283433,0.206238,-6.76468,8.06329,1
6925361049058,0.114136,-0.083374,-0.0233459,4
6925381556870,-0.0849609,-6.37668,8.04346,1
6925411342027,-0.0198975,-5.82523,8.16724,1
6925421107652,-0.0464478,0.0480042,0.0446625,4
6925441127183,-0.257141,-6.63297,7.84271,1
6925450892808,-0.0418091,0.0636749,0.050705,4
6925561244370,-0.181763,-5.98947,8.1228,1
6925571009995,0.0536041,-0.00788879,-0.0194244,4
6925680873277,-0.138916,-5.29123,8.74011,1
6925690638902,0.0728302,-0.0231934,-0.0187225,4
6925800990464,0.144348,-6.02597,8.34259,1
6925810756089,0.156494,0.0462341,0.0314789,4
6925920619370,0.0784912,-5.98392,8.09424,1
6926040736558,-0.302368,-5.67844,8.10852,1
6926050502183,-0.223755,-0.0289001,-0.078537,4
6926160365464,-0.232544,-6.09738,7.60388,1
6926170131089,-0.512497,0.169418,0.0108337,4
6926280482652,-0.0476685,-5.0159,8.79407,1
6926290248277,0.469452,-0.093338,-0.062149,4
6926400111558,-0.124634,-6.71628,7.6991,1
6926409877183,0.299622,-0.0641479,-0.0158691,4
6926519740464,-0.188904,-6.41159,7.88477,1
6926529506089,0.296066,-0.103668,-0.0546722,4
6926639857652,-0.26825,-5.90695,8.08075,1
6926649623277,-0.273956,0.141647,0.114792,4
6926759486558,0.13562,-6.37985,8.2085,1
6926769252183,0.423172,-0.0627136,-0.060379,4
6926879603745,-0.390442,-6.80038,7.42297,1
6926889369370,-0.448761,0.0626068,0.0418091,4
6926999232652,-0.0587769,-5.60782,8.49255,1
6927008998277,0.080307,-0.0367279,-0.032608,4
6927119349839,-0.48645,-6.73294,8.0014,1
6927129115464,0.116272,-0.0552368,-0.0404358,4
6927238978745,0.118164,-6.19339,8.12201,1
6927248744370,-0.267181,0.150543,0.107315,4
6927359095933,-0.000854492,-6.24734,7.97998,1
6927368861558,0.241943,-0.1147,-0.112,4
6927478724839,-0.470581,-6.93686,7.49597,1
6927488490464,0.0571594,-0.0677032,-0.0610809,4
6927598353745,-0.184143,-5.72208,8.34814,1
6927608119370,-0.0606842,0.0967865,0.0677948,4
6927718470933,-0.394409,-6.87814,7.78003,1
6927728236558,0.115906,-0.13855,-0.107727,4
6927838099839,-0.0786133,-5.79984,8.2442,1
6927847865464,0.024765,0.0789795,0.0514221,4
6927958217027,-0.226196,-6.0831,8.20691,1
6927967982652,-0.228027,-0.0224915,-0.0290375,4
6928077845933,0.0213623,-6.1434,7.96411,1
6928087611558,0.014801,0.073288,0.0500031,4
6928147670152,0.152222,0.0059967,0.00228882,4
6928167689683,-0.0286255,-5.68082,8.5116,1
6928177455308,-0.0172424,0.0145416,-0.00804138,4
6928197963120,0.00390625,-5.81015,8.07361,1
6928227748277,-0.192871,-6.13864,7.98792,1
6928237513902,-0.202393,0.0522766,0.050354,4
6928257533433,-0.369019,-6.70358,7.70068,1
6928267299058,-0.030426,0.0131226,0.00621033,4
6928317592027,-0.0579834,-6.41714,8.19104,1
6928327357652,0.0856476,-0.0947571,-0.088501,4
6928347865464,0.208618,-6.05771,8.10297,1
6928357631089,0.0827942,-0.00967407,-0.0162201,4
6928387416245,-0.17569,0.0953674,0.0756378,4
6928407435777,-0.356323,-6.12674,8.09821,1
6928447474839,-0.169983,-0.0260468,-0.0443573,4
6928467494370,-0.262695,-6.88052,7.5896,1
6928477259995,0.162201,-0.109711,-0.111649,4
6928497279527,-0.0571899,-6.27512,7.98157,1
6928507045152,0.283966,-0.00610352,-0.15686,4
6928527552964,0.429993,-5.70541,8.5838,1
6928537318589,0.116272,0.0476532,0.0104828,4
6928557338120,-0.038147,-5.64114,8.51874,1
6928617396714,-0.476135,-6.92099,7.44757,1
6928627162339,0.175369,-0.0701904,-0.0824432,4
6928656947495,0.285736,-0.0125122,-0.160782,4
6928677455308,0.0999146,-5.95218,8.21802,1
6928717006089,-0.0873871,0.0515747,0.040741,4
6928737025620,-0.315063,-6.57266,7.784,1
6928777064683,0.293579,-0.0445557,-0.0215607,4
6928797084214,-0.0881348,-6.04422,8.05615,1
6928806849839,0.426727,-0.0345917,-0.0240631,4
6928826869370,-0.0508423,-5.90378,8.56079,1
6928836634995,0.301407,-0.00112915,-0.0204926,4
6928857142808,-0.174622,-6.10928,8.18549,1
6928886927964,-0.393616,-5.23489,8.54968,1
6928896693589,-0.0542755,-0.00361633,0.0617523,4
6928946986558,-0.129395,-4.58664,9.03369,1
6928956752183,-0.491135,-0.0132294,-0.0347443,4
6928976771714,-0.093689,-4.89609,9.05194,1
6928986537339,-1.28616,0.0480042,-0.0820923,4
6929006556870,-1.30768,-7.08682,8.35052,1
6929016322495,0.28717,0.538635,-0.393631,4
6929036830308,0.719604,-4.37399,9.09003,1
6929046595933,1.12457,0.487,-0.478714,4
6929066615464,-0.22937,-5.87125,7.86017,1
6929076381089,0.670624,0.377701,-0.407867,4
6929096400620,-0.632446,-6.52823,7.00006,1
6929106166245,0.195663,0.0654602,-0.364426,4
6929126674058,-0.0175171,-6.85513,7.67212,1
6929166224839,-0.324509,0.0376892,0.0450134,4
6929196498277,-0.0549927,-0.0730438,-0.0336761,4
6929216517808,-0.00164795,-6.42667,8.13788,1
6929246302964,-0.242859,-6.31003,7.92523,1
6929256068589,-0.101273,0.0533447,0.0450134,4
6929286342027,0.0115967,-0.0627136,-0.0343781,4
6929306361558,-0.379333,-7.42087,7.55865,1
6929336146714,-0.10321,-6.44016,8.70917,1
6929345912339,0.427444,-0.0167847,0.0492859,4
6929366420152,0.441101,-5.2095,8.15295,1
6929376185777,0.17572,0.0740051,0.0250702,4
6929396205308,-0.18335,-5.7316,8.00061,1
6929405970933,0.0941925,0.114227,0.0250702,4
6929425990464,0.0531006,-5.39438,8.15375,1
6929435756089,0.00839233,0.0519257,0.0354004,4
6929495814683,-0.147552,-0.0306702,-0.0625153,4
6929515834214,-0.40155,-6.67819,7.32141,1
6929525599839,0.226288,-0.0292511,-0.0973969,4
6929546107652,-0.0238647,-6.17355,8.17438,1
6929605677964,-0.110352,-5.21188,8.53381,1
6929615443589,0.000915527,0.118866,0.0813293,4
6929635951402,-0.218262,-5.25552,8.8988,1
6929645717027,-0.21521,0.0508575,-0.0322418,4
6929696009995,-0.278564,-6.34653,7.50946,1
6929705775620,-0.497894,0.00421143,-0.0236969,4
6929725795152,-0.158752,-7.12967,7.52692,1
6929735560777,-0.0346985,-0.0495453,-0.0358124,4
6929795619370,0.171097,-0.0313873,0.00263977,4
6929815638902,-0.00799561,-5.9982,8.44574,1
6929855189683,0.100952,-0.0185699,-0.0536041,4
6929875697495,-0.127014,-5.43088,8.11566,1
6929885463120,-0.282135,-0.00540161,-0.0432892,4
6929905482652,0.0626221,-6.1196,8.12201,1
6929915248277,-0.376846,0.0864563,0.0136871,4
6929935267808,-0.143677,-6.78769,7.74591,1
6929945033433,-0.21022,0.102127,0.0581818,4
6929965541245,-0.468201,-7.27328,7.47137,1
6929975306870,0.163971,0.00634766,0.0197296,4
6929995326402,-0.370605,-5.84109,8.35052,1
6930055384995,0.0110474,-6.46872,7.89429,1
6930065150620,0.152939,0.0198822,-0.08815,4
6930085170152,0.577576,-6.314,7.98633,1
6930094935777,0.403946,0.0686646,0.0500031,4
6930114955308,-0.0921021,-5.53958,8.5838,1
6930145228745,-0.238892,-4.61124,8.93848,1
6930154994370,-0.331985,0.131683,0.110886,4
6930184779527,-0.621445,0.0473022,0.00798035,4
6930204799058,-0.432495,-6.92654,7.40631,1
6930264857652,-0.260315,-7.20584,7.62927,1
6930274623277,0.358017,-0.128235,-0.104874,4
6930384974839,-0.454712,-5.54514,8.23468,1
6930394740464,-0.397858,0.0900269,0.0841827,4
6930414759995,-1.29022,-6.86624,7.36426,1
6930424525620,-0.213074,-0.0523987,-0.0721283,4
6930444545152,-0.299988,-6.81308,7.60071,1
6930454310777,0.284668,-0.15921,-0.167191,4
6930474818589,0.256226,-6.33859,7.93555,1
6930484584214,0.373322,-0.0523987,-0.155792,4
6930504603745,0.561707,-5.60623,8.49097,1
6930514369370,0.194595,0.0846863,0.0745697,4
6930534388902,-0.255554,-5.42929,8.61078,1
6930544154527,-0.162872,0.115662,0.164642,4
6930564662339,-0.759399,-5.94107,8.10455,1
6930624232652,-0.0349731,-6.31955,8.026,1
6930664271714,0.222717,0.0341187,-0.0596619,4
6930684291245,0.241943,-5.75937,8.30609,1
6930694056870,0.0657043,0.144135,0.151108,4
6930714076402,-0.328552,-5.66098,8.42828,1
6930754115464,-0.189575,-0.0303192,-0.0475616,4
6930774134995,-0.370605,-6.69089,7.66022,1
6930783900620,0.17395,-0.151367,-0.155441,4
6930804408433,0.259399,-6.10373,8.15216,1
6930814174058,0.171097,-0.0210571,-0.162918,4
6930904017808,-0.137589,-0.0296021,-0.0461273,4
6930924037339,-0.222229,-6.23306,7.91412,1
6930953822495,-0.282532,-6.17831,7.90619,1
6930963588120,-0.0500031,0.0156097,-0.11734,4
6930984095933,0.75293,-6.12674,7.98157,1
6930993861558,0.052887,0.00991821,0.0115509,4
6931013881089,0.00708008,-6.44016,8.33307,1
6931023646714,-0.0670929,0.0893097,0.126907,4
6931043666245,-0.213501,-5.80142,7.91888,1
6931053431870,-0.134033,0.0889587,0.0973511,4
6931073939683,-0.395203,-6.17911,8.28387,1
6931083705308,-0.128326,0.132385,0.0895233,4
6931113490464,-0.0941467,-0.0235596,-0.0201416,4
6931133509995,-0.315063,-6.47427,7.94745,1
6931143275620,-0.123703,-0.102951,-0.0735474,4
6931163783433,-0.413452,-6.69009,7.54041,1
6931223353745,0.119751,-6.32193,8.10297,1
6931233119370,0.160767,-0.0132294,-0.098114,4
6931253627183,0.140381,-6.00217,8.03156,1
6931263392808,0.0927734,0.0508575,0.00442505,4
6931283412339,-0.083374,-5.9252,8.29816,1
6931293177964,-0.0471497,0.0359039,0.0368195,4
6931313197495,-0.286499,-5.8768,8.21881,1
6931322963120,-0.271454,0.045517,0.0133209,4
6931353236558,-0.00585938,-0.0538177,-0.0553894,4
6931373251373,-0.787964,-6.01804,7.44598,1
6931403036529,0.453796,-6.58139,7.75623,1
6931412802154,0.319214,-0.0303192,-0.0290375,4
6931433309967,0.531555,-4.81992,9.18048,1
6931472860748,-0.668091,0.159088,0.134384,4
6931492880279,-0.327759,-7.25504,7.31506,1
6931523153717,-0.480896,-6.556,7.74274,1
6931532919342,-0.291397,0.121704,0.0546265,4
6931552938873,-0.821289,-8.57138,6.87549,1
6931562704498,0.216675,-0.152802,-0.0813751,4
6931582724029,-0.220642,-6.83292,8.33942,1
6931592489654,0.658157,-0.317642,-0.078537,4
6931612997467,0.337158,-3.0751,9.5899,1
6931622763092,-0.420639,-0.0862122,-0.00553894,4
6931642782623,-0.188904,-6.06485,7.66101,1
6931652548248,-0.814423,0.0636749,0.04039,4
6931702841217,-0.727661,-6.66391,7.28729,1
6931712606842,0.413559,0.442505,-0.14476,4
6931732626373,-0.0587769,-5.67288,8.09503,1
6931742391998,0.594421,0.407257,-0.273285,4
6931822470123,0.479187,-9.33231,7.54437,1
6931832235748,-0.484726,-0.242157,0.0442963,4
6931852255279,-0.76416,-6.57663,6.99371,1
6931882528717,0.0419922,-6.20847,8.24896,1
6931892294342,-0.0870361,-0.119324,-0.0892181,4
6931912313873,-0.284119,-6.53854,7.57928,1
6931922079498,0.0144348,-0.0644989,-0.114487,4
6931972372467,0.0300903,-5.6713,8.10059,1
6931982138092,0.36264,-0.019989,0.012619,4
6932002157623,0.964783,-5.82999,8.53461,1
6932011923248,0.167542,0.0615387,0.100204,4
6932062216217,-0.982361,-6.21402,7.81653,1
6932071981842,-0.225525,0.0120544,-0.0493317,4
6932092001373,-1.10693,-7.16141,7.31824,1
6932101766998,-0.121567,-0.0691223,-0.160416,4
6932121786529,-0.567383,-6.81387,7.90222,1
6932131552154,0.295349,0.0059967,-0.150452,4
6932152059967,0.428406,-6.77103,7.38171,1
6932161825592,0.299988,-0.0192871,-0.042923,4
6932181845123,1.23932,-5.76413,8.55048,1
6932271688873,-1.43225,-6.83054,7.33966,1
6932281454498,-0.367233,0.0458679,-0.0301056,4
6932301474029,-0.395996,-7.84775,7.03577,1
6932311239654,0.278259,-0.0452728,-0.153305,4
6932371298248,0.154358,0.0818329,0.0500031,4
6932391317779,-0.449951,-5.23251,8.77344,1
6932401083404,-0.459808,0.0597534,0.0841827,4
6932421591217,-0.59436,-5.91885,7.8078,1
6932431356842,-0.418152,0.00991821,-0.0909882,4
6932451376373,-0.698303,-5.31345,8.35052,1
6932461141998,-0.435242,0.168701,-0.214539,4
6932481161529,-0.666565,-6.41318,8.14661,1
6932521200592,0.380447,0.446411,-0.406082,4
6932541220123,-0.192871,-7.53275,7.44281,1
6932550985748,0.0503998,0.273026,-0.251923,4
6932571005279,0.201477,-7.07095,7.0072,1
6932580770904,-0.312759,-0.0253296,-0.119125,4
6932631063873,-0.0286255,-7.13522,7.62451,1
6932640829498,0.286453,-0.0185699,0.14328,4
6932660849029,-0.547546,-5.8284,7.96173,1
6932670614654,0.290375,-0.0452728,0.0289917,4
6932691122467,-0.379333,-6.78055,7.96649,1
6932700888092,0.359802,-0.128937,-0.00198364,4
6932730673248,0.139053,-0.0904846,-0.0500488,4
6932750692779,-0.749084,-6.20847,7.84271,1
6932760458404,-0.135452,-0.0701904,-0.0578766,4
6932780966217,-0.093689,-6.73532,6.83423,1
6932810751373,0.850525,-6.69962,7.88953,1
6932820516998,0.359085,-0.0502625,-0.0995331,4
6932840536529,0.985413,-6.11801,8.27277,1
6932850302154,0.233047,0.0376892,0.0791931,4
6932900595123,-0.511841,-5.74112,7.93237,1
6932910360748,-0.130112,0.0672302,0.0724335,4
6932930380279,-1.39178,-5.90695,8.21802,1
6932940145904,-0.216629,0.00671387,-0.0860138,4
6932990438873,0.172119,-6.07278,7.9054,1
6933000204498,0.38472,-0.0470581,-0.127304,4
6933020224029,0.569641,-6.14737,8.04028,1
6933029989654,0.365494,0.0547791,-0.0760345,4
6933080282623,-0.301575,-5.01431,8.93213,1
6933090048248,-0.0756378,0.0383911,0.0357513,4
6933110067779,-0.909363,-5.35788,8.30688,1
6933119833404,-0.516418,0.0362549,0.000869751,4
6933140341217,-0.971252,-7.23282,7.31506,1
6933150106842,-0.229446,-0.0997467,-0.113068,4
6933170126373,-0.111145,-7.017,7.21509,1
6933209677154,0.415344,-0.038147,-0.042923,4
6933230184967,0.77356,-5.44119,9.04163,1
6933239950592,0.252625,0.0764923,0.00869751,4
6933269735748,-0.00442505,0.0718689,0.078125,4
6933289755279,-0.130981,-4.49063,8.9353,1
6933320028717,-0.529297,-5.59433,7.5658,1
6933329794342,-0.846817,0.0896606,0.0667267,4
6933349813873,-0.526917,-7.45816,6.99292,1
6933359579498,-0.264343,0.00350952,-0.00270081,4
6933389364654,0.150452,-0.0452728,-0.0845795,4
6933409872467,-0.438049,-7.18759,7.55945,1
6933419638092,0.384003,-0.0879974,-0.132645,4
6933479208404,0.152939,0.0882416,0.0343323,4
6933509481842,-0.152191,0.101059,0.188858,4
6933529501373,-0.684814,-5.61575,8.1355,1
6933559286529,-0.952209,-6.76389,7.56976,1
6933569052154,-0.0646057,-0.0830078,-0.068924,4
6933589559967,-0.280945,-6.50998,7.93951,1
6933599325592,0.224503,-0.14888,-0.176437,4
6933619345123,0.365723,-6.33542,8.20294,1
6933629110748,0.221298,-0.00361633,-0.120193,4
6933649130279,0.399048,-5.18967,8.4743,1
6933658895904,0.0155029,0.0782776,0.096283,4
6933679403717,-0.354736,-5.12302,8.69885,1
6933718954498,-0.461578,0.0145416,-0.014801,4
6933738974029,-0.377747,-7.30423,7.59357,1
6933748739654,-0.0799103,-0.0983276,-0.109863,4
6933769247467,-0.201599,-7.19394,7.55389,1
6933779013092,0.318146,-0.111145,-0.165756,4
6933799032623,0.102295,-5.62924,8.28546,1
6933808798248,0.187119,0.0626068,-0.0920563,4
6933828817779,0.591858,-5.88394,8.15057,1
6933838583404,0.070694,0.112808,0.0774078,4
6933859091217,0.103088,-6.05295,8.19739,1
6933868856842,-0.0930786,0.116364,0.258286,4
6933888876373,-0.667358,-5.71414,8.11249,1
6933918661529,-1.10535,-6.65994,7.72131,1
6933928427154,-0.190643,-0.0719757,-0.0938416,4
6933948934967,-0.348389,-6.68613,7.69354,1
6933988485748,0.260101,-0.0256958,-0.192825,4
6934008505279,0.666443,-5.82285,8.39258,1
6934038778717,-0.257141,-5.38168,8.60522,1
6934048544342,-0.168564,0.1185,0.0866699,4
6934098349029,-0.211121,-6.45206,7.66577,1
6934108114654,-0.126907,0.0131226,0.0133209,4
6934128622467,-0.156372,-6.43301,8.27515,1
6934138388092,-0.126556,0.0572662,0.0154572,4
6934158407623,-0.272217,-6.7377,7.83478,1
6934168173248,-0.228027,0.0398254,0.0111847,4
6934188192779,-0.468201,-7.60495,7.09528,1
6934197958404,0.263306,-0.055603,-0.0215607,4
6934217977936,-0.217468,-6.32748,8.0744,1
6934227743561,0.477295,-0.107224,-0.0514679,4
6934278036529,-0.195251,-6.49094,7.82684,1
6934287802154,-0.0920105,-0.00646973,-0.0261993,4
6934307821686,-0.0913086,-6.60043,7.71259,1
6934317587311,0.140839,-0.0207062,-0.0180054,4
6934347860748,0.160065,0.0362549,0.0261383,4
6934367880279,0.0856323,-5.89505,8.46954,1
6934377645904,-0.0991364,0.113525,0.0806122,4
6934397665436,-0.411865,-6.00296,7.97998,1
6934407431061,-0.193848,0.0989227,0.106964,4
6934427938873,-0.833984,-6.27036,7.83875,1
6934437704498,-0.19989,-0.0296021,-0.0539703,4
6934457724029,-0.543579,-7.05191,7.46582,1
6934467489654,0.195663,-0.200867,-0.175735,4
6934487509186,-0.375366,-6.34415,7.68005,1
6934497274811,0.226288,-0.0385132,-0.157578,4
6934527548248,0.393982,-0.0598755,-0.0404358,4
6934547567779,0.706116,-5.4523,8.95752,1
6934557333404,0.257263,0.0675964,0.141144,4
6934577352936,0.00549316,-5.31979,8.80359,1
6934587118561,-0.139725,0.148407,0.26149,4
6934607626373,-0.449951,-5.59195,8.3053,1
6934617391998,-0.574097,0.149124,0.147903,4
6934637411529,-1.245,-6.68692,7.54913,1
6934667196686,-0.533264,-7.52243,7.16272,1
6934676962311,0.243378,-0.181992,-0.217392,4
6934697470123,-0.0294189,-6.06961,7.92682,1
6934707235748,0.025116,-0.0798035,-0.0568085,4
6934727255279,0.786255,-5.62448,8.53857,1
6934737020904,0.197083,0.0141907,0.0457306,4
6934757040436,-0.367432,-5.98233,8.25848,1
6934766806061,-0.1091,0.0205994,0.0866699,4
6934817099029,-0.484863,-6.11563,7.83081,1
6934826864654,-0.0215149,-0.0637817,-0.146896,4
6934846884186,-0.0198975,-6.63455,7.65308,1
6934856649811,0.108429,-0.0135803,-0.0824432,4
6934906942779,0.0959473,-5.14523,8.66473,1
6934916708404,-0.557007,0.153397,0.153961,4
6934946493561,-0.654907,0.109955,0.193481,4
6934967001373,-0.547546,-6.91623,7.73956,1
6934976766998,-0.488998,0.0775604,0.0617523,4
6934996786529,-0.239685,-6.11722,7.67688,1
6935006552154,-0.627136,0.122421,-0.0115967,4
6935026571686,-0.418213,-7.89377,6.80408,1
6935086630279,-0.431702,-7.17807,7.59515,1
6935096395904,0.211685,-0.055954,-0.0379486,4
6935116415436,-1.02441,-9.45053,6.07489,1
6935126181061,1.12457,-0.34613,-0.144043,4
6935146688873,-0.234131,-6.69327,10.1858,1
6935156454498,1.40869,-0.286316,-0.160416,4
6935206259186,0.750549,-3.51071,7.57452,1
6935216024811,-0.377197,-0.152802,-0.0543213,4
6935236532623,1.68127,-4.13675,8.63617,1
6935246298248,-0.887405,0.0608215,-0.0799561,4
6935266317779,0.557739,-7.30185,8.64331,1
6935276083404,-1.0672,0.404404,0.186722,4
6935296102936,0.341125,-5.89664,8.74487,1
6935305868561,-1.15729,0.459946,0.0489349,4
6935326376373,0.341919,-8.44998,6.41211,1
6935365927154,0.0226288,0.0508575,0.199539,4
6935385946686,1.57336,-10.5495,6.15582,1
6935395712311,0.822296,-0.234329,0.635681,4
6935416220123,0.578369,-9.88535,5.8313,1
6935425985748,0.824783,-0.471451,1.11954,4
6935446005279,-0.398376,-8.37619,4.80615,1
6935455770904,0.199585,-0.832123,1.47807,4
6935475790436,-0.669739,-7.53195,5.31158,1
6935485556061,-0.338394,-1.332,1.74438,4
6935535849029,-1.94482,-5.41739,6.65015,1
6935545614654,-0.297806,-1.56627,1.53468,4
6935565634186,-1.4505,-4.47476,9.58276,1
6935575399811,0.338074,-1.25616,1.09746,4
6935595907623,-1.34656,-3.6218,10.2374,1
6935635458404,0.996399,-0.283813,0.313461,4
6935655477936,-0.365845,-3.62497,10.9729,1
6935685751373,-0.640381,-4.71201,9.51056,1
6935695516998,-0.348007,0.229584,0.110886,4
6935715536529,-0.473755,-5.0524,8.10217,1
6935725302154,-0.530304,0.110672,-0.060379,4
6935745321686,-0.27063,-5.63162,7.00085,1
6935755087311,-0.0692291,-0.292358,-0.338791,4
6935775595123,1.13696,-7.36057,8.45447,1
6935785360748,0.156143,-0.35965,-0.168259,4
6935805380279,0.264954,-7.3082,8.19263,1
6935815145904,0.115906,0.0138245,0.117645,4
6935835165436,-0.665771,-4.91751,8.04663,1
6935875204498,-0.179596,-0.0944061,-0.112717,4
6935895224029,-0.262695,-7.2836,8.09106,1
6935934774811,0.0115967,-0.0780334,-0.098114,4
6935955282623,-0.283325,-7.1257,7.4682,1
6935965048248,0.399323,-0.106506,-0.0578766,4
6935985067779,-0.218262,-5.96249,8.13153,1
6936024618561,0.130508,-0.036377,-0.0365143,4
6936045126373,-0.377747,-6.20847,8.20612,1
6936054891998,-0.0172424,-0.0552368,-0.0585938,4
6936074911529,-0.27301,-6.68216,7.91095,1
6936084677154,0.0756836,-0.100464,-0.068924,4
6936104696686,0.053894,-6.21799,8.09424,1
6936114462311,0.218445,-0.0709076,-0.0443573,4
6936134970123,0.386353,-5.09048,8.69568,1
6936144735748,-0.0670929,0.132034,0.0489349,4
6936194540436,-0.254761,-5.53641,7.71179,1
6936204306061,0.160767,0.129898,-0.142258,4
6936224813873,-1.7663,-6.48062,7.46661,1
6936264364654,0.106659,-0.14389,-0.132645,4
6936284384186,-0.00164795,-6.01169,7.94348,1
6936294149811,0.31778,-0.104736,-0.125534,4
6936314169342,0.325256,-5.72525,8.53461,1
6936323934967,0.0927734,0.0419617,-0.0286865,4
6936344442779,-0.139709,-6.51791,8.17993,1
6936354208404,0.00447083,0.0871735,0.0638885,4
6936374227936,-0.321411,-6.61313,8.0744,1
6936383993561,-0.00265503,0.0163269,0.040741,4
6936404013092,-0.303955,-5.11508,8.85516,1
6936413778717,-0.348007,-0.000762939,-0.0354462,4
6936434286529,-0.353149,-6.93289,7.1651,1
6936473837311,-0.149689,-0.0292511,-0.0368805,4
6936493856842,0.193542,-5.52371,8.58539,1
6936524130279,0.151489,-5.73557,8.95673,1
6936533895904,-0.946152,0.397995,-0.00340271,4
6936563681061,0.406799,0.471344,0.0175934,4
6936583700592,-0.166687,-6.47189,7.42773,1
6936593466217,0.829056,0.233856,-0.0909882,4
6936623739654,0.0297546,-0.0153656,-0.0764008,4
6936643759186,-0.684814,-8.57535,7.36267,1
6936653524811,-0.0767059,-0.275635,-0.000198364,4
6936673544342,-0.523743,-6.4957,7.7356,1
6936763388092,-0.0294189,-6.69882,7.36981,1
6936773153717,-0.127625,-0.0175018,0.0941467,4
6936833212311,0.217743,0.00172424,-0.0361633,4
6936853231842,-0.510254,-5.74747,8.01489,1
6936862997467,-0.0546265,-0.00326538,-0.0731964,4
6936883505279,-0.361877,-6.59964,7.63959,1
6936893270904,0.0856476,-0.0249786,-0.13443,4
6936913290436,0.288757,-5.98233,8.21802,1
6936923056061,0.145111,-0.036377,-0.0938416,4
6936943075592,0.228455,-6.49173,8.1228,1
6936952841217,0.0660706,0.12883,0.0418091,4
6936973349029,-0.346008,-6.73849,7.72528,1
6936983114654,0.311371,0.0907288,0.0574799,4
6937032919342,-0.157166,-4.9437,8.96466,1
6937042684967,-0.115875,0.0348358,0.000152588,4
6937063192779,-0.44043,-5.74826,8.28387,1
6937072958404,-0.430603,0.00279236,-0.0418549,4
6937092977936,-0.326965,-6.73294,7.66498,1
6937102743561,-0.307419,-0.0146484,-0.113068,4
6937122763092,-0.374573,-6.72501,7.53802,1
6937132528717,0.16362,-0.0883484,-0.18071,4
6937153036529,-0.632446,-6.52029,7.84747,1
6937162802154,0.291077,0.0718689,-0.106308,4
6937182821686,0.54425,-6.23624,7.91095,1
6937192587311,0.369049,0.0184631,-0.0479126,4
6937212606842,0.532349,-5.8649,8.61871,1
6937222372467,0.360153,0.0686646,0.0610352,4
6937242391998,0.0158081,-4.9921,8.74487,1
6937252157623,-0.156097,0.128479,0.229797,4
6937332235748,-0.53009,-6.59488,7.53485,1
6937372274811,0.0560913,-0.0541687,-0.0418549,4
6937392294342,-0.224609,-6.42587,7.85858,1
6937402059967,0.0272522,-0.0118103,0.00370789,4
6937422079498,-0.369019,-6.5076,8.16089,1
6937462118561,-0.0923767,-0.0463409,-0.0436401,4
6937482138092,-0.0325928,-6.01328,8.06171,1
6937491903717,-0.0895233,-0.019989,-0.0443573,4
6937511923248,-0.0127563,-5.88394,8.08075,1
6937521688873,-0.229446,0.0857544,0.00514221,4
6937542196686,-0.120667,-6.70676,7.78479,1
6937551962311,-0.140793,0.129898,0.0727844,4
6937571981842,-0.601501,-7.22092,7.57056,1
6937581747467,0.0938416,0.0391083,0.0343323,4
6937601766998,-0.449158,-6.16562,8.06647,1
6937611532623,0.134781,-0.0548859,-0.0496979,4
6937631552154,-0.274597,-6.314,7.97681,1
6937691610748,0.0332642,-6.18307,8.10059,1
6937701376373,0.160767,0.0447998,0.000152588,4
6937751669342,-0.303162,-5.78,8.45288,1
6937761434967,-0.147919,0.138443,0.0233002,4
6937781454498,-0.655457,-6.52029,7.61737,1
6937791220123,-0.135101,0.0679474,-0.00483704,4
6937811239654,-0.392822,-6.14658,7.92999,1
6937821005279,0.0350952,-0.0296021,-0.0286865,4
6937841513092,-0.177002,-5.86331,8.23151,1
6937851278717,-0.117645,0.00172424,-0.0126648,4
6937871298248,-0.23175,-5.96964,8.12756,1
6937970907623,0.121613,0.00991821,0.0272064,4
6937990927154,-0.477722,-6.5433,7.94189,1
6938090536529,0.211685,-0.0345917,0.0179596,4
6938110556061,-0.347595,-5.76254,8.43701,1
6938180380279,0.0625,-0.111145,-0.0778198,4
6938200399811,-0.055603,-6.38382,7.85699,1
6938210165436,0.19104,-0.0474091,-0.0475616,4
6938230673248,-0.00799561,-6.03549,8.15851,1
6938240438873,0.169312,0.0430298,0.0158234,4
6938260458404,-0.0310059,-5.92123,8.48541,1
6938270224029,-0.0350494,0.107819,0.0617523,4
6938290243561,-0.180176,-6.22275,8.38068,1
6938300009186,-0.290329,0.136658,0.058548,4
6938320516998,-0.734009,-6.29971,7.62372,1
6938330282623,-0.127258,0.0711517,0.0318451,4
6938350302154,-0.659424,-6.25766,7.64752,1
6938360067779,0.0457764,-0.0669861,-0.0550385,4
6938389852936,-0.0240173,-0.100815,-0.0902863,4
6938409872467,0.120544,-5.08731,9.22571,1
6938469931061,0.237976,-6.83688,7.42932,1
6938479696686,-0.112671,0.587051,-0.18071,4
6938499716217,-0.574524,-6.24893,7.29602,1
6938509481842,1.03662,0.428253,-0.391846,4
6938589559967,-0.71814,-7.3566,6.88739,1
6938599325592,0.741821,-0.275269,0.0275726,4
6938619833404,-0.408691,-5.46262,8.36719,1
6938629599029,0.701599,-0.282394,-0.120895,4
6938649618561,0.0776978,-5.60703,8.81073,1
6938659384186,0.19104,-0.120758,-0.0917053,4
6938679403717,-0.184937,-6.17831,8.07123,1
6938689169342,0.00305176,-0.0637817,-0.0393677,4
6938709677154,-0.392029,-6.60837,7.88556,1
6938749227936,0.0386505,-0.0260468,-0.0318909,4
6938769247467,0.167358,-6.45682,7.99585,1
6938779013092,0.0354462,0.0326996,-0.0340271,4
6938799032623,0.345886,-6.17276,8.19659,1
6938808798248,0.178574,0.073288,0.068161,4
6938829306061,0.32843,-5.66098,8.59253,1
6938859091217,-0.646729,-5.97757,8.10773,1
6938868856842,-0.19455,0.0590515,-0.0482635,4
6938888876373,-1.30927,-6.095,7.41266,1
6938898641998,-0.214493,0.0059967,-0.0835114,4
6938919149811,-0.254761,-6.46555,7.65546,1
6938928915436,0.111282,-0.083725,-0.169678,4
6938948934967,0.155457,-6.36954,8.42035,1
6938958700592,0.165756,-0.0345917,-0.0906372,4
6939068563873,-0.449951,-6.45682,7.63165,1
6939078329498,0.0133667,-0.0844421,-0.0204926,4
6939188192779,-0.224609,-9.51321,5.4425,1
6939197958404,-0.690872,0.392303,0.145065,4
6939278036529,-0.703857,-6.87418,8.38861,1
6939287802154,0.0172882,-0.20549,-0.0169373,4
6939308309967,-0.309509,-7.76523,7.90381,1
6939318075592,0.0874329,-0.200867,0.0653076,4
6939338095123,-0.471375,-5.0159,8.15454,1
6939347860748,0.0183563,-0.273849,-0.100601,4
6939377645904,-0.286407,-0.0591583,0.00300598,4
6939397665436,0.207031,-5.96567,7.66656,1
6939427938873,-0.406311,-8.36349,6.68665,1
6939437704498,0.17572,-0.0228424,0.0161743,4
6939457724029,-0.177795,-7.22012,7.94348,1
6939467489654,0.740051,-0.13179,-0.0454254,4
6939497274811,0.506134,0.0131226,-0.0169373,4
6939527548248,-0.105896,0.0917969,0.100204,4
6939547567779,-0.415039,-5.78873,7.69354,1
6939557333404,-0.235504,0.0697327,0.0165253,4
6939577352936,-1.09265,-6.03708,8.20294,1
6939587118561,-0.283203,-0.0153656,-0.129807,4
6939607138092,-0.737183,-6.79642,7.6991,1
6939616903717,0.0489807,0.055481,-0.112717,4
6939637411529,0.578369,-6.81784,7.66815,1
6939647177154,0.140839,0.0326996,-0.0297546,4
6939667196686,0.826721,-6.04898,8.10376,1
6939676962311,0.185333,0.0682983,0.106613,4
6939696981842,-0.104797,-5.11588,9.03052,1
6939706747467,-0.115875,0.101776,0.0556946,4
6939727255279,-1.19025,-5.7435,8.10852,1
6939737020904,-0.410309,0.0839691,-0.0489807,4
6939786825592,-0.346008,-6.63614,7.61896,1
6939796591217,0.3452,-0.0644989,-0.0393677,4
6939826864654,0.23056,0.0188141,0.0279236,4
6939846884186,0.00946045,-5.64432,8.43384,1
6939856649811,0.123032,0.104263,0.114441,4
6939876669342,-0.59436,-5.14285,8.86707,1
6939886434967,-0.297806,0.0586853,0.00193787,4
6939906454498,-0.693542,-6.39017,8.02362,1
6939916220123,-0.513214,-0.0349426,-0.142258,4
6939936727936,-0.48645,-7.27963,7.09924,1
6939946493561,0.113068,-0.0819397,-0.0888519,4
6939966513092,0.4776,-6.28781,7.91016,1
6939996298248,0.237976,-6.26559,8.18311,1
6940006063873,0.164688,0.0668793,0.0250702,4
6940026571686,-0.202393,-6.22672,8.1347,1
6940036337311,0.0845795,0.103546,0.0745697,4
6940056356842,-0.476929,-5.47769,8.39813,1
6940066122467,-0.166779,0.0330505,0.00727844,4
6940116415436,-0.115906,-7.03683,7.31189,1
6940126181061,0.406082,-0.123245,-0.0888519,4
6940146200592,0.268921,-6.2164,8.341,1
6940155966217,0.482269,-0.0153656,-0.0194244,4
6940205770904,-0.265869,-5.17538,8.72583,1
6940215536529,-0.267181,0.00244141,0.0222321,4
6940245809967,-0.390732,-0.0267639,0.00370789,4
6940265829498,-0.0198975,-6.32907,8.21643,1
6940275595123,-0.329849,-0.0595093,0.0186615,4
6940295614654,0.207031,-6.15848,8.00378,1
6940305380279,-0.048584,0.0444489,-0.0650024,4
6940365438873,0.260818,0.457092,-0.419266,4
6940385458404,-0.244446,-5.8522,8.21802,1
6940395224029,-0.117294,0.316467,-0.353745,4
6940415731842,-0.99585,-7.55338,7.0802,1
6940425497467,-0.780243,0.0690155,-0.070343,4
6940455282623,-0.212006,-0.136063,0.00193787,4
6940475302154,-0.437256,-6.00296,7.565,1
6940485067779,0.155426,-0.195877,-0.0842285,4
6940505087311,0.00390625,-5.83871,8.53223,1
6940514852936,0.00340271,-0.15387,-0.0970459,4
6940535360748,-0.0905151,-6.02121,8.10217,1
6940545126373,-0.234436,-0.0865784,-0.0475616,4
6940565145904,-0.177795,-7.07254,7.53406,1
6940574911529,0.0493317,-0.158142,0.0108337,4
6940594931061,-0.407898,-6.96304,7.61578,1
6940604696686,0.414627,-0.170593,0.0200958,4
6940664755279,0.204926,0.0658112,0.00442505,4
6940684774811,0.788635,-5.73953,8.03949,1
6940715048248,-0.019104,-5.48325,7.98792,1
6940724813873,0.0357971,0.00848389,0.0147552,4
6940774618561,-0.690369,-5.72604,8.26404,1
6940784384186,-0.383255,0.082901,0.0293427,4
6940804403717,-0.301575,-6.76309,7.47693,1
6940814169342,-0.17746,0.0059967,-0.0137329,4
6940834677154,-0.132568,-6.86227,7.8927,1
6940844442779,0.282532,0.0106201,-0.00233459,4
6940864462311,-0.192078,-6.36319,8.18707,1
6940874227936,0.382935,-0.0498962,-0.0308228,4
6940894247467,0.140381,-5.1976,9.00275,1
6940904013092,0.00411987,0.017395,-0.0197906,4
6940924520904,-0.567383,-6.15213,8.1712,1
6940964071686,-0.336258,0.0387573,-0.178223,4
6940984091217,0.608521,-6.21164,8.08868,1
6940993856842,-0.503952,0.073288,-0.104523,4
6941014364654,0.316528,-7.09,7.58801,1
6941053915436,0.135849,0.0821838,0.174973,4
6941073934967,-0.415833,-6.45047,8.03394,1
6941083700592,0.423889,-0.0349426,0.0492859,4
6941103720123,-0.652283,-5.36026,8.74567,1
6941113485748,-0.0841827,-0.0210571,-0.0831604,4
6941133993561,-0.294434,-6.38382,7.69672,1
6941143759186,-0.0695801,-0.0769653,-0.168961,4
6941163778717,-0.163513,-6.31955,7.74353,1
6941173544342,0.0493317,-0.0167847,-0.0340271,4
6941193563873,0.768005,-6.3981,7.89429,1
6941263388092,-0.197754,0.0718689,0.0265045,4
6941283407623,-1.29181,-6.11087,7.98395,1
6941293173248,-0.249741,0.0665283,-0.0304718,4
6941313681061,-0.643555,-6.80673,7.70306,1
6941323446686,-0.162506,-0.0791016,-0.182495,4
6941343466217,-0.533264,-6.56235,7.93317,1
6941373266287,0.747375,-6.59805,7.43805,1
6941383031912,0.0742493,-0.0356598,-0.000198364,4
6941412817068,0.234467,0.0259399,0.0663757,4
6941433324881,-0.203186,-5.97678,8.27277,1
6941443090506,0.173584,0.0501404,0.0799103,4
6941463110037,-0.102417,-6.09262,8.18628,1
6941472875662,0.0283203,0.0622559,0.0467987,4
6941492895193,0.0681763,-6.04898,7.96014,1
6941552953787,-0.357117,-6.87735,7.6134,1
6941562719412,-0.0364685,-0.00967407,-0.0575256,4
6941582738943,-0.364258,-6.27591,7.91571,1
6941592504568,0.1241,-0.0641479,-0.185699,4
6941613012381,-0.541199,-6.29733,7.91016,1
6941622778006,-0.0389709,-0.037796,-0.0852966,4
6941652563162,0.127304,-0.0224915,-0.0201416,4
6941672582693,0.396667,-6.22037,7.96173,1
6941682348318,0.297852,-0.0338745,0.0389557,4
6941702367850,0.878296,-5.08572,8.94403,1
6941712133475,0.0557404,0.0839691,0.163925,4
6941801977225,-0.299942,0.0565491,0.0510712,4
6941822485037,-0.506287,-6.75992,7.59674,1
6941832250662,-0.112305,-0.0374451,-0.0290375,4
6941862035818,0.109146,-0.0701904,-0.0667877,4
6941882055350,0.0189819,-6.21719,8.03314,1
6941891820975,0.0204926,-0.0331726,-0.0536041,4
6941912328787,-0.010376,-6.77817,7.85065,1
6941922094412,-0.0136871,-0.0164337,-0.0269012,4
6941951879568,0.370834,-0.0345917,-0.0126648,4
6941971899100,-0.111938,-5.12064,8.44257,1
6941981664725,0.269714,-0.0410004,-0.0454254,4
6942001684256,0.124512,-5.10318,8.67902,1
6942071508475,-0.0411072,0.0950012,0.088089,4
6942101293631,0.196732,0.0148926,0.00976562,4
6942121801443,-0.475342,-6.05533,8.02997,1
6942151586600,-0.130188,-6.3259,7.76178,1
6942161352225,0.168961,-0.0687714,-0.163269,4
6942191137381,0.214539,-0.00860596,-0.128021,4
6942211156912,0.34906,-5.93948,8.50366,1
6942241430350,0.0546875,-5.96567,8.34735,1
6942251195975,-0.319885,0.14592,0.125473,4
6942271215506,-0.588013,-6.66153,7.64594,1
6942280981131,-0.211288,-0.0139465,0.04039,4
6942301000662,-0.415833,-6.29733,7.76257,1
6942310766287,0.0293884,-0.0765991,-0.0977631,4
6942361059256,-0.135742,-5.17856,8.75677,1
6942370824881,-0.351212,0.0430298,-0.0450592,4
6942390844412,-0.0762329,-4.85483,9.6026,1
6942400610037,-0.544189,0.378769,-0.120193,4
6942420629568,0.640259,-5.60623,8.98132,1
6942430395193,0.313507,0.567825,-0.319214,4
6942450903006,-0.186523,-6.46475,7.58246,1
6942460668631,0.301407,0.493408,-0.316727,4
6942480688162,-0.235718,-7.04239,6.38434,1
6942490453787,0.353745,0.116364,-0.232697,4
6942510473318,-0.345215,-7.07254,6.03125,1
6942520238943,0.494385,-0.235748,-0.172882,4
6942540746756,-0.349976,-7.70334,8.69727,1
6942550512381,-0.366882,-0.174866,0.0311279,4
6942570531912,-0.137329,-7.50815,7.23413,1
6942580297537,0.106659,-0.010025,0.00442505,4
6942640356131,0.236252,-0.133209,-0.0625153,4
6942660375662,-0.0698853,-6.58615,8.01489,1
6942670141287,0.277191,-0.083374,-0.0493317,4
6942690160818,-0.124634,-6.68295,9.28522,1
6942699926443,0.39682,0.160873,0.00584412,4
6942719945975,0.140381,-4.98575,8.01251,1
6942729711600,0.00695801,0.1064,-0.00839233,4
6942750219412,0.146729,-5.98471,7.86731,1
6942759985037,0.034729,0.0490723,0.0158234,4
6942819555350,-0.0941467,0.019165,-0.0115967,4
6942840063162,-0.345215,-5.98074,8.29657,1
6942849828787,-0.223038,-0.010025,-0.032608,4
6942869848318,-0.454712,-7.13681,7.13812,1
6942879613943,0.08992,-0.0335236,-0.0909882,4
6942899633475,-0.438843,-6.2283,8.17279,1
6942939184256,-0.0535583,0.0376892,-0.0283356,4
6942959692068,0.416504,-6.47269,7.69037,1
6942969457693,0.189255,0.0465851,0.0628204,4
6942989477225,0.0880127,-5.40311,8.77899,1
6943019262381,0.124512,-4.78262,8.78058,1
6943029028006,-0.1828,0.0697327,0.0667267,4
6943059301443,-0.411743,0.0326996,0.022583,4
6943079320975,-0.622131,-6.30765,8.15613,1
6943109106131,-0.428528,-6.72659,7.68878,1
6943118871756,-0.15361,-0.0919189,-0.136917,4
6943138891287,-0.214294,-6.66232,7.93396,1
6943148656912,0.0240479,-0.113632,-0.253342,4
6943169164725,-0.477722,-7.00192,8.18549,1
6943178930350,0.118042,0.0804138,-0.141907,4
6943228735037,0.591064,-5.67209,8.28149,1
6943238500662,0.210968,0.0558472,0.0588989,4
6943259008475,-0.00958252,-5.66177,8.33148,1
6943268774100,0.0746155,0.0362549,0.0649567,4
6943288793631,0.163391,-5.38882,8.29895,1
6943298559256,-0.195984,0.0138245,0.0706482,4
6943318578787,-0.299988,-5.91727,7.95538,1
6943328344412,-0.273239,-0.0203552,0.04216,4
6943348363943,-0.461853,-5.98074,7.90222,1
6943358129568,-0.450195,-0.000762939,0.0517731,4
6943388403006,-0.226959,0.0305634,-0.0115967,4
6943408422537,-0.204773,-6.86148,7.79828,1
6943498266287,0.403809,-4.96512,9.05511,1
6943508031912,0.453796,-0.00183105,-0.110214,4
6943537817068,-0.125839,0.0875244,0.0920105,4
6943558324881,0.288757,-6.12674,7.81812,1
6943568090506,-0.23764,0.0280762,0.118713,4
6943588110037,-0.953796,-5.93076,8.10059,1
6943597875662,-0.142929,0.0711517,0.0147552,4
6943617895193,-0.57135,-6.7258,7.76099,1
6943627660818,-0.0211639,-0.0730438,-0.106308,4
6943647680350,-0.234924,-6.51791,7.9046,1
6943657445975,0.159348,-0.0360107,-0.215256,4
6943677953787,0.125305,-6.13071,8.12994,1
6943687719412,0.0140839,0.00314331,-0.0240631,4
6943707738943,0.768799,-5.64511,8.32355,1
6943717504568,0.052887,0.108887,0.0912933,4
6943777563162,-0.121567,0.0700836,-0.00804138,4
6943807348318,0.105942,-0.121109,-0.112,4
6943827367850,0.00866699,-6.23148,8.10852,1
6943837133475,0.246582,-0.065918,-0.189255,4
6943857153006,0.321289,-5.94901,8.24738,1
6943866918631,0.0817261,-0.00289917,-0.0251312,4
6943887426443,0.265747,-5.89426,8.38702,1
6943897192068,0.0176392,0.107468,0.0745697,4
6943917211600,-0.0651245,-5.77762,8.31323,1
6943926977225,-0.228378,0.137375,0.123703,4
6943946996756,-0.86731,-6.59726,7.65625,1
6943956762381,-0.076355,0.00706482,-0.00553894,4
6943977270193,-0.622925,-6.45602,7.77368,1
6943987035818,0.186401,-0.135345,-0.182144,4
6944067113943,0.533142,-6.24893,8.19739,1
6944076879568,0.178925,-6.10352e-05,-0.0564575,4
6944136449881,-0.343018,0.0682983,0.209854,4
6944156469412,0.115784,-6.27353,7.97363,1
6944166235037,-0.0332642,0.0124054,0.00869751,4
6944186742850,-1.00458,-6.20609,7.90857,1
6944226293631,-0.0112,-0.0424194,-0.0810242,4
6944246313162,-0.359497,-6.38144,7.6261,1
6944256078787,0.181778,-0.036377,-0.103806,4
6944276098318,0.343506,-5.9744,8.46954,1
6944336156912,-0.197632,-6.54965,7.88953,1
6944345922537,-0.00799561,-0.0175018,-0.0194244,4
6944375707693,-0.0720825,0.0156097,-0.000198364,4
6944396215506,0.184814,-6.33542,7.82367,1
6944405981131,0.0852966,-0.000762939,-0.00198364,4
6944426000662,-0.169067,-6.17276,8.14581,1
6944435766287,0.0415039,0.0205994,0.00762939,4
6944455785818,-0.193665,-6.28702,7.83398,1
6944465551443,0.0482635,-0.00930786,-0.0194244,4
6944486059256,-0.147644,-6.15134,8.41718,1
6944525610037,-0.0500031,0.00741577,-0.00126648,4
6944545629568,0.0848389,-6.19736,8.12836,1
6944555395193,-0.119781,0.0312805,0.0560455,4
6944575414725,-0.0365601,-6.42667,8.09503,1
6944635473318,-0.338867,-6.30447,7.77051,1
6944645238943,0.0963287,-0.0552368,-0.0639343,4
6944665258475,-0.0175171,-6.13943,8.08868,1
6944675024100,0.110931,-0.0491943,-0.10025,4
6944695531912,-0.0500488,-6.24338,8.00537,1
6944705297537,0.0820923,-0.0349426,-0.0742645,4
6944725317068,-0.0460815,-6.65994,7.82526,1
6944735082693,0.145462,-0.0502625,-0.070694,4
6944755102225,-0.126221,-6.42508,7.95935,1
6944764867850,0.288589,-0.0566711,-0.113068,4
6944784887381,-0.111145,-6.9075,7.94586,1
6944794653006,0.319565,-0.00930786,0.0368195,4
6944815160818,0.589478,-5.60385,8.66791,1
6944824926443,0.200653,0.00741577,0.10376,4
6944874731131,0.234009,-5.37613,8.18469,1
6944884496756,-0.500748,0.116364,0.0727844,4
6944914770193,-0.406036,0.10498,0.107681,4
6944934789725,-0.450745,-6.39493,7.78876,1
6944974340506,-0.236206,-0.00254822,-0.0187225,4
6944994360037,-0.376953,-7.24631,7.36188,1
6945004125662,0.0357971,-0.0605774,-0.0571747,4
6945024633475,-0.0817871,-7.62717,7.82605,1
6945034399100,0.31601,-0.113281,-0.0796051,4
6945054418631,0.0681763,-5.49118,7.97681,1
6945064184256,0.254761,-0.0427856,-0.0529022,4
6945084203787,0.081665,-5.91092,8.026,1
6945093969412,0.210266,0.0291443,-0.0123138,4
6945114477225,0.0594482,-5.90933,8.06964,1
6945124242850,0.0357971,0.11673,0.0435944,4
6945183813162,0.0831604,-0.0342407,-0.0318909,4
6945203832693,-0.182556,-6.67184,7.7467,1
6945213598318,0.182846,-0.0584412,-0.0692749,4
6945234106131,0.0142212,-5.95297,8.08472,1
6945243871756,0.0236969,0.0145416,-0.0194244,4
6945263891287,0.34668,-5.04129,9.10907,1
6945273656912,-0.201675,0.107819,0.0688629,4
6945303442068,-0.404968,0.0572662,0.14328,4
6945323949881,-0.65863,-6.55203,7.61499,1
6945353735037,-0.380127,-7.21536,7.08575,1
6945363500662,0.231262,-0.129654,-0.13942,4
6945383520193,0.169739,-6.42825,8.03632,1
6945393285818,0.444183,-0.0627136,-0.118057,4
6945453344412,0.288589,-0.0516815,0.0122528,4
6945473363943,0.000732422,-5.31741,8.75836,1
6945543188162,-0.500397,-0.00860596,-0.0578766,4
6945563207693,-0.520569,-5.24283,9.26538,1
6945572973318,-0.862122,0.20787,-0.015152,4
6945592992850,-0.484863,-4.75882,8.96228,1
6945602758475,-0.318451,0.465637,-0.157928,4
6945662817068,0.365845,0.401917,-0.395401,4
6945682836600,0.0388184,-7.96201,6.07013,1
6945692602225,0.602264,0.0287781,-0.32634,4
6945712621756,0.164978,-7.0527,6.3645,1
6945722387381,0.5784,-0.243591,-0.227707,4
6945742895193,0.140381,-8.13419,8.0752,1
6945752660818,-0.354416,-0.151733,0.068512,4
6945772680350,-0.29364,-7.02017,6.87152,1
6945782445975,0.238037,-0.0484772,0.0289917,4
6945802465506,-0.603088,-5.90378,8.22675,1
6945812231131,0.200287,-0.0944061,-0.062149,4
6945832250662,-0.12384,-6.60757,8.20612,1
6945842016287,0.183197,-0.137482,-0.0774689,4
6945862524100,-0.253967,-6.17831,8.06329,1
6945872289725,0.315643,-0.0968933,-0.0279694,4
6945892309256,0.327637,-5.634,8.55841,1
6945902074881,0.148666,-0.0231934,0.0115509,4
6945922094412,0.652161,-5.90378,8.40924,1
6945931860037,0.0468445,0.0440979,0.0450134,4
6945982153006,-0.668945,-5.27933,8.14819,1
6945991918631,-0.101624,0.0316315,0.0119019,4
6946021703787,-0.339813,0.0059967,-0.140488,4
6946041723318,-0.899048,-6.80515,7.73401,1
6946071996756,0.230835,-6.70596,7.58167,1
6946081762381,0.135132,-0.00717163,-0.0575256,4
6946101781912,1.04095,-6.32828,8.13153,1
6946111547537,0.375824,-0.0260468,-0.0126648,4
6946131567068,1.6781,-5.08017,8.78931,1
6946141332693,0.226288,0.0537109,0.0866699,4
6946161840506,0.281616,-4.9548,9.10272,1
6946171606131,-0.310974,0.0768433,0.0994873,4
6946191625662,-1.01489,-5.41422,8.02441,1
6946201391287,-0.364029,0.0985718,0.00691223,4
6946221410818,-1.414,-6.80991,7.63959,1
6946231176443,-0.387177,-0.0121613,-0.0931244,4
6946251684256,-0.44281,-7.24631,7.46979,1
6946291723318,0.288239,-0.010376,-0.00447083,4
6946311254568,1.01398,-5.32773,8.94482,1
6946321020193,0.217377,0.0430298,0.0848846,4
6946341039725,-0.111145,-5.14523,8.9718,1
6946350805350,-0.281433,0.0280762,0.0282745,4
6946371313162,-0.664978,-5.75461,8.1958,1
6946410863943,-0.206665,-0.0865784,-0.0596619,4
6946430883475,-0.207947,-5.49673,8.56635,1
6946440649100,-0.131897,0.00314331,-0.0849457,4
6946460668631,-0.196838,-6.13626,7.43646,1
6946470434256,0.306396,0.183655,-0.197098,4
6946490942068,0.313354,-4.69455,8.92181,1
6946500707693,0.637146,0.204666,-0.349121,4
6946520727225,0.520447,-7.21298,7.75146,1
6946560278006,-0.194199,-0.0142975,0.0154572,4
6946580785818,-0.104797,-7.44229,7.74036,1
6946590551443,0.168243,-0.0271149,0.0695801,4
6946610570975,-0.209534,-5.69986,8.2561,1
6946620336600,0.304611,-0.0413513,-0.00411987,4
6946640356131,-0.168274,-5.6832,8.55206,1
6946650121756,0.0724792,-0.0791016,-0.0568085,4
6946670141287,-0.0722656,-5.93869,8.38623,1
6946679906912,-0.00976562,-0.104019,-0.080307,4
6946700414725,0.134033,-6.17831,8.2196,1
6946710180350,0.0098114,-0.0794525,-0.0924225,4
6946739965506,0.180359,-0.018219,0.01297,4
6946759985037,0.917175,-5.57529,8.82025,1
6946769750662,0.0710449,-0.00967407,0.0442963,4
6946789770193,0.111023,-5.20792,8.36401,1
6946849828787,-0.883972,-7.11301,7.73798,1
6946859594412,-0.0905914,-0.0292511,-0.152939,4
6946889379568,0.0906372,-0.0192871,-0.120895,4
6946909887381,0.542664,-6.52664,7.42615,1
6946919653006,0.269012,-0.0189209,-0.0749664,4
6946939672537,1.72015,-5.82047,8.59808,1
6946949438162,0.351257,-0.0224915,0.00727844,4
6946969457693,0.880676,-4.95163,9.02734,1
6946979223318,0.230911,0.0423126,0.0631714,4
6946999731131,0.119751,-4.87784,8.8504,1
6947009496756,-0.345871,0.0522766,0.096283,4
6947029516287,-0.762573,-5.01669,7.75702,1
6947039281912,-0.586548,0.0604706,0.0336151,4
6947059301443,-0.565796,-6.29257,8.10138,1
6947069067068,-0.641388,0.0672302,-0.0991821,4
6947089086600,-0.204773,-7.45499,7.65863,1
6947098852225,-0.146851,0.0348358,-0.211334,4
6947119360037,-0.466614,-7.3082,7.57294,1
6947178930350,1.04413,-5.2341,8.67584,1
6947188695975,0.288589,0.0248718,0.0446625,4
6947208715506,0.788635,-5.37613,8.58063,1
6947218481131,-0.121216,-0.0185699,0.0952148,4
6947248754568,-0.0898743,0.0059967,0.0218658,4
6947268774100,-0.972046,-6.04898,7.92206,1
6947278539725,-0.346939,-0.0214233,-0.0696259,4
6947298559256,-0.411072,-7.13364,7.49597,1
6947358617850,1.2171,-5.82523,8.29895,1
6947368383475,0.156143,0.035553,0.0905914,4
6947388403006,0.289551,-4.97781,8.67108,1
6947398168631,-0.0888062,0.0522766,0.0709991,4
6947418188162,-0.646729,-5.47928,8.50922,1
6947427953787,-0.481522,0.0807648,-0.000198364,4
6947478246756,0.118958,-6.59329,7.94507,1
6947488012381,0.0137329,0.00314331,-0.143326,4
6947508031912,0.0237427,-6.7139,7.94507,1
6947517797537,0.23233,0.0430298,-0.177155,4
6947538305350,0.0237427,-6.29971,8.13074,1
6947548070975,0.150803,0.0711517,-0.0308228,4
6947568090506,0.0189819,-5.97122,8.34656,1
6947577856131,0.0286865,0.0497894,-0.0115967,4
6947597875662,0.279236,-6.28464,7.94507,1
6947607641287,0.0511169,0.100708,-0.0350952,4
6947627660818,0.694214,-5.62766,8.16724,1
6947637426443,0.0917053,0.113525,0.0425262,4
6947657934256,0.408569,-5.93948,8.42511,1
6947667699881,-0.226959,0.0415955,0.11409,4
6947687719412,-1.13391,-5.17697,8.34338,1
6947697485037,-0.333405,0.0259399,0.0040741,4
6947757543631,0.0546722,-0.0263977,-0.0774689,4
6947777563162,0.753723,-7.00034,7.04211,1
6947807348318,1.80347,-5.54037,8.53699,1
6947817113943,0.371185,-0.0331726,0.0588989,4
6947837133475,1.13141,-4.66678,8.90753,1
6947846899100,-0.116943,0.0654602,0.135803,4
6947906957693,-0.397491,0.109253,0.0119019,4
6947926977225,-0.990295,-7.41769,7.37933,1
6947936742850,-0.194199,-0.0830078,-0.187119,4
6947956762381,-0.78241,-7.0773,7.47455,1
6947966528006,0.226288,0.0188141,-0.132645,4
6947987035818,1.04968,-6.35526,7.94904,1
6947996801443,0.110565,-0.0043335,-0.0258331,4
6948056371756,-0.202744,0.114227,0.117645,4
6948076879568,-0.826843,-6.40128,8.02759,1
6948106664725,-0.813354,-7.37564,7.04449,1
6948116918631,-0.0272217,-0.075531,-0.114853,4
6948136449881,-0.104797,-6.7258,7.61499,1
6948146215506,0.361221,-0.0552368,-0.158997,4
6948166723318,0.257019,-6.35922,7.7959,1
6948176488943,0.244797,-0.0481262,-0.0123138,4
6948196508475,0.490295,-6.06406,8.02838,1
6948206274100,0.399323,0.0326996,-0.00447083,4
6948256078787,-0.107178,-5.33804,8.71631,1
6948265844412,0.119476,-0.0644989,-0.0062561,4
6948286352225,-0.244446,-6.80991,7.58643,1
6948296117850,0.314941,-0.106155,-0.0343781,4
6948316137381,0.32843,-5.1857,8.64172,1
6948325903006,0.442749,-0.0733948,-0.0251312,4
6948375707693,0.167358,-4.4454,9.10352,1
6948385473318,-0.721848,0.05513,0.0606842,4
6948415746756,-0.819397,0.0643921,0.134735,4
6948435766287,0.15625,-6.35129,7.77606,1
6948445531912,-0.716858,0.169067,0.0895233,4
6948465551443,0.269714,-9.38229,6.17645,1
6948475317068,0.167892,0.22995,0.217331,4
6948495824881,2.83179,-8.67612,8.0625,1
6948505590506,-0.49826,0.0586853,0.338394,4
6948525610037,1.43848,-11.0716,6.13361,1
6948535375662,-0.0713654,0.0939331,1.01451,4
6948555395193,0.120544,-9.63065,5.08942,1
6948565160818,1.49663,-0.351105,1.37482,4
6948585180350,-0.461853,-7.02652,6.23517,1
6948594945975,0.832977,-0.772659,1.68636,4
6948655004568,-0.490417,-1.25011,1.66997,4
6948675024100,-1.47906,-3.03781,9.15668,1
6948684789725,-0.439865,-1.04681,1.27014,4
6948715063162,-0.510361,-0.659439,0.848587,4
6948735082693,-0.666565,-4.01852,9.41772,1
6948764867850,-0.657043,-4.18356,8.94641,1
6948774633475,0.317429,-0.162048,0.0888062,4
6948794653006,-0.466614,-5.01352,10.5436,1
6948804418631,1.33569,-0.226852,-0.19603,4
6948824926443,0.588684,-5.12936,10.4548,1
6948834692068,-0.110535,0.0690155,-0.00732422,4
6948854711600,-0.780029,-5.18967,8.48145,1
6948864477225,-0.553436,0.201813,-0.0920563,4
6948884496756,-1.0014,-6.05533,7.4079,1
6948894262381,-0.446991,-0.0502625,-0.0966949,4
6948924535818,0.0269012,-0.248932,-0.126236,4
6948944555350,-0.324585,-6.78214,8.00696,1
6948954320975,0.35054,-0.219025,-0.115204,4
6948974340506,-0.225403,-4.51602,8.91467,1
6949004613943,0.053894,-6.24496,8.25055,1
6949014379568,-0.346222,-0.0929871,-0.0215607,4
6949034399100,-0.112732,-6.38461,7.84351,1
6949044164725,-0.174255,-0.0299683,0.0553436,4
6949073949881,-0.0104828,-0.0840759,0.130814,4
6949093969412,-0.533264,-6.51315,7.71814,1
6949103735037,0.240173,-0.127167,0.0453644,4
6949124242850,-0.311096,-5.82919,8.39813,1
6949134008475,0.250854,-0.15564,-0.0461273,4
6949154028006,-0.262695,-5.82919,8.45209,1
6949163793631,-0.00265503,-0.149948,-0.0799561,4
6949183813162,-0.0714722,-5.78793,8.22357,1
6949243871756,0.41571,-6.03311,8.50763,1
6949253637381,-0.0724335,0.124908,0.096283,4
6949273656912,0.659302,-6.03232,8.57745,1
6949283422537,0.015152,0.0768433,0.0510712,4
6949303442068,-0.719727,-5.0397,8.14978,1
6949313207693,-0.325226,0.149124,-0.0439911,4
6949343481131,-0.324509,-0.027832,-0.112,4
6949363500662,-0.468994,-7.06223,7.638,1
6949373266287,0.225922,-0.103302,-0.274002,4
6949393285818,-0.684814,-6.26797,7.99982,1
6949403051443,0.228775,0.000656128,0.00263977,4
6949512914725,-0.184937,-6.06882,7.88318,1
6949522680350,-0.338043,0.0839691,0.030777,4
6949991918631,0.0372314,-5.53403,8.66315,1
6950001684256,-0.611832,0.0836182,-0.0710602,4
6950111547537,-0.389648,-6.39493,7.24048,1
6950121313162,1.18687,0.185089,-0.285751,4
6950231176443,-1.62109,-5.69431,7.48724,1
6950240942068,0.380447,-0.152435,-0.0810242,4
6950350805350,-0.0992432,-6.63852,7.79828,1
6950360570975,0.13443,-0.00930786,0.00869751,4
6950470434256,0.146729,-5.42374,8.52985,1
6950480199881,0.194946,0.125275,-0.0276184,4
6950590063162,-0.733215,-7.14792,7.34204,1
6950599828787,-0.122635,-0.107574,-0.266876,4
6950709692068,-0.61499,-5.26505,8.50684,1
6950719457693,-0.281433,0.100342,0.0617523,4
6950829320975,0.497437,-6.54886,7.71655,1
6950839086600,0.268295,0.114594,0.095932,4
6950919164725,-1.38385,-5.77444,8.20056,1
6950928930350,-0.0588989,0.0665283,0.0168915,4
6950948949881,-0.61261,-5.9855,8.34894,1
6950958715506,-0.261841,-0.10936,-0.103455,4
6950979223318,-0.567383,-6.8956,7.42932,1
6950988988943,0.0190735,-0.191956,-0.136917,4
6951009008475,-0.0809937,-6.25369,7.89508,1
6951018774100,0.282898,-0.231842,-0.172882,4
6951048559256,0.290726,-0.0491943,-0.185699,4
6951069067068,0.386353,-6.01962,8.04822,1
6951128637381,-0.0246582,-5.22537,8.69727,1
6951138403006,-0.0229492,0.144135,0.103409,4
6951158422537,-0.44281,-5.47452,8.49969,1
6951188695975,-0.522156,-5.6824,8.51953,1
6951198461600,-0.381836,-0.0121613,-0.0361633,4
6951228246756,-0.186722,-0.141754,-0.142258,4
6951258031912,-0.155029,0.00991821,-0.190323,4
6951278539725,-0.467407,-6.32352,7.82129,1
6951288305350,-0.126556,-0.0189209,-0.0180054,4
6951308324881,0.453003,-6.74564,7.61816,1
6951338110037,1.10284,-5.81332,8.49731,1
6951347875662,0.276123,0.0736389,0.0528412,4
6951367897189,0.166565,-5.26743,8.80597,1
6951427955783,-1.64807,-5.60226,8.36639,1
6951437721408,-0.354767,0.0772095,-0.00697327,4
6951457740939,-0.690369,-6.99637,7.492,1
6951467506564,-0.167847,-0.144608,-0.159714,4
6951517799533,0.604553,-6.11801,8.28625,1
6951527565158,0.221298,0.0291443,0.00193787,4
6951557350314,-0.174973,0.135956,0.124771,4
6951577369846,-0.476929,-5.51419,8.14185,1
6951607643283,-0.717346,-6.81943,7.43011,1
6951617408908,-0.275024,0.0198822,-0.0233459,4
6951637428439,-0.306335,-6.79245,7.61975,1
6951647194064,0.00268555,-0.0520325,-0.0646515,4
6951696998752,0.234802,-5.63638,8.67981,1
6951706764377,0.813751,-0.168106,-0.0738983,4
6951737037814,-0.13652,0.0629578,0.0361176,4
6951757057346,-0.255554,-6.57187,7.71179,1
6951767311252,-0.287125,0.134171,0.0813293,4
6951786842502,-0.386475,-6.59012,7.64594,1
6951796608127,0.0781708,0.0636749,0.01297,4
6951817115939,-0.462646,-6.50998,8.0387,1
6951826881564,0.270782,-0.0385132,-0.0550385,4
6951856666721,0.256897,-0.075531,-0.0696259,4
6951876686252,0.103088,-5.33408,8.6814,1
6951886451877,0.0536041,0.00279236,-0.098114,4
6951936744846,-0.046875,-6.66946,7.56104,1
6951946510471,-0.105194,0.125275,0.130463,4
6951966530002,-0.605469,-5.59433,7.92444,1
6951976295627,0.024765,0.0601196,0.105896,4
6952026100314,-0.116699,-5.38803,8.65283,1
6952035865939,-0.102692,-0.0164337,-0.103455,4
6952056373752,-0.102417,-6.78134,7.98871,1
6952066139377,-0.151825,0.0298462,-0.052536,4
6952086158908,-0.353149,-6.67819,7.64276,1
6952095924533,0.0838623,-0.0167847,-0.0304718,4
6952115944064,-0.274597,-6.022,8.38068,1
6952125709689,0.180359,-0.0367279,-0.0852966,4
6952146217502,-0.114319,-5.65225,8.4505,1
6952155983127,-0.077774,0.0120544,-0.114136,4
6952176002658,0.139587,-6.03549,8.16327,1
6952185768283,-0.150406,0.0394592,0.0133209,4
6952205787814,-0.0476685,-6.5322,7.88239,1
6952215553439,-0.0535583,0.116364,0.12085,4
6952236061252,-0.456299,-5.44992,8.40607,1
6952245826877,-0.189926,0.0604706,0.153244,4
6952275612033,-0.206665,-0.0317383,-0.068924,4
6952295631564,-0.395203,-6.69406,7.70227,1
6952305397189,0.0977478,-0.154221,-0.174667,4
6952325416721,0.0840454,-6.72659,7.79907,1
6952335182346,0.264023,-0.0819397,-0.170029,4
6952355690158,0.419678,-5.80777,8.35052,1
6952365455783,0.208481,0.0280762,0.0823975,4
6952385475314,-0.169067,-5.9617,8.65759,1
6952395240939,-0.00228882,0.0245056,0.182449,4
6952415260471,-0.403931,-5.90616,7.85303,1
6952425026096,-0.138306,-0.0150146,0.0165253,4
6952445045627,-0.645935,-5.64035,8.32513,1
6952475319064,-0.105591,-4.66043,9.10748,1
6952485084689,-0.587616,-0.00967407,-0.0738983,4
6952534889377,0.100708,-4.45096,9.43597,1
6952544655002,0.557404,0.482025,-0.373688,4
6952574440158,0.141907,0.405121,-0.293579,4
6952594947971,-0.678467,-6.59647,6.74377,1
6952604713596,-0.426697,-0.0452728,-0.149734,4
6952624733127,-0.251587,-10.1646,6.77075,1
6952634498752,-0.515701,-0.3479,0.121918,4
6952654518283,-0.452332,-5.60226,7.56342,1
6952664283908,0.296783,-0.14389,0.022583,4
6952684791721,-0.27063,-6.7012,7.5293,1
6952694557346,-0.0165405,-0.238251,-0.062149,4
6952714576877,0.11499,-6.53775,7.92682,1
6952724342502,0.144043,-0.0990295,-0.0479126,4
6952744362033,-0.0127563,-6.33939,7.9173,1
6952754127658,0.155792,-0.0677032,-0.00946045,4
6952774147189,-0.149231,-6.46237,7.94031,1
6952814186252,0.245514,-0.0353088,-0.0347443,4
6952834205783,-0.137329,-6.39255,7.92761,1
6952843971408,0.474091,-0.0502625,-0.0820923,4
6952863990939,0.0665894,-5.77762,8.24738,1
6952873756564,0.32312,0.112808,0.0190277,4
6952893776096,0.73468,-5.27933,9.10748,1
6952903541721,0.0913391,0.207153,0.0973511,4
6952924049533,0.448242,-5.66336,8.50922,1
6952963600314,-0.278931,0.0782776,-0.118759,4
6952983619846,-1.29657,-6.60361,7.37933,1
6952993385471,-0.366516,-0.0776672,-0.209549,4
6953013893283,0.13324,-6.86783,7.56342,1
6953023658908,0.0838623,-0.0812378,-0.222366,4
6953043678439,0.552979,-6.17197,8.02759,1
6953053444064,0.325974,-0.0474091,-0.068924,4
6953103248752,-0.523743,-6.62979,8.04425,1
6953133522189,-0.50946,-6.62979,7.82208,1
6953143287814,0.233047,-0.117905,-0.110214,4
6953163307346,-0.39679,-5.6467,8.32275,1
6953173072971,0.105942,0.0818329,-0.125534,4
6953193092502,0.814026,-6.13071,8.12756,1
6953202858127,0.0746155,0.0248718,0.0204468,4
6953233131564,0.0906372,0.0950012,0.162506,4
6953253151096,0.276062,-5.52927,8.33386,1
6953262916721,-0.237991,0.0131226,0.147202,4
6953282936252,-1.16406,-4.9675,8.65601,1
6953322487033,-0.239059,-0.129303,-0.145828,4
6953342994846,-0.0603638,-6.97336,7.86096,1
6953352760471,0.117691,-0.0185699,-0.149384,4
6953372780002,0.635498,-6.1553,7.94983,1
6953412330783,0.154007,0.141998,0.180313,4
6953432350314,-0.384888,-5.32297,8.67029,1
6953472389377,-0.277161,-0.0595093,-0.0863647,4
6953492408908,-0.200806,-6.97098,7.66656,1
6953502174533,0.0503998,-0.169525,-0.167191,4
6953522194064,0.198303,-6.29416,8.0014,1
6953531959689,0.198868,0.0344849,-0.130875,4
6953552467502,0.727539,-5.78952,8.2688,1
6953562233127,0.216309,0.120285,0.0937958,4
6953582252658,-0.20636,-5.82523,8.47906,1
6953592018283,-0.0827637,0.137726,0.172119,4
6953621803439,-0.178177,0.0398254,-0.00874329,4
6953641822971,-0.44519,-6.38065,7.76813,1
6953681862033,0.231979,-0.0794525,-0.150101,4
6953701881564,0.224487,-5.44754,8.3045,1
6953731666721,0.139587,-6.34335,8.44019,1
6953761940158,-0.285706,-6.51871,7.80542,1
6953771705783,0.292862,0.0572662,0.0571136,4
6953791725314,-0.434082,-6.39334,8.43939,1
6953801490939,0.479431,-0.0826569,-0.0336761,4
6953821510471,-0.166687,-4.66916,8.72345,1
6953831276096,0.120544,-0.0915527,-0.0835114,4
6953861061252,-0.562698,-0.0506134,-0.0988312,4
6953881569064,0.416504,-5.79666,7.92603,1
6953891334689,-0.221252,0.0408936,-0.0240631,4
6953911354221,0.191956,-6.4584,7.94348,1
6953921119846,-0.0435944,0.0875244,0.077774,4
6953950905002,0.0482635,0.0989227,0.147903,4
6953971412814,-0.298401,-6.67978,8.06567,1
6954030983127,-0.877625,-4.56363,8.60919,1
6954040748752,-0.222321,-0.0342407,-0.0422211,4
6954060768283,0.0435791,-5.00717,8.61871,1
6954070533908,-0.36438,-0.0598755,-0.00376892,4
6954091041721,-0.0341797,-4.9794,9.36377,1
6954100807346,-0.389664,-0.00219727,0.0222321,4
6954120826877,0.223694,-5.23965,9.29315,1
6954130592502,-0.515701,0.208221,-0.0447083,4
6954160377658,0.84436,0.446411,-0.306747,4
6954180397189,0.233215,-4.55173,8.72504,1
6954190162814,0.624329,0.471695,-0.4189,4
6954210670627,-0.448364,-6.60281,6.74457,1
6954220436252,0.384369,0.236359,-0.363358,4
6954240455783,-0.763367,-5.64987,6.20978,1
6954280006564,-0.451263,-0.223648,-0.200302,4
6954300514377,-0.0397339,-9.56241,9.95807,1
6954310280002,-0.434525,0.122772,0.0265045,4
6954330299533,-0.734802,-4.91989,7.47137,1
6954340065158,-0.1828,0.141647,-0.0632172,4
6954389869846,-0.0754395,-5.75461,8.44019,1
6954399635471,-0.499329,0.0629578,-0.0578766,4
6954429908908,-0.496475,0.0572662,-0.0272675,4
6954449928439,-0.325378,-6.61789,7.79828,1
6954459694064,-0.360825,0.0565491,-0.0457764,4
6954479713596,-0.373779,-6.92813,7.41583,1
6954489479221,-0.0809784,-0.00575256,-0.0771027,4
6954539772189,-0.361877,-6.39017,8.45288,1
6954549537814,0.716904,-0.0620117,0.112656,4
6954569557346,0.70929,-4.73819,8.70361,1
6954579322971,0.0927734,-0.0192871,0.0218658,4
6954609108127,-0.0592651,0.0668793,-0.00198364,4
6954629615939,-0.1651,-5.8165,8.28705,1
6954659401096,-0.772888,-5.67923,8.1839,1
6954669166721,-0.185654,0.0344849,-0.0126648,4
6954698951877,-0.0930786,-0.0246277,-0.0614471,4
6954718971408,-0.307129,-6.5687,7.52612,1
6954728737033,0.228424,-0.0456238,-0.0365143,4
6954749244846,0.663269,-6.01645,8.49811,1
6954759010471,0.133713,0.0138245,-0.0482635,4
6954818580783,-0.127625,0.118149,-0.00804138,4
6954839088596,-1.22992,-5.83713,8.1236,1
6954848854221,-0.365814,0.0982056,-0.0222778,4
6954868873752,-0.928406,-7.25742,7.58484,1
6954878639377,-0.0314941,-0.0602264,-0.127304,4
6954898658908,-0.797485,-6.14816,8.22198,1
6954908424533,0.267944,-0.0506134,-0.0518341,4
6954928444064,0.239563,-6.14737,7.75305,1
6954938209689,0.255478,-0.055603,-0.0464935,4
6954958717502,0.977478,-5.61179,8.50208,1
6954968483127,0.0938416,0.0280762,0.0168915,4
6954988502658,0.297485,-5.09921,8.55206,1
6954998268283,-0.260773,0.118149,0.116577,4
6955018287814,-0.278564,-6.19418,7.97522,1
6955028053439,-0.235138,0.118866,0.0467987,4
6955048561252,-0.781616,-6.53299,8.0014,1
6955088112033,0.0133667,-0.0648499,-0.0617981,4
6955108131564,-0.421387,-6.31161,7.90778,1
6955117897189,0.156494,-0.147812,-0.148666,4
6955137916721,0.0404053,-6.12912,8.07043,1
6955147682346,0.226288,-0.0563049,-0.168259,4
6955168190158,0.499817,-6.05057,8.1474,1
6955177955783,0.147598,0.0440979,0.0970001,4
6955197975314,0.723572,-5.50864,8.43225,1
6955207740939,-0.210571,0.0188141,0.156448,4
6955227760471,-0.740356,-5.54672,8.1712,1
6955237526096,-0.109818,0.0668793,0.0101166,4
6955257545627,-1.67188,-6.08707,7.99823,1
6955267311252,-0.264694,-0.0150146,-0.0988312,4
6955287819064,-0.403931,-6.73294,7.94427,1
6955317604221,-0.328552,-6.71866,7.92206,1
6955327369846,0.191391,0.0480042,0.00335693,4
6955347389377,1.1568,-5.68875,8.2688,1
6955357155002,0.173584,0.0262909,0.0831146,4
6955407447971,-0.690369,-6.11404,7.87604,1
6955417213596,-0.383255,0.0590515,0.0314789,4
6955437233127,-0.520569,-7.02097,7.54437,1
6955446998752,-0.0154724,-0.083374,-0.0653534,4
6955467018283,-0.288879,-6.67105,7.84827,1
6955476783908,0.224152,-0.13179,-0.114136,4
6955496803439,-0.27063,-6.41794,7.93396,1
6955506569064,0.423889,-0.0922699,-0.196732,4
6955527076877,-0.305542,-5.97678,8.34338,1
6955536842502,0.112,0.0305634,-0.0301056,4
6955556862033,0.785461,-6.24496,8.10217,1
6955566627658,0.0432739,0.0366211,0.130112,4
6955586647189,-0.259521,-5.17142,8.60364,1
6955596412814,0.119476,0.0796967,0.0738525,4
6955616920627,-0.157166,-5.00241,8.67505,1
6955626686252,-0.384674,0.0871735,0.0108337,4
6955646705783,-0.385681,-6.17831,7.57373,1
6955656471408,-0.451965,0.065094,0.0621033,4
6955736549533,-0.321411,-6.32986,8.04266,1
6955746315158,0.225571,-0.0306702,0.0233002,4
6955766334689,-0.315063,-6.44968,8.18311,1
6955776100314,0.223083,-0.0915527,-0.00126648,4
6955805885471,-0.101273,-0.0801697,-0.124817,4
6955825905002,-0.986328,-6.60757,7.43884,1
6955835670627,-0.0820465,-0.0798035,-0.100967,4
6955856178439,0.341125,-5.59512,8.18152,1
6955865944064,-0.0393219,-0.0135803,-0.0778198,4
6955885963596,-0.110352,-6.43777,7.77606,1
6955895729221,0.105942,0.0558472,0.00656128,4
6955915748752,-0.319031,-6.32352,8.24103,1
6955925514377,0.206696,0.0270081,-0.0197906,4
6955945533908,-0.278564,-6.23703,8.44257,1
6955985572971,0.025116,0.00920105,-0.0924225,4
6956005592502,0.323669,-6.11484,7.99347,1
6956015358127,0.17572,-0.0114441,0.00584412,4
6956035377658,0.265747,-5.18411,8.72186,1
6956045143283,-0.077774,0.0853882,0.126907,4
6956065162814,-0.046875,-5.68558,8.21008,1
6956074928439,-0.363678,0.0515747,0.0314789,4
6956105201877,-0.274307,0.0120544,-0.0204926,4
6956125221408,-0.301575,-6.83688,7.68085,1
6956134987033,-0.0357666,-0.0883484,-0.152588,4
6956155006564,-0.12384,-5.73636,7.93555,1
6956164772189,0.14119,-0.0666351,-0.147598,4
6956195045627,0.0304565,-0.0317383,-0.0628662,4
6956215065158,-0.111145,-6.27353,8.17438,1
6956224830783,-0.0656738,-0.0370789,-0.0642853,4
6956244850314,-0.109558,-6.66391,7.78162,1
6956254615939,0.0635681,-0.028183,-0.0941925,4
6956274635471,-0.317444,-7.00034,8.03711,1
6956284401096,0.205994,-0.00753784,0.0418091,4
6956304908908,0.317322,-5.52609,8.56,1
6956344459689,-0.135101,0.0982056,0.0400238,4
6956364479221,0.159424,-5.85934,8.04266,1
6956374244846,-0.200958,0.0782776,0.068512,4
6956394264377,-0.138916,-5.98709,7.80304,1
6956404030002,-0.250458,0.0779114,0.130814,4
6956424537814,-0.59198,-6.30447,8.29974,1
6956434303439,-0.145416,0.0163269,0.0236511,4
6956454322971,-0.495178,-6.89639,7.638,1
6956484108127,-0.177002,-6.76627,7.49518,1
6956493873752,0.385788,-0.139618,-0.142975,4
6956513893283,0.212585,-6.09818,8.45447,1
6956523658908,0.302124,-0.00610352,-0.0144501,4
6956553932346,0.149017,0.0864563,0.100555,4
6956573951877,-0.16272,-5.58719,8.47272,1
6956613502658,-0.220901,0.0789795,0.0186615,4
6956633522189,-0.614197,-7.19235,7.26746,1
6956643287814,0.161484,-0.100464,-0.0646515,4
6956663795627,-0.0310059,-5.634,8.32117,1
6956673561252,0.380447,-0.125381,-0.104172,4
6956693580783,0.123718,-4.43509,9.55103,1
6956703346408,-0.344803,-0.0588074,-0.0543213,4
6956723365939,0.0245361,-5.45071,9.00513,1
6956763405002,-0.528519,0.297241,-0.0735474,4
6956783424533,0.267334,-6.53854,8.27753,1
6956793190158,0.290726,0.494125,-0.228424,4
6956813209689,-0.35791,-6.43619,7.46741,1
6956822975314,0.766037,0.375565,-0.357666,4
6956842994846,-0.140503,-7.03287,6.99213,1
6956873268283,-0.207947,-5.94742,7.13177,1
6956883033908,0.886383,-0.0701904,-0.266525,4
6956912819064,-0.361893,-0.209763,-0.0924225,4
6956932838596,0.0181885,-8.46664,8.23865,1
6956942604221,-0.102692,-0.0299683,-0.0130157,4
6956962623752,0.0848389,-5.44595,7.62769,1
6956972389377,0.0336609,-0.0605774,-0.0279694,4
6957052467502,-0.119873,-5.47769,8.2561,1
6957062233127,-0.364746,0.160522,-0.032959,4
6957082252658,-0.188904,-6.43063,7.65546,1
6957092018283,-0.341248,0.0978546,0.00727844,4
6957112526096,0.195923,-6.34732,8.25214,1
6957122291721,-0.191711,0.162659,-0.0532532,4
6957142311252,-0.724487,-6.17197,7.63324,1
6957152076877,-0.112305,0.181168,-0.0671387,4
6957172096408,-0.54834,-6.69406,7.72131,1
6957181862033,-0.280365,0.201813,-0.0318909,4
6957201881564,-0.63562,-7.10269,7.30713,1
6957211647189,0.111282,0.109604,-0.103104,4
6957232155002,-0.357117,-6.63138,7.9292,1
6957241920627,0.241241,0.000305176,-0.0617981,4
6957261940158,-0.364258,-6.60123,7.95538,1
6957301490939,0.182129,0.0116882,0.00656128,4
6957321998752,-0.329346,-6.11246,8.20056,1
6957361549533,0.152588,-0.0392151,-0.0162201,4
6957381569064,-0.3349,-6.22354,7.93079,1
6957391334689,0.240173,-0.0819397,-0.00270081,4
6957411354221,-0.261108,-6.05612,8.13232,1
6957421119846,0.349121,-0.0986786,0.0179596,4
6957441139377,-0.201599,-5.4642,8.5473,1
6957450905002,0.184631,-0.0801697,0.00904846,4
6957471412814,-0.200012,-5.69669,8.34656,1
6957481178439,0.0340271,-0.0321045,0.00228882,4
6957501197971,-0.352356,-5.97916,8.16882,1
6957510963596,0.103806,-0.0413513,-0.0183563,4
6957530983127,-0.239685,-5.80698,8.41003,1
6957540748752,0.08992,-0.0591583,-0.0315399,4
6957561256564,-0.139709,-6.08072,8.13629,1
6957591041721,-0.195251,-5.81412,8.29102,1
6957600807346,0.207413,-0.0328064,0.00157166,4
6957620826877,-0.173035,-5.44119,8.64648,1
6957630592502,0.122681,-0.00540161,-0.00233459,4
6957660377658,-0.0567627,0.0113373,-0.0101776,4
6957680885471,-0.219055,-5.89743,8.34576,1
6957690651096,-0.0667419,0.00172424,-0.0158691,4
6957710670627,-0.289673,-6.39572,8.0498,1
6957720436252,0.148666,-0.0263977,-0.0204926,4
6957740455783,-0.174622,-5.91013,8.40765,1
6957750221408,0.286804,-0.0463409,-0.00198364,4
6957770240939,-0.127808,-5.70303,8.49176,1
6957780006564,0.324188,-0.0292511,0.0279236,4
6957800514377,-0.0770264,-4.63187,8.86945,1
6957860084689,-0.384094,-6.04977,8.25531,1
6957869850314,0.178223,-0.0271149,-0.0222778,4
6957920143283,0.0618286,-5.66495,8.11169,1
6957929908908,-0.275024,0.0113373,0.032547,4
6957959694064,0.0536041,-0.0050354,0.022583,4
6957979713596,0.241943,-5.1492,8.56238,1
6958009498752,-0.646729,-5.38803,8.48779,1
6958019264377,-0.212708,0.0743561,0.0827484,4
6958039772189,-0.650696,-5.93393,8.35291,1
6958049537814,-0.25116,-0.0552368,-0.042572,4
6958069557346,-0.376953,-6.5195,7.59039,1
6958079322971,0.0194244,-0.14389,-0.100601,4
6958099342502,-0.00323486,-5.89108,8.41083,1
6958109108127,0.227356,-0.165253,-0.115555,4
6958159401096,0.134033,-5.74112,8.28387,1
6958169166721,0.0560913,0.126343,0.0891571,4
6958189186252,0.0102539,-4.57553,9.05432,1
6958198951877,-0.286057,0.0266418,0.0410919,4
6958218971408,-0.326172,-5.63321,8.35846,1
6958228737033,-0.534576,0.0836182,0.0692291,4
6958249244846,-0.467407,-6.45364,7.63562,1
6958259010471,-0.239059,0.0654602,0.032196,4
6958279030002,-0.346802,-6.8718,7.87445,1
6958308815158,-0.403137,-6.24338,8.04742,1
6958338600314,-0.0960693,-5.55148,9.06543,1
6958348365939,0.211685,-0.110077,-0.0792389,4
6958368873752,-0.0682983,-4.98019,8.8385,1
6958378639377,-0.289978,-0.0445557,-0.0518341,4
6958398658908,0.0292969,-5.21982,7.96808,1
6958408424533,-0.397141,-0.00646973,-0.0514679,4
6958498268283,0.177155,0.019165,0.00263977,4
6958518287814,-0.33728,-5.59592,8.56396,1
6958528053439,-0.0678101,-0.0666351,-0.0781708,4
6958548072971,-0.346008,-6.19498,8.05933,1
6958557838596,-0.00442505,-0.0855103,-0.181076,4
6958577858127,-0.215881,-6.24417,8.06012,1
6958587623752,-0.00549316,0.0579834,-0.120193,4
6958608131564,-0.0325928,-6.34891,7.76257,1
6958617897189,0.224854,0.0665283,-0.0931244,4
6958637916721,0.459351,-5.91409,8.59888,1
6958647682346,0.312088,0.0690155,-0.0407867,4
6958667701877,0.424438,-4.93259,8.80042,1
6958707252658,-0.419922,-0.0118103,0.142929,4
6958727760471,-0.681641,-5.44199,8.18945,1
6958757545627,-1.26245,-6.00375,8.0752,1
6958767311252,-0.420288,0.0113373,-0.0215607,4
6958797096408,-0.0592651,-0.142471,-0.186417,4
6958817115939,-0.236511,-6.39175,8.12122,1
6958826881564,0.19104,0.0020752,-0.17894,4
6958847389377,0.686279,-6.06882,8.28784,1
6958877174533,0.423645,-5.3801,8.50287,1
6958886940158,-0.134735,0.125977,0.158234,4
6958916725314,-0.16394,-0.00788879,0.0984192,4
6958937233127,-1.33307,-6.02756,7.97046,1
6958967018283,-0.480103,-6.80276,7.62372,1
6958976783908,0.0318909,-0.108643,-0.170029,4
6958996803439,-0.280151,-6.45999,8.01727,1
6959006569064,0.151871,0.00244141,-0.132294,4
6959026588596,0.680725,-6.32669,7.9903,1
6959036354221,0.18071,0.009552,-0.00839233,4
6959056862033,0.471252,-5.6705,8.48224,1
6959086647189,-0.14447,-5.61972,8.52588,1
6959096412814,-0.228729,0.0241547,0.0588989,4
6959116432346,-0.880005,-6.0712,7.86334,1
6959126197971,-0.244751,0.037323,-0.00518799,4
6959176490939,-0.0611572,-6.03867,8.05298,1
6959186256564,0.0945435,-0.00396729,-0.0721283,4
6959206276096,0.269714,-5.9498,8.31799,1
6959216041721,0.120178,0.00813293,-0.0197906,4
6959265846408,-0.150024,-6.15768,8.09265,1
6959275612033,-0.0539246,0.0302124,0.0104828,4
6959325905002,-0.12384,-6.32114,7.784,1
6959335670627,-0.0749207,0.00991821,0.0446625,4
6959355690158,-0.157959,-6.24655,8.09186,1
6959365455783,0.0500488,0.00671387,0.0172424,4
6959385475314,-0.147644,-5.79269,8.36005,1
6959395240939,-0.120499,0.0362549,0.00941467,4
6959415748752,-0.168274,-6.21005,8.05219,1
6959425514377,-0.23407,0.0615387,0.00691223,4
6959445533908,-0.296814,-6.66153,7.77051,1
6959455299533,-0.111237,0.0166779,-0.0240631,4
6959475319064,-0.196838,-6.69168,7.8078,1
6959545143283,0.53212,-0.0922699,-0.0379486,4
6959565162814,-0.259521,-6.51315,7.91492,1
6959574928439,0.747528,-0.139267,-0.0511169,4
6959594947971,-0.0992432,-4.19864,9.21936,1
6959604713596,0.174301,0.0380402,0.00442505,4
6959624733127,0.499023,-6.16483,8.38306,1
6959655006564,-0.224609,-5.83237,8.48145,1
6959664772189,-0.0300598,0.0234375,0.107681,4
6959684791721,0.195129,-4.85165,8.60126,1
6959694557346,-0.360825,0.0444489,0.0795441,4
6959714576877,-0.572144,-5.88077,7.79828,1
6959724342502,-0.407822,0.0590515,0.0845337,4
6959744362033,-0.519775,-6.93369,7.5412,1
6959754127658,-0.00869751,-0.0107422,0.00762939,4
6959774635471,-0.269836,-6.74722,7.85303,1
6959784401096,0.30603,-0.0267639,-0.0123138,4
6959863990939,-0.398376,-4.86911,8.81152,1
6959873756564,-0.421707,0.0490723,-0.0294037,4
6959894264377,-0.708618,-6.48776,7.60071,1
6959904030002,-0.219482,-0.0869293,-0.208847,4
6959924049533,0.116577,-7.29153,7.56024,1
6959933815158,0.0276184,-0.0118103,-0.16362,4
6959963600314,0.207764,-0.0178528,-0.00553894,4
6959983619846,0.257019,-4.81436,8.93689,1
6959993385471,0.354095,0.0846863,-0.000915527,4
6960013893283,-0.189697,-5.34677,8.56793,1
6960023658908,-0.136871,0.0672302,0.0482178,4
6960113014377,-0.132965,0.0935822,0.0300598,4
6960133522189,-0.0738525,-7.50894,7.3587,1
6960163307346,1.35675,-7.92233,7.39282,1
6960173072971,0.554901,-0.189468,0.23407,4
6960193092502,2.15179,-7.50735,7.77844,1
6960202858127,0.248352,-0.0523987,0.372208,4
6960222877658,0.39032,-8.5809,6.95959,1
6960232643283,0.625763,-0.152435,0.81868,4
6960253151096,0.00390625,-6.73294,7.28729,1
6960262916721,0.358368,-0.352539,1.06685,4
6960282936252,-0.534058,-5.86728,7.77368,1
6960292701877,-0.140076,-0.486053,1.19359,4
6960312721408,-0.987915,-4.69772,7.25952,1
6960322487033,-0.814774,-0.670471,1.25839,4
6960342506564,-1.01886,-4.93021,8.09979,1
6960352272189,-1.04584,-0.751648,1.11562,4
6960372780002,-0.831604,-4.9913,9.55499,1
6960432350314,-0.905396,-3.58133,10.2175,1
6960442115939,-0.698349,-0.0612946,0.612183,4
6960462623752,-1.38544,-5.83316,7.6499,1
6960472389377,-0.674133,-0.0894165,0.480804,4
6960492408908,-1.11011,-5.72208,7.45947,1
6960502174533,0.346619,-0.194458,0.312393,4
6960522194064,-0.93396,-4.41129,8.19501,1
6960531959689,0.188904,-0.234329,0.168564,4
6960561744846,0.23732,-0.207275,-0.0817413,4
6960581764377,-0.165894,-5.47452,10.2191,1
6960612037814,-0.242065,-6.06485,9.09161,1
6960621803439,-0.599365,0.210724,-0.170395,4
6960641822971,-0.46344,-6.23862,7.43329,1
6960651588596,-0.519257,0.15126,-0.156509,4
6960701881564,-0.78479,-7.18283,7.21112,1
6960711647189,0.0692749,0.0754242,-0.0333099,4
6960761451877,-0.693542,-5.84665,8.36877,1
6960771217502,-0.209869,0.0889587,-0.0172882,4
6960791237033,-0.666565,-5.86172,8.60443,1
6960821510471,-0.651489,-5.89029,8.27911,1
6960831276096,-1.15443,0.275879,-0.0201416,4
6960851295627,-0.596741,-6.10849,8.2807,1
6960861061252,-1.58702,0.371643,-0.0660706,4
6960881080783,-0.543579,-6.95828,7.83875,1
6960891334689,-1.74724,0.572815,-0.170746,4
6960910865939,-0.911743,-7.69461,7.65149,1
6960950905002,0.0457764,1.06912,-0.396469,4
6960970924533,-1.25928,-7.0654,7.90778,1
6960980690158,0.147598,1.22934,-0.476578,4
6961000709689,-1.54651,-7.65494,7.09766,1
6961040260471,0.438126,1.16846,-0.501144,4
6961060768283,-2.07574,-7.63828,5.56628,1
6961070533908,0.481201,0.958038,-0.495804,4
6961090553439,-2.17017,-7.22568,5.18463,1
6961100319064,0.251556,0.699203,-0.508621,4
6961120338596,-2.19397,-7.15506,4.35785,1
6961130104221,0.508621,0.376984,-0.63324,4
6961159889377,0.905609,-0.00254822,-0.721542,4
6961180397189,-0.622131,-6.88608,5.35046,1
6961279518283,0.365845,0.0270081,0.0343323,4
6961300026096,-1.35211,-5.39359,6.32721,1
6961399136136,0.157562,-0.148529,-0.121613,4
6961419643949,-0.438049,-5.37375,7.91254,1
6961518765043,2.43622,-0.201218,-0.101318,4
6961539272855,0.0935669,-3.28537,10.8943,1
6961638393949,-1.28546,-0.0634308,-0.0738983,4
6961658901761,1.77966,-5.18411,7.78558,1
6961748745511,-0.347595,-8.58249,6.14551,1
6961758511136,-1.13593,0.619095,0.196335,4
6961778530668,-1.57983,-8.84433,7.44519,1
6961788296293,-0.221252,0.480591,0.192062,4
6961808315824,-1.23706,-8.45157,6.59778,1
6961847866605,0.228058,0.214996,0.216263,4
6961867886136,-1.46716,-7.25186,6.93976,1
6961898159574,-1.80597,-7.17093,6.77234,1
6961907925199,0.48085,-0.158493,-0.0600128,4
