Inicio: 08-05-2017-15:46:51:744
Fim: 08-05-2017-15:47:28:945
6979445461820,-0.513428,-6.02676,7.96332,1
6979565731595,-1.03235,-5.89664,8.32037,1
6979595669340,-1.19263,-6.90115,7.39996,1
6979625607084,-0.745911,-7.31693,6.99609,1
6979655544828,-0.6745,-5.5737,8.36322,1
6979685482572,-0.627686,-5.69113,8.76947,1
6979710171293,-1.026,-5.32614,8.56317,1
6979739895414,-0.833984,-4.9437,8.92816,1
6979762905668,-0.714722,0.0508575,0.0588989,4
6979778042386,-1.22595,-6.59329,7.35791,1
6979822475980,-0.0165405,-0.0712585,-0.0781708,4
6979837612699,-0.872864,-6.4473,7.78082,1
6979882534574,0.283249,0.0059967,-0.0820923,4
6979897671293,-0.501526,-5.87759,8.42035,1
6979927456449,-0.89032,-5.5983,8.41638,1
6979942593168,-0.121216,0.0932312,0.108032,4
6979957241605,-1.01489,-5.9617,8.19104,1
6980002163480,-0.204529,0.00634766,-0.0390167,4
6980017300199,-1.16486,-6.8107,7.565,1
6980047085355,-0.883179,-6.41873,7.88477,1
6980062222074,0.214172,-0.0399323,-0.103455,4
6980107143949,-0.757019,-6.00058,8.1712,1
6980122280668,-0.0450134,0.0490723,0.078125,4
6980136929105,-1.00696,-5.77206,8.31323,1
6980152065824,-0.241547,0.0351868,0.0553436,4
6980196987699,-1.1601,-6.86148,7.46899,1
6980205776761,0.108078,-0.0474091,-0.0845795,4
6980241909574,0.32135,-0.0392151,-0.0995331,4
6980256558011,-0.688782,-6.15451,8.26086,1
6980286831449,-0.806213,-5.92441,8.23865,1
6980301479886,0.0432739,0.0220184,0.0731354,4
6980331753324,-0.176041,-0.0256958,0.0350494,4
6980346401761,-0.704651,-5.96884,7.77448,1
6980376675199,-0.753845,-6.00217,7.69116,1
6980391811918,-0.0343323,0.0109863,0.134384,4
6980406460355,-0.972046,-5.39359,9.15668,1
6980421597074,-0.516052,0.146637,0.104477,4
6980481167386,1.01135,0.352417,-0.363358,4
6980496304105,-0.792725,-4.76199,8.58221,1
6980541225980,-0.0848999,0.11174,-0.251205,4
6980556362699,-1.13867,-6.61392,7.04529,1
6980615933011,-0.818115,-5.62448,7.52692,1
6980631069730,-0.219482,-0.189819,-0.156143,4
6980646206449,-1.026,-6.8107,7.80463,1
6980660854886,-0.241196,-0.180206,-0.114853,4
6980691128324,-0.251877,-0.154572,-0.0941925,4
6980705776761,-0.541992,-7.42801,7.07623,1
6980720913480,0.106659,-0.0787354,0.004776,4
6980736050199,-0.830017,-7.43594,7.1651,1
6980765835355,-0.868896,-6.37747,8.12518,1
6980780972074,0.550995,-0.0502625,0.0289917,4
6980810757230,0.159348,0.0305634,-0.0788879,4
6980825893949,-1.02203,-5.71335,8.45685,1
6980855679105,-1.24738,-6.58139,7.41266,1
6980870815824,-0.294601,-0.118973,-0.1978,4
6980885464261,-0.704651,-7.22726,7.08813,1
6980900600980,0.182129,-0.118622,-0.233765,4
6980915737699,-0.0111694,-6.52188,7.71021,1
6980945522855,-0.223022,-6.35049,8.03632,1
6980960659574,0.387924,0.214279,0.0717163,4
6980975308011,-0.960938,-5.73239,8.40369,1
6980990444730,0.189972,0.156952,0.0905914,4
6981005581449,-1.12677,-4.91434,8.81073,1
6981020229886,-0.330917,0.0366211,0.00193787,4
6981035366605,-1.36163,-6.64328,7.73877,1
6981050503324,-0.261841,-0.118973,-0.116272,4
6981065151761,-0.515015,-7.12411,7.21985,1
6981080288480,0.201721,-0.0961914,-0.126953,4
6981110073636,0.251556,0.0907288,0.00514221,4
6981125210355,-0.596741,-6.28146,8.17676,1
6981139858793,0.21347,0.165497,0.129044,4
6981154995511,-1.09106,-5.48721,8.46558,1
6981199917386,-0.412094,-0.00610352,-0.0115967,4
6981215054105,-1.14502,-6.83292,7.56104,1
6981229702543,-0.171768,-0.105804,-0.105591,4
6981244839261,-0.555481,-6.74008,7.60785,1
6981259975980,0.1241,-0.0744629,-0.0952606,4
6981274624418,-0.324585,-6.12277,8.0506,1
6981289761136,0.140839,0.065094,0.0190277,4
6981304897855,-0.606262,-6.01724,8.24341,1
6981319546293,-0.00834656,0.114594,0.129044,4
6981334683011,-1.14899,-5.86093,8.35449,1
6981349819730,-0.224457,0.037323,0.0556946,4
6981364468168,-1.05139,-6.03946,7.83795,1
6981394741605,-1.01965,-6.80991,7.40472,1
6981409390043,-0.0190277,-0.0616455,-0.0952606,4
6981424526761,-0.760193,-6.73056,7.61975,1
6981439663480,0.291443,-0.055603,-0.110931,4
6981484585355,-0.611816,-5.74747,8.487,1
6981529018949,-0.279999,0.0558472,0.123703,4
6981544155668,-1.00934,-6.66232,7.47455,1
6981559292386,-0.126556,0.045517,0.0802612,4
6981573940824,-1.1355,-6.10214,7.96014,1
6981589077543,-0.0492859,-0.00254822,-0.070694,4
6981604214261,-1.04187,-6.33066,7.79272,1
6981618862699,0.0354462,-0.0673523,-0.142258,4
6981633999418,-0.799866,-6.67502,7.96967,1
6981649136136,0.0592957,-0.0687714,-0.130157,4
6981663784574,-0.365051,-6.50919,7.85461,1
6981678921293,0.121246,-0.00717163,0.00442505,4
6981694058011,-0.574524,-5.89108,8.17914,1
6981723843168,-0.829224,-5.65622,8.26324,1
6981738979886,-0.262909,0.0861053,0.11586,4
6981753628324,-1.36084,-6.51395,7.72845,1
6981768765043,-0.204529,-0.0417175,-0.0600128,4
6981783901761,-0.984741,-7.13364,7.33252,1
6981798550199,0.18605,-0.112564,-0.138351,4
6981813686918,-0.376953,-6.36795,7.93158,1
6981828823636,0.258331,0.0020752,-0.0806732,4
6981843472074,-0.353943,-6.14261,8.09424,1
6981858608793,0.176437,0.121002,0.0596161,4
6981873745511,-0.942688,-5.77286,8.38306,1
6981888393949,-0.0521393,0.0814819,0.096283,4
6981903530668,-1.10217,-5.69669,8.18311,1
6981918667386,-0.341949,0.0159607,0.00691223,4
6981963589261,-0.695923,-6.86148,7.54437,1
6981978237699,0.228424,-0.108292,-0.113068,4
6981993374418,-0.257935,-6.09579,8.09979,1
6982008511136,0.186401,0.0366211,-0.0158691,4
6982023159574,-0.551514,-6.095,8.15137,1
6982038296293,0.0222778,0.100342,0.103409,4
6982053433011,-1.02838,-5.70303,8.2085,1
6982068081449,-0.198822,0.0629578,0.0357513,4
6982083218168,-1.11011,-6.4473,7.73004,1
6982097866605,-0.140793,-0.00895691,-0.0447083,4
6982113003324,-0.9776,-6.98447,7.43964,1
6982128140043,0.162903,-0.0798035,-0.112,4
6982142788480,-0.606262,-6.06644,7.9895,1
6982157925199,0.211334,-0.0495453,-0.0949097,4
6982173061918,-0.489624,-6.27988,8.33624,1
6982262905668,-0.891113,-6.87576,7.492,1
6982277554105,0.00660706,-0.146744,-0.0183563,4
6982322475980,-0.576111,-5.91171,8.2323,1
6982337612699,-0.226593,-0.200867,0.0101166,4
6982352749418,-0.244446,-4.60092,9.19476,1
6982367397855,-0.955414,-0.057373,-0.0696259,4
6982382534574,-0.422974,-4.9556,9.83429,1
6982412319730,-0.35553,-7.13998,8.2323,1
6982427456449,0.427094,0.529022,-0.272934,4
6982442593168,-0.887146,-6.31955,7.20477,1
6982457241605,0.47052,0.394073,-0.29892,4
6982472378324,-1.26642,-7.0773,5.88843,1
6982547085355,-0.222321,-0.282394,-0.13942,4
6982562222074,-0.248413,-10.2614,7.89825,1
6982607143949,0.392914,-0.00646973,0.004776,4
6982622280668,-0.219055,-7.02573,7.95935,1
6982636929105,0.666351,0.0145416,0.095932,4
6982652065824,-0.642761,-5.84268,8.42194,1
6982681850980,-0.44281,-5.9006,8.30847,1
6982696987699,0.0119476,0.0583344,0.0759888,4
6982711636136,-0.799072,-6.83292,7.51581,1
6982726772855,0.185699,-0.0128784,0.0735016,4
6982741909574,-0.632446,-6.67184,7.69989,1
6982771694730,-0.480103,-5.45468,8.61951,1
6982816616605,-0.241913,-0.0207062,-0.0222778,4
6982831753324,-1.09186,-6.56393,7.35394,1
6982846401761,-0.0553436,-0.0466919,-0.103806,4
6982861538480,-0.501526,-6.88132,7.52692,1
6982876675199,0.32135,-0.0342407,-0.126953,4
6982891323636,-0.130188,-6.26639,8.22278,1
6982906460355,0.399323,0.0715027,-0.0112457,4
6982921597074,-0.111938,-5.64194,8.53223,1
6982966518949,-0.289612,0.08255,0.114792,4
6982981167386,-1.33386,-6.12119,7.94427,1
6982996304105,-0.346222,0.055481,-0.0714111,4
6983011440824,-0.660217,-6.4465,7.46185,1
6983056362699,0.0781708,0.0953674,-0.0977631,4
6983071011136,-0.52533,-6.47983,8.12598,1
6983115933011,0.198517,-0.0324554,0.0702972,4
6983131069730,-1.08472,-5.74112,8.73615,1
6983160854886,-0.552307,-5.75223,8.026,1
6983175991605,-0.249741,-0.130005,-0.0347443,4
6983191128324,-0.387268,-5.49673,7.99664,1
6983205776761,-0.358688,-0.028183,-0.0489807,4
6983220913480,-0.435669,-5.95456,7.73956,1
6983235561918,-0.34552,0.0775604,-0.0315399,4
6983250698636,-0.755432,-6.42429,8.14026,1
6983265835355,-0.350861,0.10141,-0.0571747,4
6983280483793,-0.734009,-7.33121,7.48407,1
6983295620511,-0.194199,0.0159607,-0.0575256,4
6983340542386,-0.758606,-6.85513,7.96649,1
6983355679105,0.959366,-0.156006,-0.0717621,4
6983370327543,0.320496,-3.92252,8.92737,1
6983385464261,0.192459,-0.018219,-0.0386505,4
6983430386136,-0.0627441,-6.33304,7.68085,1
6983445522855,-0.225525,0.115295,0.134018,4
6983490444730,-0.826843,-6.52982,7.76654,1
6983505093168,-0.100922,-0.0595093,-0.0571747,4
6983534878324,0.325974,-0.1026,-0.164688,4
6983550015043,-0.303955,-6.61392,8.29974,1
6983579800199,-0.0333862,-5.71732,8.30609,1
6983594936918,0.194946,0.000656128,0.0346832,4
6983654995511,-0.585129,0.121353,0.0275726,4
6983669643949,-0.450745,-6.45999,7.48883,1
6983684780668,-0.480103,0.143066,0.0660248,4
6983699917386,-0.664185,-6.99954,7.40234,1
6983714565824,-0.0873871,0.0882416,0.0471497,4
6983729702543,-0.722107,-6.72342,7.8078,1
6983744839261,0.0959778,0.0156097,0.0592499,4
6983759487699,-0.897461,-6.94717,7.91571,1
6983774624418,0.231628,-0.134995,0.0596161,4
6983789761136,-0.714172,-6.00613,8.17438,1
6983834683011,-0.0752869,-0.0353088,-0.0489807,4
6983849331449,-0.00720215,-5.45151,8.17834,1
6983864468168,-0.264694,0.149841,-0.0564575,4
6983879604886,-0.500732,-6.64804,7.89825,1
6983909390043,-0.983154,-7.69223,7.16034,1
6983924038480,0.256897,0.0302124,-0.0365143,4
6983954311918,0.413559,-0.0993958,-0.174301,4
6983968960355,-0.680054,-5.36264,8.44495,1
6983999233793,-0.448364,-6.9313,7.54675,1
6984013882230,0.273285,-0.0353088,-0.136215,4
6984044155668,0.399673,0.0376892,-0.0867157,4
6984058804105,0.212585,-4.67233,8.84088,1
6984089077543,-0.634033,-5.94186,8.31165,1
6984103725980,-0.548462,0.139511,0.241196,4
6984118862699,-0.531677,-6.19339,7.68719,1
6984133999418,-0.408173,0.000656128,0.0713654,4
6984178921293,-0.825256,-7.02731,7.2984,1
6984193569730,0.276123,-0.14389,-0.270432,4
6984223843168,0.191742,-0.0502625,-0.140488,4
6984238491605,0.45697,-6.25528,8.35529,1
6984283413480,-0.18103,0.135956,0.17746,4
6984298550199,-0.651489,-6.29019,7.638,1
6984313198636,-0.182449,0.133102,0.135086,4
6984328335355,-1.33704,-6.57584,7.76257,1
6984343472074,-0.00869751,-0.0221252,-0.0678558,4
6984358120511,-0.841125,-6.47427,7.87604,1
6984373257230,0.139404,-0.122177,-0.198868,4
6984418179105,0.09198,-6.00217,8.11487,1
6984433315824,-0.0350494,-0.0274658,0.0279236,4
6984447964261,-0.453125,-6.37271,8.18152,1
6984463100980,-0.0756378,0.0590515,0.105896,4
6984478237699,-0.404724,-6.00375,7.79352,1
6984492886136,-0.0841827,0.0811157,0.110886,4
6984523159574,-0.0467987,0.0878906,0.111237,4
6984537808011,-0.875244,-6.26956,7.77289,1
6984552944730,-0.0282898,0.02771,0.0492859,4
6984568081449,-0.823669,-6.21085,7.92761,1
6984582729886,-0.0467987,-0.0185699,-0.0564575,4
6984613003324,0.179993,-0.0929871,-0.142975,4
6984627651761,-0.545166,-6.4108,7.95856,1
6984642788480,0.216675,-0.106155,-0.156509,4
6984672573636,0.179642,-0.0744629,-0.124466,4
6984687710355,-0.00323486,-5.84427,8.3783,1
6984717495511,-0.400757,-6.42191,7.94983,1
6984732632230,0.00802612,0.0537109,0.0920105,4
6984747768949,-0.520569,-5.97281,8.11407,1
6984762417386,-0.0820465,0.0697327,0.068161,4
6984777554105,-0.723694,-6.22433,7.94904,1
6984792690824,-0.0656738,0.0305634,0.0211639,4
6984807339261,-0.657837,-6.09579,8.02838,1
6984822475980,-0.0663757,-0.00289917,-0.0112457,4
6984837124418,-0.602295,-6.16562,8.12994,1
6984852261136,-0.184235,-0.00930786,-0.032959,4
6984867397855,-0.627686,-6.74722,7.55707,1
6984882046293,0.0447083,-0.0491943,-0.0657196,4
6984897183011,-0.495972,-6.65598,7.63562,1
6984957241605,-0.330139,-6.05057,7.89349,1
6984971890043,0.00518799,0.0725708,0.0677948,4
6984987026761,-0.753845,-6.21164,7.87921,1
6985002163480,0.0411377,0.0241547,0.0179596,4
6985016811918,-0.576111,-6.05295,8.0744,1
6985031948636,0.0140839,0.0408936,0.0012207,4
6985047085355,-0.37616,-5.68082,8.29419,1
6985061733793,-0.191345,0.0462341,0.0247192,4
6985076870511,-0.505493,-6.24655,7.88794,1
6985092007230,-0.200958,0.0640259,0.0535583,4
6985106666142,-0.783997,-6.6409,7.76813,1
6985121802860,-0.0624695,0.0284271,0.00263977,4
6985136939579,-0.861755,-6.65836,7.81812,1
6985151588017,0.0820923,-0.0620117,-0.0892181,4
6985166724735,-0.639587,-6.63455,7.93555,1
6985181373173,0.157562,-0.0972595,-0.110214,4
6985196509892,-0.164307,-6.095,8.07678,1
6985211646610,0.0653534,-0.0299683,-0.00804138,4
6985256568485,-0.681641,-6.04501,7.87842,1
6985271216923,-0.335541,0.0618896,0.0852509,4
6985286353642,-1.11884,-6.66153,7.68402,1
6985301490360,-0.235855,-0.0345917,-0.070694,4
6985316138798,-0.772888,-7.36453,7.15399,1
6985331275517,0.205994,-0.110779,-0.17894,4
6985361060673,0.264374,0.0341187,-0.147964,4
6985376197392,0.148315,-6.10928,8.40527,1
6985421119267,-0.35762,0.129898,0.168564,4
6985436255985,-1.09583,-7.01382,7.2619,1
6985450904423,-0.145416,0.035553,0.0371857,4
6985466041142,-1.11804,-7.1622,7.28094,1
6985481177860,0.319214,-0.116486,-0.149384,4
6985495826298,-0.348389,-6.37668,7.97601,1
6985510963017,0.245148,-0.0691223,-0.111282,4
6985526099735,-0.638,-6.76785,7.89984,1
6985600806767,-0.35228,0.0120544,0.077774,4
6985615455204,-0.765747,-7.23203,7.20001,1
6985630591923,-0.0268555,-0.0506134,-0.00660706,4
6985645728642,-0.499146,-6.70438,7.55548,1
6985660377079,0.274353,-0.0951233,-0.0258331,4
6985675513798,-0.39679,-5.48801,8.71631,1
6985690650517,-0.234787,-0.125031,0.157883,4
6985705298954,-0.457886,-6.51871,8.04266,1
6985735572392,-0.964111,-6.38303,7.84906,1
6985750220829,0.0788879,-0.152802,0.0425262,4
6985765357548,-0.727661,-4.69614,8.50208,1
6985780494267,0.738617,-0.0616455,-0.180008,4
6985795142704,-0.477722,-4.19705,9.38916,1
6985810279423,0.686996,0.0953674,-0.344498,4
6985825416142,-0.267456,-5.28568,9.68036,1
6985884986454,-0.799866,-6.87894,6.5224,1
6985900123173,-0.173553,-0.010376,-0.233765,4
6985914771610,-0.0254517,-7.46213,5.8432,1
6985929908329,-0.3797,-0.407364,-0.303909,4
6985945045048,1.53607,-8.87924,8.58063,1
6985959693485,-0.484009,-0.170593,-0.0735474,4
6985989966923,0.250854,0.0985718,0.0428772,4
6986004615360,0.0776978,-6.30923,7.62769,1
6986019752079,0.24408,0.000656128,0.00656128,4
6986034888798,-0.33728,-6.51553,8.09424,1
6986049537235,0.275421,-0.00468445,-0.0261993,4
6986064673954,-0.493591,-7.17331,7.66022,1
6986079810673,0.628967,-0.0823059,-0.128738,4
6986094459110,0.119751,-5.31979,9.13922,1
6986169654423,-0.156464,0.1185,0.000869751,4
6986184302860,-0.488037,-5.25632,8.52271,1
6986214576298,-0.934753,-6.24496,7.84113,1
6986229224735,-0.192413,-0.0353088,-0.109146,4
6986274146610,0.217346,-6.49808,8.14899,1
6986289283329,0.590515,-0.0310364,-0.10025,4
6986334205204,-0.254761,-5.22141,8.68774,1
6986349341923,-0.0151062,0.0900269,0.0425262,4
6986363990360,-0.285706,-4.93338,9.41376,1
6986379127079,-0.446625,0.118149,-0.109512,4
6986483619267,-0.35553,-6.31717,8.11804,1
6986498755985,0.390411,0.00634766,0.0428772,4
6986603736454,0.166565,-5.2952,8.29181,1
6986842994267,-0.398376,-4.76041,8.61237,1
6986858130985,-0.627136,0.171555,0.0546265,4
6986962623173,-0.157166,-6.06009,8.07043,1
6986977759892,0.565948,-0.0951233,-0.115921,4
6987082740360,-1.16248,-6.30209,7.71973,1
6987097388798,-0.235855,-0.04599,-0.0532532,4
6987202369267,-0.324585,-5.40311,8.65442,1
6987217017704,-0.0663757,0.128479,0.139008,4
6987321998173,0.337952,-5.71017,8.21643,1
6987337134892,-0.0161743,0.114594,0.0617523,4
6987441627079,-0.0246582,-6.24734,7.91095,1
6987456763798,0.236603,-0.106506,-0.110931,4
6987561255985,-0.490417,-5.83951,8.31879,1
6987576392704,-0.208435,0.0213013,0.0104828,4
6987681373173,-0.409485,-5.80618,8.17596,1
6987696021610,-0.278229,0.00457764,-0.0219269,4
6987801002079,-0.219849,-6.40207,7.84827,1
6987815650517,0.191391,0.0309143,-0.12944,4
6987920630985,-0.602295,-6.86703,7.55707,1
6987935279423,0.0176392,-0.065567,-0.0422211,4
6988040259892,-0.113525,-5.20395,8.51556,1
6988055396610,-0.545258,0.126343,0.0895233,4
6988159888798,-0.515015,-2.96719,10.1739,1
6988175025517,-0.495758,-0.0466919,-0.0158691,4
6988279517704,0.0118408,-6.90988,7.59515,1
6988294654423,0.777069,0.33783,-0.301407,4
6988339576298,-0.323792,-8.10007,6.50574,1
6988354713017,0.587662,-0.253204,0.0571136,4
6988369361454,-0.148438,-7.41214,7.43488,1
6988384498173,0.776718,-0.1763,0.107681,4
6988444068485,-0.0895233,-0.0520325,-0.0931244,4
6988459205204,-0.443604,-6.29257,8.10217,1
6988488990360,-0.253967,-7.27725,7.66101,1
6988504127079,0.232697,-0.128235,-0.08815,4
6988519263798,-0.380127,-5.83871,8.23706,1
6988533912235,0.353027,0.0501404,0.00584412,4
6988549048954,0.615662,-5.27615,8.74408,1
6988578834110,0.124512,-5.09921,8.80438,1
6988593970829,-0.276794,0.141647,0.0774078,4
6988609107548,-0.627686,-5.89426,7.94507,1
6988623755985,-0.43132,0.092514,0.0346832,4
6988638892704,-1.64093,-6.41476,7.51025,1
6988654029423,-0.179596,-0.128235,-0.165756,4
6988668677860,-0.488831,-7.23599,7.69275,1
6988683814579,0.262955,-0.0566711,-0.194595,4
6988698951298,-0.465027,-6.4346,7.85461,1
6988713599735,0.21347,-0.0153656,-0.0354462,4
6988758521610,0.604553,-4.66202,9.19635,1
6988773658329,-0.0357666,0.195053,0.197403,4
6988788306767,0.372864,-5.24362,8.6687,1
6988803443485,-0.461227,0.0298462,0.00904846,4
6988818580204,-1.46637,-5.84824,7.8205,1
6988833228642,-0.38504,0.0814819,-0.0140839,4
6988863502079,0.042572,-0.142822,-0.126602,4
6988878150517,-0.265076,-6.7139,7.89111,1
6988893287235,0.340576,0.027359,-0.100601,4
6988908423954,0.269714,-5.89664,8.4751,1
6988967994267,-0.442017,-4.80801,8.7782,1
6988983130985,-0.60257,0.176895,-0.0493317,4
6989012916142,-0.168213,0.194702,-0.138702,4
6989028052860,-0.906982,-5.27536,8.44177,1
6989042701298,0.573059,0.407959,-0.320282,4
6989057838017,-0.152405,-3.50198,10.1866,1
6989072974735,0.214172,0.607697,-0.496521,4
6989087623173,-0.0984497,-6.44016,8.3656,1
6989102759892,0.015152,0.683899,-0.379028,4
6989117896610,-0.882385,-6.62186,7.25159,1
6989132545048,0.0297546,0.240265,-0.288239,4
6989147681767,-0.833191,-6.53854,6.98975,1
6989162818485,-0.589401,-0.241806,-0.187119,4
6989177466923,0.228455,-9.48068,7.14209,1
6989192603642,-0.518906,-0.203003,0.058548,4
6989237525517,-0.71814,-5.24521,8.05139,1
6989252662235,0.18071,-0.137848,-0.032608,4
6989297095829,-0.289673,-5.75302,8.42194,1
6989312232548,-0.00193787,-0.0773163,0.0674438,4
6989342017704,0.406082,-0.0392151,0.0275726,4
6989357154423,-0.322998,-6.35446,8.41083,1
6989372291142,0.251556,0.0184631,-0.00163269,4
6989386939579,-1.01886,-5.3071,7.87207,1
6989417213017,-0.845886,-6.85989,7.59357,1
6989431861454,-0.00727844,0.0601196,-0.0635834,4
6989446998173,-0.488831,-6.38303,7.36505,1
6989462134892,0.24765,-0.0289001,-0.12233,4
6989476783329,0.310974,-6.16879,8.17834,1
6989491920048,0.441681,0.0579834,-0.0632172,4
6989536841923,-0.244446,-5.31979,8.96704,1
6989551490360,-0.0905914,0.0957184,0.158234,4
6989566627079,-0.799866,-4.77945,8.70441,1
6989581763798,-0.406036,0.115662,0.0745697,4
6989611548954,-0.574799,-0.0121613,-0.0835114,4
6989626685673,-1.05219,-7.41373,7.15161,1
6989641334110,-0.0699463,-0.222931,-0.202072,4
6989656470829,-0.562622,-6.30685,7.61102,1
6989671607548,0.41748,-0.0769653,-0.15152,4
6989686255985,0.364136,-6.17197,8.18628,1
6989701392704,0.415695,-0.0445557,-0.102737,4
6989716529423,0.468872,-5.88632,8.51953,1
6989731177860,0.233047,0.168701,0.166428,4
6989746314579,-0.586426,-5.07938,8.97498,1
6989821021610,-0.401413,-0.160629,-0.135849,4
6989836158329,-0.63324,-7.36295,7.00244,1
6989881080204,0.574493,-0.100464,-0.102386,4
6989895728642,0.680725,-5.56418,8.92816,1
6989910865360,0.399673,0.0939331,0.04216,4
6989926002079,-0.215881,-5.52847,8.58618,1
6989940650517,0.0934753,0.204666,0.135452,4
6989955787235,-0.308716,-4.13913,9.2757,1
6989970923954,-0.69693,0.144501,0.0343323,4
6989985572392,-0.895874,-5.72049,7.75464,1
6990000709110,-0.67984,0.0967865,0.0567627,4
6990015357548,-1.06091,-6.99002,7.11194,1
6990030494267,-0.0678101,-0.0879974,-0.0155182,4
6990045630985,-0.457886,-6.55045,8.11487,1
6990060279423,0.241943,-0.0815887,-0.0682068,4
6990105201298,-0.241272,-6.00613,8.50287,1
6990120338017,0.269012,-0.0901337,-0.0856476,4
6990150123173,0.215607,0.0433807,0.0111847,4
6990165259892,0.0110474,-5.04288,8.78693,1
6990180396610,-0.146484,0.187576,0.1091,4
6990195045048,-0.582458,-5.50308,8.35132,1
6990210181767,-0.401413,0.166565,0.0948639,4
6990225318485,-1.33862,-5.98788,7.7594,1
6990255103642,-0.777649,-7.26614,7.33252,1
6990269752079,0.248001,-0.207977,-0.13443,4
6990284888798,-0.230164,-5.97043,8.32513,1
6990300025517,0.333801,-0.133926,-0.12233,4
6990314673954,0.163391,-5.62289,8.63696,1
6990329810673,0.162552,0.0497894,0.0197296,4
6990419654423,-0.461578,0.0088501,-0.0443573,4
6990434302860,-0.735596,-7.11777,7.70386,1
6990449439579,-0.0923767,-0.1026,-0.113068,4
6990464576298,-0.46106,-7.35501,7.492,1
6990479224735,0.344849,-0.128937,-0.111282,4
6990509498173,0.410706,-0.0452728,-0.104523,4
6990524146610,0.122131,-5.23648,8.62268,1
6990554420048,-0.192871,-5.6951,8.40765,1
6990569068485,-0.167496,0.164429,0.150757,4
6990613990360,-1.24182,-6.16562,7.84113,1
6990629127079,-0.140442,-0.0730438,-0.080307,4
6990688697392,0.360153,-0.109009,-0.165756,4
6990703834110,0.28717,-5.55069,8.66632,1
6990778541142,-0.486511,0.104263,0.116577,4
6990793677860,-0.91571,-6.54251,7.45154,1
6990808326298,-0.188507,-0.0442047,-0.0493317,4
6990823463017,-0.545959,-6.9678,7.88477,1
6990853248173,-0.469788,-6.96304,7.67212,1
6990868384892,0.439911,-0.0947571,-0.0945587,4
6990883521610,-0.217468,-5.87283,8.33466,1
6990898170048,0.426727,-0.0142975,-0.103455,4
6990943091923,-0.251587,-5.5134,8.44257,1
6990958228642,-0.414948,0.112808,0.146484,4
6990973365360,-1.10059,-5.96725,7.93079,1
6990988013798,-0.31134,0.0241547,0.00442505,4
6991032935673,-0.672119,-6.81546,7.38171,1
6991048072392,0.499725,-0.116119,-0.261185,4
6991062720829,-0.740356,-6.76627,7.49677,1
6991077857548,0.672394,-0.213684,-0.0261993,4
6991092994267,1.01794,-4.96829,9.10669,1
6991107642704,0.575562,-0.0413513,0.022583,4
6991122779423,0.379211,-4.24625,9.37646,1
6991137916142,-0.207733,0.18544,0.143631,4
6991167701298,-0.779877,0.222107,0.288193,4
6991182349735,-0.979187,-5.96805,8.05298,1
6991227271610,-0.104828,-0.0901337,-0.0799561,4
6991242408329,-0.748291,-7.43436,7.05402,1
6991287330204,0.252274,-0.0794525,-0.0949097,4
6991302466923,0.537903,-5.72684,8.81628,1
6991332252079,-0.476135,-5.26584,8.59094,1
6991347388798,-0.28392,0.0811157,0.117645,4
6991362037235,-0.653076,-5.92917,8.26404,1
6991377173954,-0.337677,0.0394592,-0.00270081,4
6991391822392,-0.798279,-7.02255,7.35632,1
6991406959110,0.118408,-0.104019,-0.0771027,4
6991422095829,-0.493591,-6.22513,8.02917,1
6991436744267,0.15329,-0.0527496,-0.098114,4
6991481666142,0.11261,-4.96036,9.09479,1
6991496802860,-0.0247192,0.113876,0.0314789,4
6991511939579,-0.124634,-4.69534,8.82739,1
6991526588017,-0.613251,0.205017,0.119064,4
6991556373173,-0.423492,0.0708008,0.0795441,4
6991571509892,-0.717346,-6.33066,7.90936,1
6991601295048,-0.317444,-5.48721,8.26959,1
6991616431767,-0.53421,0.0697327,-0.0315399,4
6991631568485,-0.381714,-6.67661,7.50391,1
6991646216923,-0.328064,0.130615,0.0211639,4
6991661353642,-0.433289,-6.65201,7.87921,1
6991676490360,-0.246185,0.163361,0.0375366,4
6991691138798,-0.407104,-6.72897,7.99268,1
6991706275517,-0.436661,0.237061,0.0272064,4
6991721412235,-0.63324,-7.78348,6.97546,1
6991766334110,0.673828,0.114227,0.1091,4
6991780982548,-1.1228,-6.16403,7.90698,1
6991796119267,0.742188,0.0330505,0.0553436,4
6991810767704,-1.16962,-5.9133,8.33942,1
6991825904423,0.532837,-0.121826,-0.0699921,4
6991841041142,-0.968872,-6.16879,7.94983,1
6991885963017,0.65567,-0.307312,-0.0828094,4
6991900611454,-0.508667,-6.56552,8.49652,1
6991915748173,0.780273,-0.266022,-0.0219269,4
6991930884892,-0.306335,-4.57236,8.33704,1
6991945533329,0.792389,-0.304474,0.032547,4
6991960670048,-0.236511,-3.26871,8.69489,1
6992005591923,-0.810501,-0.0150146,-0.0130157,4
6992035377079,-1.2413,0.280151,0.136871,4
6992050513798,-0.288879,-7.44388,7.36267,1
6992065162235,-0.906982,0.336395,0.224457,4
6992080298954,0.130859,-8.46744,7.28967,1
6992095435673,-0.19455,0.0131226,0.185287,4
6992110084110,1.77649,-8.01834,7.51184,1
6992125220829,-0.0332642,0.11673,0.305283,4
6992140357548,0.735474,-8.65945,6.40497,1
6992155005985,-0.0841827,-0.0360107,0.520676,4
6992170142704,-0.250793,-8.92606,6.37006,1
6992184791142,0.140472,-0.224365,0.913742,4
6992199927860,-0.602295,-7.76761,6.08044,1
6992215064579,-0.591888,-0.495667,1.28723,4
6992229713017,-1.42432,-7.69064,6.0257,1
6992244849735,-0.822601,-0.854553,1.50334,4
6992259986454,-1.97021,-7.16776,6.9342,1
6992274634892,-0.507874,-1.0372,1.55141,4
6992289771610,-2.3114,-5.25314,6.92786,1
6992304908329,-0.236923,-1.09772,1.3773,4
6992319556767,-1.91071,-5.02225,8.33942,1
6992334693485,-0.112305,-0.982361,1.17259,4
6992349341923,-1.4751,-5.25552,8.84009,1
6992364478642,0.254059,-0.808258,0.883835,4
6992379615360,-1.09265,-4.45413,9.54626,1
6992394263798,0.568085,-0.581467,0.582993,4
6992409400517,-0.59198,-3.85428,10.2231,1
6992424537235,0.356598,-0.321564,0.354767,4
6992454322392,0.492249,-0.145325,0.0361176,4
6992469459110,-0.471375,-3.97409,9.83588,1
6992484107548,0.386505,-0.0748291,-0.0970459,4
6992499244267,-0.406311,-4.71597,9.72241,1
6992544166142,-0.844681,-0.0815887,-0.0799561,4
6992559302860,-0.342834,-6.51633,7.66339,1
6992589088017,-1.0871,-7.35025,6.9953,1
6992603736454,-0.0507202,-0.104736,-0.0913544,4
6992618873173,-1.28705,-6.93289,7.2865,1
6992634009892,0.199936,-0.120758,-0.0692749,4
6992663795048,0.224854,-0.109009,-0.0254822,4
6992678931767,-0.818909,-6.39493,7.66577,1
6992708716923,-0.688782,-5.96408,8.21802,1
6992723853642,0.250854,-0.0780334,-0.0934906,4
6992738502079,-0.781616,-6.30606,7.91333,1
6992753638798,0.315643,-0.110779,-0.088501,4
6992768287235,-0.874451,-6.62662,8.099,1
6992783423954,0.422104,-0.107574,-0.0108795,4
6992798560673,-0.716553,-5.41818,8.56714,1
6992813209110,0.229492,-0.0894165,0.050354,4
6992843482548,0.0991821,0.046936,0.0564117,4
6992858130985,-0.105591,-5.51974,9.10272,1
6992873267704,-0.127258,0.0853882,-0.00732422,4
6992918189579,-1.72583,-6.21323,7.36426,1
6992933326298,-0.40889,-0.0538177,-0.141556,4
6992947974735,-0.776062,-7.47879,7.12701,1
6992963111454,0.0564575,-0.0413513,-0.0810242,4
6992977759892,-0.54834,-5.9744,7.74036,1
6993022681767,0.00874329,0.130966,-0.0479126,4
6993037818485,-0.0548096,-6.0347,8.71155,1
6993052955204,-0.0411072,0.116013,0.164993,4
6993067603642,-0.687195,-6.25369,8.15137,1
6993082740360,0.0108795,-0.0495453,0.0649567,4
6993112525517,-0.192413,-0.0338745,-0.0966949,4
6993127662235,-1.08313,-6.18466,7.51343,1
6993202369267,0.0496826,0.107819,-0.0457764,4
6993232154423,0.372253,0.0337677,-0.0717621,4
6993247291142,-0.780823,-5.62924,8.64648,1
6993277076298,-0.422974,-5.96805,8.10614,1
6993292213017,-0.0371857,0.000656128,-0.0222778,4
6993307349735,-0.351562,-6.556,7.64276,1
6993321998173,0.117691,0.0113373,0.0040741,4
6993337134892,-0.590393,-6.49332,7.72925,1
6993351783329,0.242661,0.0675964,0.0514221,4
6993366920048,-0.797485,-6.01804,8.02441,1
6993382056767,0.229126,0.0497894,0.0233002,4
6993396705204,-0.655457,-5.71811,8.55206,1
6993411841923,0.163971,0.05513,0.0300598,4
6993426978642,-0.567383,-5.0889,8.52588,1
6993441627079,-0.229095,0.0700836,0.0912933,4
6993456763798,-0.880005,-5.36899,8.14819,1
6993471412235,-0.516418,0.0209503,0.0254364,4
6993486548954,-1.11169,-7.00986,7.44202,1
6993501685673,-0.259705,0.0216675,-0.0596619,4
6993516334110,-0.923645,-6.75912,7.73639,1
6993531470829,0.0436401,0.0255737,-0.220947,4
6993546607548,-0.926819,-6.79324,7.57532,1
6993576392704,-0.437256,-6.73849,8.11487,1
6993591529423,0.290726,-0.102234,0.0759888,4
6993621314579,0.309601,-0.00823975,0.128326,4
6993636451298,-0.769714,-5.04764,8.76788,1
6993651099735,-0.108032,0.0419617,0.0834656,4
6993666236454,-0.611816,-5.04843,8.19104,1
6993725806767,-0.970459,-6.67502,7.50629,1
6993740943485,-0.142212,0.0266418,0.0311279,4
6993770728642,0.121246,-0.00717163,-0.00518799,4
6993785865360,-1.01965,-6.77896,8.06885,1
6993801002079,0.223434,-0.0961914,-0.0781708,4
6993815650517,-0.480103,-5.72208,8.19739,1
6993830787235,0.146179,-0.0669861,-0.110214,4
6993845923954,-0.632446,-5.38644,8.23785,1
6993860572392,-0.38681,0.00741577,-0.0222778,4
6993875709110,-0.358704,-6.16562,7.95935,1
6993890357548,-0.470123,0.121704,-0.0375824,4
6993935279423,-1.15216,-7.28201,7.26825,1
6993950416142,0.314224,-0.019989,-0.0529022,4
6993965552860,-0.964111,-5.74985,8.27991,1
6993980201298,0.146179,-0.0716248,-0.150101,4
6993995338017,-0.779236,-6.38699,7.74591,1
6994010474735,0.170746,-0.0495453,-0.0856476,4
6994025123173,-0.27301,-6.53696,7.82843,1
6994040259892,0.17572,0.0209503,-0.0489807,4
6994055396610,-0.10321,-5.97281,8.43622,1
6994070045048,0.108078,0.0408936,0.0610352,4
6994130103642,0.0236969,-0.0310364,-0.0276184,4
6994144752079,-0.964905,-6.33066,7.4436,1
6994159888798,0.0863647,-0.1147,-0.0254822,4
6994175025517,-0.583252,-5.63559,8.28229,1
6994189673954,0.0133667,-0.114349,-0.0646515,4
6994204810673,-0.454712,-4.79453,8.89404,1
6994219947392,-0.489716,-0.00289917,-0.0674896,4
6994264380985,-0.0762329,-6.63376,7.85699,1
6994279517704,0.704803,0.481659,-0.381516,4
6994294654423,-0.202393,-5.5499,7.93713,1
6994309302860,0.567368,0.383759,-0.363007,4
6994324439579,-0.942688,-7.08841,6.99133,1
6994339576298,-0.251877,0.227097,-0.234833,4
6994354224735,-1.31879,-7.89377,6.7644,1
6994369361454,-0.449127,-0.0128784,-0.0258331,4
6994384498173,-1.25928,-9.39737,6.39069,1
6994399146610,0.2836,-0.139267,0.04216,4
6994414283329,-1.03314,-5.46024,7.6983,1
6994429420048,0.250854,-0.170242,-0.0208588,4
6994444068485,-0.595154,-6.04501,8.18073,1
6994459205204,0.171097,-0.128586,-0.0290375,4
6994473853642,-0.372192,-6.52585,7.90222,1
6994549048954,0.339508,-0.075531,0.0845337,4
6994563697392,-0.657837,-5.31265,8.64252,1
6994578834110,-0.0998535,0.00527954,-0.0311737,4
6994593970829,-1.09424,-6.20212,7.50629,1
6994623755985,-0.624512,-6.88925,7.62531,1
6994638404423,0.210617,-0.0185699,-0.0496979,4
6994653541142,0.0515137,-6.2648,7.92285,1
6994668677860,0.274704,0.0519257,-0.00518799,4
6994683326298,0.224487,-5.48087,8.82025,1
6994698463017,0.0749664,0.0672302,0.0183105,4
6994713599735,-0.46582,-5.31107,9.05115,1
6994728248173,-0.151825,0.0935822,-0.00518799,4
6994743384892,-1.21881,-5.93393,7.81177,1
6994758521610,-0.243332,0.0544128,-0.0571747,4
6994773170048,-1.4505,-5.91013,7.55627,1
6994803443485,-0.597534,-5.94583,7.91174,1
6994818091923,-0.389664,0.0907288,-0.155075,4
6994833228642,-0.156372,-6.85831,8.12042,1
6994848365360,-0.27359,0.132034,-0.0575256,4
6994863013798,-0.434875,-7.24393,7.1651,1
6994878150517,0.31636,-0.0370789,0.0243683,4
6994892798954,-0.718933,-6.96463,8.06964,1
6994907935673,0.641418,-0.141403,0.0300598,4
6994967994267,-0.450546,0.00386047,-0.0532532,4
6994982642704,-0.339661,-6.46555,7.71814,1
6994997779423,-0.340881,0.0494385,-0.0308228,4
6995012916142,-0.304749,-6.64169,7.59277,1
6995027564579,-0.209152,0.0917969,0.0190277,4
6995042701298,-0.277771,-6.57822,7.77527,1
6995057349735,-0.030777,0.0415955,-0.0183563,4
6995072486454,-1.07281,-7.32962,7.35712,1
6995117389662,0.517883,-0.0929871,-0.070343,4
6995132526381,-0.615784,-5.96725,8.59729,1
6995147174818,0.22023,-0.0224915,0.0250702,4
6995162311537,0.0292969,-5.57291,8.19977,1
6995177448256,0.119476,0.0223694,0.0329132,4
6995192096693,-0.230957,-5.76651,8.14978,1
6995207233412,-0.0193787,0.0252228,0.0820465,4
6995222370131,-0.384888,-5.63718,8.51636,1
6995267292006,-0.284637,0.0259399,-0.0646515,4
6995281940443,-0.91095,-7.00589,7.60706,1
6995297077162,0.0169373,0.00244141,-0.140121,4
6995311725600,-0.524536,-6.58932,7.80383,1
6995326862318,0.190674,-0.0107422,-0.0682068,4
6995341999037,0.399841,-6.23068,8.26404,1
6995356647475,0.234833,0.0252228,0.0428772,4
6995371784193,-0.307129,-5.2579,8.61475,1
6995401569350,-0.799866,-5.79666,8.18311,1
6995416706068,-0.320953,0.0576172,-0.0126648,4
6995431354506,-1.54651,-6.71072,7.39362,1
6995446491225,-0.134384,-0.0456238,-0.118057,4
6995461627943,-0.822083,-6.76468,7.78162,1
6995476276381,0.0995331,-0.0317383,-0.0543213,4
6995491413100,0.0245361,-6.31796,7.99188,1
6995506549818,0.0461273,-0.0135803,0.0111847,4
6995551471693,-0.689575,-5.67923,8.28705,1
6995566120131,-0.0368347,0.0230865,0.0606842,4
6995611042006,-1.04742,-6.82339,7.55231,1
6995626178725,-0.111603,-0.0335236,-0.0728302,4
6995640827162,-0.178589,-7.16855,7.14526,1
6995655963881,0.331665,-0.0623627,-0.0236969,4
6995671100600,0.167358,-5.83554,8.21405,1
6995685749037,0.204208,0.0198822,0.0539093,4
6995700885756,-0.478516,-5.90378,8.32196,1
6995716022475,-0.0101318,0.0512085,0.0200958,4
6995730670912,-1.14185,-5.99265,8.19659,1
6995745807631,-0.0517883,0.00671387,-0.0194244,4
6995760944350,-0.814148,-6.76785,7.59277,1
6995775592787,0.104523,-0.0509644,-0.0308228,4
6995820514662,-0.104004,-5.81094,8.43939,1
6995835651381,0.0838623,-0.00717163,0.0870209,4
6995850299818,-0.862549,-5.84665,8.2926,1
6995865436537,0.143326,-0.0313873,0.0197296,4
6995910358412,-0.597534,-4.73978,8.83612,1
6995925495131,-0.129044,0.110321,-0.177505,4
6995940143568,-0.320618,-4.92703,9.57324,1
6995955280287,0.032959,0.379837,-0.26973,4
6995970417006,-0.672913,-5.48087,8.4021,1
6995985065443,0.370834,0.45639,-0.381516,4
6996000202162,-0.757812,-5.83157,7.90698,1
6996014850600,-0.0119019,0.318237,-0.316727,4
6996045124037,-0.455887,0.0337677,-0.127304,4
6996059772475,-0.588013,-8.45474,6.63666,1
6996074909193,-0.419922,-0.115768,0.0624542,4
6996090045912,-0.660217,-6.84561,7.50946,1
6996149616225,-0.647522,-6.63614,8.10535,1
6996164752943,0.403946,-0.14212,-0.0475616,4
6996194538100,0.450226,-0.180206,-0.013382,4
6996209674818,-0.251587,-5.36978,8.77582,1
6996239459975,-0.0635376,-5.53006,8.89404,1
6996254596693,-0.0521393,0.101059,0.0339813,4
6996269245131,-0.434082,-4.97861,7.45551,1
6996284381850,-0.375427,0.102478,0.00621033,4
6996299518568,-0.580872,-5.65305,7.36584,1
6996314167006,-0.371155,0.0807648,-0.0144501,4
6996343952162,-0.262909,0.112808,-0.0233459,4
6996359088881,-0.746704,-6.80276,7.49042,1
6996374225600,0.258682,0.0996399,0.0482178,4
6996388874037,-0.729248,-6.42429,8.37433,1
6996404010756,0.372971,-0.0385132,0.0151062,4
6996464069350,-0.085968,-0.0808716,-0.169327,4
6996478717787,-0.50946,-5.52371,8.38147,1
6996493854506,-0.246887,-0.0445557,-0.147247,4
6996508991225,0.0927734,-6.00772,8.09583,1
6996523639662,-0.372574,0.0882416,-0.0222778,4
6996538776381,-0.0944824,-6.57822,7.88556,1
6996568561537,-0.544373,-6.66312,7.55389,1
6996583698256,0.15686,-0.018219,0.0535583,4
6996598346693,-1.36163,-5.89822,8.66315,1
6996613483412,0.0464783,-0.0242615,-0.06073,4
6996628620131,-1.09503,-5.86014,8.11566,1
6996643268568,-0.134735,-0.0299683,-0.136917,4
6996658405287,-0.850647,-6.42984,7.74432,1
6996673542006,0.0717621,-0.0595093,-0.119476,4
6996688190443,-0.0722656,-6.42429,7.77844,1
6996748249037,-0.106384,-5.41898,8.54492,1
6996762897475,-0.108749,0.0561981,0.129044,4
6996778034193,-0.803833,-6.0712,8.10535,1
6996793170912,-0.151123,0.0423126,-0.0144501,4
6996807819350,-1.50763,-6.53696,7.73163,1
6996822956068,-0.115875,-0.057373,-0.120544,4
6996838092787,-0.621338,-6.57028,7.84827,1
6996852741225,0.142258,0.00172424,-0.0892181,4
6996867877943,-0.0159302,-6.30765,7.86096,1
6996882526381,0.131927,0.0309143,0.000152588,4
6996897663100,-0.127808,-6.26401,8.01965,1
6996912799818,0.0774536,0.046936,0.0927277,4
6996927448256,-0.613403,-5.79984,8.13867,1
6996942584975,0.288239,0.0608215,0.0261383,4
6996957721693,-0.602295,-5.4285,8.79724,1
6997032428725,-0.265411,0.000656128,-0.0717621,4
6997047565443,-0.920471,-7.06699,7.30951,1
6997062213881,0.205276,-0.0506134,-0.18071,4
6997077350600,-0.778442,-6.04739,8.19977,1
6997091999037,0.11377,-0.0221252,-0.0856476,4
6997107135756,-0.0460815,-5.9744,7.79987,1
6997122272475,0.31102,0.0166779,-0.155441,4
6997136920912,0.0570679,-5.80301,8.33466,1
6997152057631,0.320984,0.0839691,-0.0169373,4
6997167194350,-0.122253,-5.41422,8.94006,1
6997226764662,-0.816528,-5.89029,7.9538,1
6997241901381,-0.411377,0.019165,0.0386047,4
6997256549818,-0.906189,-6.02676,7.57611,1
6997271686537,-0.31311,0.0163269,-0.0265503,4
6997286823256,-0.388855,-6.41476,7.75861,1
6997346393568,-0.726074,-6.60043,7.58405,1
6997361530287,-0.203812,0.103546,0.0674438,4
6997376667006,-1.31958,-7.90488,7.14288,1
6997406452162,-0.884766,-6.82578,7.87048,1
6997421588881,0.776718,-0.265656,-0.137634,4
6997436237318,-0.0302124,-4.52396,8.56635,1
6997466022475,-0.278564,-4.78342,8.52271,1
6997481159193,-0.285706,0.119934,-0.0226288,4
6997510944350,-0.411743,0.169067,0.118362,4
6997526081068,-0.652283,-6.8591,7.79669,1
6997541217787,-0.247253,0.121002,0.163574,4
6997555866225,-0.920471,-7.44388,7.30634,1
6997600788100,0.362289,-0.174866,-0.183914,4
6997615924818,-0.300781,-6.02518,8.27515,1
6997645709975,-0.109558,-6.04025,7.84192,1
6997660846693,0.216675,-0.00823975,-0.108795,4
6997675495131,-0.105591,-5.81174,8.44812,1
6997690631850,0.0877838,0.0857544,0.0524902,4
6997705768568,-0.435669,-5.70303,8.60919,1
6997720417006,-0.174973,0.0846863,0.143631,4
6997735553725,-1.01727,-6.38223,7.93713,1
6997750690443,-0.195618,-0.0135803,0.0453644,4
6997765338881,-1.04584,-6.26956,7.69275,1
6997810260756,0.0991821,-0.136063,-0.0240631,4
6997825397475,-0.134155,-4.79373,8.9353,1
6997884967787,-0.457886,-4.16849,9.43597,1
6997900104506,-1.28688,0.304001,-0.188904,4
6997929889662,0.19281,0.439301,-0.320282,4
6997945026381,-0.827637,-6.57742,7.79749,1
6997974811537,-0.928406,-6.50443,7.47693,1
6997989948256,0.563446,0.274094,-0.392914,4
6998004596693,-0.827637,-6.89084,6.17804,1
6998019733412,-0.173904,-0.0413513,-0.229843,4
6998034870131,-0.0540161,-8.9808,7.36823,1
6998064655287,-0.760193,-7.90567,6.38989,1
6998079792006,0.24765,-0.0815887,0.0329132,4
6998094440443,-0.50946,-6.38779,7.00562,1
6998109577162,0.559891,-0.0762482,0.0720673,4
6998124713881,-0.534058,-5.79507,8.73535,1
6998139362318,0.329895,-0.00540161,0.0514221,4
6998154499037,-0.681641,-5.71732,8.27435,1
6998169147475,-0.0535583,0.0159607,0.0115509,4
6998199420912,-0.0852509,0.0216675,0.0101166,4
6998214069350,-0.707825,-7.10587,7.61578,1
6998229206068,0.215958,-0.0296021,0.0197296,4
6998244342787,-0.756226,-6.76547,7.65149,1
6998258991225,0.511108,-0.0958252,-0.00804138,4
6998274127943,-0.696716,-6.76389,8.17596,1
6998288776381,0.669556,-0.0993958,-0.0781708,4
6998303913100,-0.330139,-4.82468,9.19952,1
6998319049818,0.0397186,-0.0680542,-0.0318909,4
6998333698256,-0.50946,-5.96249,8.15295,1
6998348834975,0.0137329,0.00172424,-0.0172882,4
6998363971693,-0.360291,-5.5737,8.12677,1
6998408893568,-0.0297089,0.037323,0.00442505,4
6998423542006,-1.1228,-5.61575,7.76257,1
6998468463881,-0.0140381,-0.0203552,-0.0415039,4
6998483600600,-0.753845,-6.38461,7.85779,1
6998513385756,-0.524536,-6.35684,8.0141,1
6998528522475,0.241592,-0.0146484,-0.113785,4
6998543170912,-0.055603,-6.03391,8.76868,1
6998558307631,-0.00514221,-0.000411987,0.0215149,4
6998573444350,-0.376953,-6.25369,7.93237,1
6998588092787,0.320984,-0.00326538,0.0628204,4
6998603229506,-0.455505,-4.74692,8.96704,1
6998677936537,-0.521759,-0.0239105,-0.0254822,4
6998693073256,-0.590393,-6.60916,7.72607,1
6998707721693,-0.421356,-0.0374451,-0.0667877,4
6998722858412,-0.649902,-6.68851,7.92206,1
6998737995131,-0.164291,-0.0374451,-0.166473,4
6998752643568,-0.624512,-7.08206,7.6261,1
6998767780287,0.238739,-0.0947571,-0.199234,4
6998782428725,-0.361084,-6.63376,8.05298,1
6998797565443,0.303894,0.0213013,0.0677948,4
6998812702162,0.187195,-5.90298,8.20374,1
6998827350600,0.270432,-0.037796,0.142929,4
6998842487318,-0.237305,-5.28647,8.84406,1
6998857624037,0.0938416,0.0494385,0.117294,4
6998872272475,-0.448364,-5.46738,8.19104,1
6998887409193,-0.0973511,0.0323486,0.0460815,4
6998932331068,-0.317444,-5.73953,8.38147,1
6998962116225,-0.586426,-6.06009,8.06488,1
6998977252943,-0.240128,0.105682,-0.022995,4
6999036823256,0.298553,-0.0321045,-0.131943,4
6999051959975,-0.570557,-6.59329,7.8681,1
6999067096693,0.583389,-0.0758972,-0.167191,4
6999081745131,0.124512,-4.89609,9.01227,1
6999096881850,0.0219116,0.0216675,0.0304108,4
6999111530287,-0.0206909,-5.9498,8.33704,1
6999126667006,-0.309906,0.0180969,0.0888062,4
6999141803725,-0.726074,-5.71652,7.79352,1
6999171588881,-1.21088,-6.24496,7.84906,1
6999186725600,-0.167496,0.0156097,-0.121964,4
6999201374037,-0.776062,-6.65359,7.97363,1
6999216510756,-0.0193787,0.0198822,-0.163986,4
6999276081068,0.169678,0.0447998,0.0040741,4
6999291217787,0.0983276,-5.55545,8.34259,1
6999306354506,-0.0653076,0.119217,0.151825,4
6999321002943,-0.465027,-6.12515,8.12994,1
6999336139662,-0.251877,-0.00930786,0.0560455,4
6999351276381,-1.17596,-6.12595,7.88159,1
6999365924818,-0.146484,0.0113373,-0.0219269,4
6999381061537,-0.903809,-6.46237,7.79431,1
6999425983412,-0.000518799,-0.0221252,-0.0667877,4
6999440631850,-0.407104,-6.09579,8.15295,1
6999455768568,0.0518188,-0.0256958,-0.0977631,4
6999470905287,-0.219055,-6.31796,7.8808,1
6999485553725,0.0781708,-0.0185699,-0.0536041,4
6999635456068,0.00161743,-0.0605774,-0.18071,4
6999650104506,-0.668945,-6.58377,7.99109,1
6999814655287,-0.1091,0.0697327,0.149338,4
6999829792006,-0.938721,-6.00455,7.9292,1
6999889362318,-0.78241,-6.52188,7.87842,1
6999904499037,0.194244,-0.0534668,-0.110214,4
7000053913100,-0.0539246,0.0209503,-0.140839,4
7000069049818,-0.467407,-6.40921,8.37274,1
7000113971693,-0.105896,0.0419617,-0.123398,4
7000128620131,-0.665771,-7.63193,7.1778,1
7000173542006,0.783844,-0.148529,0.0645905,4
7000188678725,-0.493591,-4.60251,8.92181,1
7000203815443,0.0685577,-0.0637817,0.155746,4
7000218463881,-0.153198,-5.25076,8.59174,1
7000233600600,-0.363678,0.0437317,0.0717163,4
7000248737318,-0.279358,-5.76572,7.3468,1
7000278522475,-0.435669,-6.9194,7.64117,1
7000293170912,-0.0688782,0.0526428,0.100906,4
7000308307631,-0.654663,-6.34256,8.02362,1
7000323444350,-0.00762939,0.0280762,0.0375366,4
7000338092787,-0.541199,-6.49014,7.73798,1
7000353229506,0.0365143,-0.000411987,0.0688629,4
7000398151381,-0.240479,-5.84348,8.45526,1
7000412799818,0.216309,-0.139984,-0.168961,4
7000457721693,-0.0928955,-6.28464,7.8808,1
7000472858412,0.0464783,0.0615387,-0.0909882,4
7000487995131,-0.130188,-6.13467,7.83716,1
7000502643568,0.153656,0.141296,-0.0226288,4
7000547565443,-0.863342,-6.20926,8.31244,1
7000562702162,0.214172,-0.0246277,-0.124466,4
7000577350600,-0.469788,-5.94028,8.29895,1
7000592487318,-0.139374,-0.125031,-0.00340271,4
7000607624037,-0.046875,-6.34097,7.87842,1
7000622272475,0.32811,-0.0135803,0.0012207,4
7000682331068,-0.512146,-0.0463409,0.0948639,4
7000696979506,-0.89032,-6.08707,7.92444,1
7000712116225,-0.453751,-0.055954,-0.0771027,4
7000727252943,-0.862549,-7.2963,7.19843,1
7000741901381,-0.0610352,-0.112213,-0.126602,4
7000757038100,-0.23175,-6.55679,7.83875,1
7000772174818,0.178925,-0.0983276,-0.0368805,4
7000786823256,-0.205566,-6.12198,8.27753,1
7000801959975,-0.0724335,-0.0791016,0.0442963,4
7000817096693,-0.433289,-6.26877,7.84113,1
7000831745131,-0.10733,-0.0815887,0.0186615,4
7000846881850,-0.588013,-6.14499,7.90302,1
7000861530287,-0.0379028,-0.0801697,-0.0596619,4
7000876667006,-0.199219,-5.5618,8.70758,1
7000891803725,-0.378265,-0.0701904,-0.0845795,4
7000921588881,-0.551666,0.0220184,-0.0838776,4
7000936725600,-0.319031,-4.68423,8.90118,1
7000996295912,0.134033,-6.4346,7.83954,1
7001011432631,0.541016,0.307556,-0.368347,4
7001056354506,0.141968,-7.23282,6.89056,1
7001071002943,-0.195984,-0.107941,-0.0710602,4
7001086139662,-0.0175171,-9.33865,6.57318,1
7001101276381,-0.0856018,-0.0748291,0.0660248,4
7001115924818,-0.35791,-5.7189,7.69672,1
7001131061537,0.202789,-0.0791016,0.01297,4
7001175983412,-0.113525,-5.74667,8.7298,1
7001190631850,-0.00727844,0.0380402,-0.0475616,4
7001220905287,-0.187439,0.0188141,-0.00946045,4
7001235553725,-0.384094,-7.20187,7.37695,1
7001295612318,-0.190491,-5.21506,8.79327,1
7001310260756,0.133713,-0.00396729,-0.00411987,4
7001325397475,0.184021,-5.73477,8.34814,1
7001340534193,0.0126648,0.0305634,-0.0204926,4
7001355182631,0.438721,-6.05692,8.2323,1
7001370319350,0.198517,0.0159607,0.059967,4
7001385456068,0.503784,-5.17618,9.03925,1
7001429889662,-0.393585,0.0654602,-0.0699921,4
7001445026381,-1.3418,-6.29099,7.99823,1
7001639362318,-0.200256,0.0170288,0.0642395,4
7001654499037,-0.719727,-5.32852,8.31641,1
7001669147475,-0.320587,0.0576172,-0.0162201,4
7001684284193,-1.25769,-6.35605,7.76416,1
7001699420912,-0.254013,0.00100708,-0.0970459,4
7001714069350,-0.607056,-7.00906,7.59277,1
7001774127943,1.01953,-5.77603,8.43622,1
7001788776381,0.248718,0.009552,0.0400238,4
7001803913100,0.403015,-4.85641,9.32965,1
7001819049818,-0.0571289,0.0505066,-0.0301056,4
7001833698256,-0.854614,-5.66098,8.79407,1
7001848834975,-0.406036,0.0284271,-0.0760345,4
7001863971693,-0.972839,-6.37112,7.54913,1
7001878620131,-0.202744,-0.0531006,-0.0521851,4
7001893756850,-0.520569,-5.33725,8.3902,1
7001908405287,-0.225174,-0.0150146,-0.0849457,4
7001968463881,-0.831146,0.328217,-0.112717,4
7001983600600,-0.35553,-6.7496,7.44122,1
7002013385756,0.227661,-5.67288,7.42615,1
7002028034193,0.452728,0.0914459,-0.219162,4
7002043170912,0.388733,-6.8718,7.36981,1
7002058307631,-0.0767059,-0.175934,-0.0838776,4
7002103229506,0.0475464,-5.84744,7.53485,1
7002117877943,0.405731,-0.138916,0.0279236,4
7002133014662,-0.276184,-5.61734,8.26801,1
7002148151381,0.0560913,-0.0274658,-0.042923,4
7002162799818,-0.322205,-5.86728,8.33069,1
7002177936537,-0.195984,0.0597534,-0.070694,4
7002192584975,-0.284912,-6.91226,7.45868,1
7002252643568,0.017395,-6.30209,8.12122,1
7002267780287,0.41391,-0.04599,0.00621033,4
7002282428725,-0.0928955,-5.68716,8.61475,1
7002297565443,0.274353,-0.0331726,-0.00340271,4
7002312213881,-0.0349731,-5.15317,8.69647,1
7002327350600,0.0450592,0.00386047,-0.0194244,4
7002342487318,0.0761108,-5.8768,8.0014,1
7002372272475,0.302246,-5.93155,8.26404,1
7002387409193,0.254059,-0.0196381,0.0161743,4
7002417194350,0.164688,0.035553,0.0318451,4
7002432331068,-0.117493,-4.92703,8.75757,1
7002446979506,-0.0913086,0.0846863,-0.0393677,4
7002462116225,-1.245,-4.9913,8.19818,1
7002507038100,-0.00727844,-0.0246277,-0.15152,4
7002521686537,-0.217468,-6.57901,8.1109,1
7002581745131,1.51068,-5.15793,8.94324,1
7002596393568,0.175018,0.0408936,0.0617523,4
7002611530287,0.75293,-5.00717,9.02814,1
7002641315443,-0.254761,-5.30392,8.83929,1
7002656452162,-0.292816,0.0344849,0.101974,4
7002671588881,-0.349182,-5.06827,7.97839,1
7002686237318,-0.4534,0.0230865,0.105179,4
7002701374037,-0.946655,-5.76572,7.80701,1
7002716022475,-0.372925,0.0351868,0.01297,4
7002731159193,-0.487244,-6.79562,7.95538,1
7002746295912,-0.0425262,0.0109863,-0.0927734,4
7002776081068,0.270432,-0.0972595,-0.176437,4
7002791217787,-0.526917,-6.73849,7.80621,1
7002835651381,0.331665,0.0180969,0.0240021,4
7002850788100,0.666443,-4.91989,9.1424,1
7002880573256,0.395874,-5.53403,8.30927,1
7002895709975,-0.222687,0.00279236,0.0795441,4
7002910846693,-1.14502,-4.94131,8.31244,1
7002925495131,-0.360474,0.0366211,-0.0140839,4
7002940631850,-0.815735,-6.66946,7.88873,1
7002970417006,-0.541992,-6.72104,7.9173,1
7002985553725,0.141907,0.0166779,-0.0593109,4
7003000202162,0.746582,-6.10452,8.16724,1
7003015338881,0.150803,-0.00361633,0.04216,4
7003045124037,-0.0923767,0.0490723,0.13118,4
7003060260756,-0.172241,-5.14682,8.5965,1
7003074909193,-0.399994,0.137726,0.131531,4
7003090045912,-0.687195,-6.12991,7.74274,1
7003105182631,-0.155746,0.166565,0.0823975,4
7003119831068,-0.818909,-6.86386,8.04742,1
7003134967787,0.255829,-0.0214233,-0.0728302,4
7003150104506,-0.300781,-6.43381,8.05933,1
7003164752943,0.411774,-0.100464,-0.123398,4
7003179889662,-0.184937,-5.5499,8.44098,1
7003195026381,0.349121,-0.0509644,-0.181778,4
7003209674818,0.0967407,-5.4769,8.72742,1
7003239459975,0.349854,-5.25394,8.62823,1
7003254596693,-0.0510712,0.0935822,0.0613861,4
7003269733412,0.0300903,-5.74985,8.69409,1
7003284381850,-0.339462,0.00386047,0.15538,4
7003314655287,-0.361542,0.0298462,0.0297089,4
7003329303725,-1.19659,-5.94424,7.9292,1
7003344440443,-0.273239,-0.0356598,-0.120544,4
7003359088881,-0.584045,-6.90829,7.73083,1
7003374225600,0.114136,-0.0844421,-0.241592,4
7003389362318,-0.46582,-6.31638,8.13153,1
7003404010756,0.115906,-0.0360107,-0.0155182,4
7003419147475,0.569641,-5.99423,8.14343,1
7003434284193,0.304962,-0.0196381,-0.0479126,4
7003448932631,0.877502,-5.39041,8.98846,1
7003464069350,0.0660706,0.037323,0.108383,4
7003479206068,0.132446,-5.21426,8.79169,1
7003493854506,-0.290329,0.0266418,0.253296,4
7003508991225,0.130859,-5.48563,8.0498,1
7003523639662,-0.323441,0.0740051,0.0147552,4
7003538776381,-1.49017,-6.05215,8.02997,1
7003583698256,0.14119,-0.165619,-0.165756,4
7003598346693,-0.200806,-6.64169,7.953,1
7003613483412,0.427444,-0.0481262,-0.145828,4
7003628620131,0.257019,-5.55624,8.16644,1
7003643268568,0.262955,-0.0175018,0.00335693,4
7003658405287,0.7323,-5.07938,8.89246,1
7003673542006,0.0279694,0.180099,0.137939,4
7003718463881,-0.932373,-6.07358,8.02283,1
7003733112318,-0.341599,0.0223694,0.0243683,4
7003748249037,-0.773682,-6.67581,7.6618,1
7003762897475,-0.0578308,-0.143188,-0.170029,4
7003778034193,-0.055603,-6.32986,7.87445,1
7003793170912,0.24408,-0.111145,-0.206711,4
7003822956068,0.501144,-0.055603,-0.0806732,4
7003837604506,-0.10083,-5.62686,8.44098,1
7003882526381,0.177505,0.00741577,0.0820465,4
7003897663100,-0.0444946,-5.46738,8.53302,1
7003912799818,0.185699,0.0166779,-0.00376892,4
7003927448256,0.0951538,-4.95004,8.95514,1
7003942584975,-0.269684,0.0960693,0.0635223,4
7003957233412,-0.107971,-4.97147,8.61951,1
7003972370131,-0.609344,0.0537109,0.193832,4
7003987506850,-0.135742,-6.30844,8.19818,1
7004002155287,-0.513565,-0.083374,0.146133,4
7004017292006,-0.470581,-5.29996,9.0932,1
7004062213881,-0.266479,0.188644,-0.225571,4
7004076862318,-0.0619507,-5.60464,8.33386,1
7004091999037,0.727585,0.358475,-0.374039,4
7004107135756,0.374451,-5.81967,8.29657,1
7004121784193,0.631104,0.34317,-0.371902,4
7004136920912,-0.0262451,-6.07834,7.89032,1
7004152057631,0.0596619,0.261627,-0.222733,4
7004166706068,-0.576111,-6.89401,7.90222,1
7004226764662,-0.52533,-6.06247,7.72131,1
7004241413100,-0.168564,-0.0616455,-0.174667,4
7004286334975,-0.0976562,-6.80197,7.51025,1
7004301471693,0.185699,-0.0801697,-0.0820923,4
7004331256850,0.150803,-0.0321045,-0.0518341,4
7004346393568,0.00549316,-5.92679,8.35132,1
7004361042006,-0.0254364,0.0383911,-0.00483704,4
7004376178725,-0.134949,-6.42191,7.84747,1
7004391315443,0.0785217,0.0387573,0.0204468,4
7004405963881,-0.439636,-6.61234,7.89825,1
7004421100600,0.270782,-0.0338745,-0.0301056,4
7004480670912,0.0952606,0.0757751,0.0179596,4
7004495807631,-0.105591,-6.29733,8.24738,1
7004510944350,0.0105286,0.00920105,0.0186615,4
7004525592787,0.183228,-6.19736,7.98633,1
7004540729506,0.202072,0.0120544,0.0183105,4
7004555866225,0.632324,-5.35074,9.1059,1
7004570514662,0.0553894,0.0640259,0.102692,4
7004585651381,0.466492,-5.18094,8.53143,1
7004600299818,-0.25116,0.0198822,0.0364685,4
7004615436537,-1.16406,-5.30234,8.06171,1
7004630573256,-0.342316,0.0394592,-0.0788879,4
7004645221693,-1.49652,-6.82895,7.50708,1
7004675495131,-0.840332,-7.05032,7.69672,1
7004690143568,0.0881348,-0.0484772,-0.0617981,4
7004735065443,1.06158,-5.85458,8.02521,1
7004750202162,0.385071,-0.0527496,0.014389,4
7004764850600,1.12585,-5.1857,9.15588,1
7004779987318,0.152939,0.0170288,0.0941467,4
7004809772475,-0.128326,0.037323,0.0574799,4
7004824909193,-0.193665,-4.90402,8.19818,1
7004839557631,-0.577301,0.065094,0.0556946,4
7004854694350,-0.829224,-6.21243,7.17303,1
7004869831068,-0.502884,0.045166,0.000152588,4
7004884479506,-0.771301,-6.9686,7.92603,1
7004899616225,-0.186005,0.0658112,-0.121613,4
7004914752943,-0.65625,-7.4288,7.47693,1
7004944538100,-0.577698,-6.78928,7.89746,1
7004959186537,0.371185,-0.083374,0.0610352,4
7004974323256,0.888611,-5.72287,8.38464,1
7004989459975,0.395752,0.00279236,0.0528412,4
7005004108412,0.590271,-4.91037,9.18604,1
7005019245131,-0.0937958,0.0437317,0.0944977,4
7005034381850,-0.276184,-5.44992,8.33148,1
7005049030287,-0.208084,0.0533447,-0.0372314,4
7005078815443,-0.314545,-0.0242615,-0.0970459,4
7005093952162,-0.611816,-7.42245,7.37854,1
7005109100134,0.16362,-0.0296021,-0.068924,4
7005123748571,0.19751,-6.73294,7.59595,1
7005154022009,0.591858,-5.81729,8.41479,1
7005168670446,0.320633,0.019165,0.0190277,4
7005183807165,-0.392029,-5.25076,8.74011,1
7005198455603,0.0447083,0.0465851,-0.0582428,4
7005243377478,-0.339661,-6.09341,7.92444,1
7005258514196,0.0585938,0.0804138,-0.168961,4
7005288299353,-0.366516,0.0227356,-0.104523,4
7005303436071,0.598206,-5.0881,9.47168,1
7005318084509,-1.2908,0.109604,0.0354004,4
7005333221228,0.30542,-6.7861,6.70331,1
7005348357946,-1.04762,0.092865,0.148621,4
7005363006384,0.913208,-9.34183,5.82574,1
7005378143103,0.205276,-0.0392151,0.236923,4
7005393279821,2.11212,-9.59335,7.70624,1
7005407928259,0.751434,0.00671387,0.547028,4
7005423064978,1.23694,-9.44815,7.37775,1
7005437713415,0.92305,-0.0513306,0.956116,4
7005452850134,-0.347595,-8.46585,7.01434,1
7005467986853,0.588379,-0.294861,1.31215,4
7005482635290,-0.764954,-7.22964,6.55176,1
7005557342321,-0.220184,-1.09203,1.58986,4
7005572479040,-1.36401,-4.45493,7.93237,1
7005587615759,-0.365097,-0.938568,1.2883,4
7005602264196,-1.52112,-3.61624,8.66235,1
7005617400915,-0.0400391,-0.722458,0.935471,4
7005632537634,-1.38702,-3.16476,8.86945,1
7005662322790,-1.15057,-2.64505,9.42566,1
7005676971228,-0.502167,-0.309448,0.220901,4
7005692107946,-0.818115,-3.68527,8.83533,1
7005707244665,-0.484375,-0.247498,-0.0479126,4
7005721893103,-0.326965,-5.7435,10.1247,1
7005737029821,-0.0229492,-0.0901337,-0.177872,4
7005751678259,0.28717,-8.00485,11.3768,1
7005766814978,0.257614,0.281921,-0.0400848,4
7005781951696,-0.948242,-3.88919,8.37671,1
7005841522009,-0.961731,-8.03421,7.08972,1
7005856658728,0.164337,-0.0630798,-0.0294037,4
7005871795446,-0.887939,-7.02573,7.01434,1
7005886443884,0.262955,-0.220093,0.00228882,4
7005901580603,-0.402344,-6.2894,7.78717,1
7005916229040,0.364426,-0.184845,0.0674438,4
7005931365759,-0.520569,-6.05453,7.95776,1
7005961150915,-0.56897,-5.52927,8.3537,1
7005976287634,-0.0183105,-0.0196381,-0.0308228,4
7005990936071,-0.257141,-6.04184,8.22198,1
7006006072790,-0.185654,0.0220184,0.0154572,4
7006080779821,-0.703857,-6.39572,7.99664,1
7006095916540,0.170029,-0.0356598,-0.00518799,4
7006111053259,-0.87207,-6.66946,7.68878,1
7006125701696,0.281464,-0.0883484,0.0207977,4
7006140838415,-0.453125,-5.91965,8.32513,1
7006155486853,0.189972,-0.057373,0.0204468,4
7006170623571,-0.00878906,-6.25607,8.09979,1
7006200408728,0.319702,-5.74985,8.35052,1
7006215545446,0.233765,0.0223694,0.0215149,4
7006245330603,-0.184937,0.0608215,0.00621033,4
7006260467321,-0.757812,-6.00534,7.80939,1
7006275115759,-0.212708,0.0654602,-0.0308228,4
7006290252478,-1.55841,-6.00851,7.74432,1
7006305389196,-0.276794,0.0205994,-0.0375824,4
7006320037634,-1.14105,-7.20505,7.49756,1
7006380096228,0.494263,-6.24179,8.10931,1
7006394744665,0.0507507,0.00492859,0.0172424,4
7006454803259,-0.257568,0.0850372,-0.0393677,4
7006469939978,-1.25452,-6.41635,8.11169,1
7006499725134,-0.630859,-6.72977,7.59436,1
7006514373571,0.0486145,-0.00396729,-0.042923,4
7006544647009,0.0560913,-0.0110931,-0.00376892,4
7006559295446,0.149902,-6.51236,7.82843,1
7006604217321,0.0585938,0.0205994,-0.00553894,4
7006619354040,-0.661804,-6.02835,8.47589,1
7006634002478,-0.101624,0.0718689,0.0190277,4
7006649139196,-1.41718,-6.14023,7.71417,1
7006664275915,-0.102692,0.0348358,-0.00732422,4
7006678924353,-1.25134,-6.22513,8.00061,1
7006738982946,-0.489624,-6.36478,7.9776,1
7006753631384,0.0212097,-0.0235596,-0.0585938,4
7006768768103,0.235596,-6.44254,8.12836,1
7006783904821,-0.0158234,-0.00610352,-0.0457764,4
7006828826696,-0.493591,-5.56656,8.68695,1
7006843475134,0.0949097,0.0693665,0.00762939,4
7006858611853,-0.614197,-5.61099,8.53937,1
7006873748571,-0.252594,0.0708008,0.01297,4
7006888397009,-1.13788,-6.16086,7.82129,1
7006903533728,-0.198822,0.0348358,-0.0571747,4
7006918182165,-1.2323,-6.47586,7.82843,1
7006963104040,-0.13118,-0.0114441,-0.0568085,4
7006978240759,-0.768127,-6.7496,7.63641,1
7006993377478,-0.0994873,-0.00540161,-0.0130157,4
7007008025915,-0.351562,-6.72183,7.6261,1
7007037811071,0.471252,-6.16879,8.23389,1
7007052947790,0.199936,0.0319824,0.0111847,4
7007068084509,0.353027,-5.54117,8.5235,1
7007082732946,0.0265503,0.0316315,0.0389557,4
7007113006384,-0.179245,-0.0210571,0.0432281,4
7007127654821,-0.78717,-6.06406,7.81415,1
7007142791540,-0.127625,-0.0110931,0.0133209,4
7007157928259,-1.60602,-5.96725,7.71893,1
7007187713415,-1.30133,-7.06064,7.42694,1
7007202361853,-0.0945129,0.000305176,-0.0301056,4
7007217498571,-0.311096,-6.90353,7.69672,1
7007277068884,-0.377747,-5.37772,8.65045,1
7007292205603,-0.124771,0.0447998,0.000152588,4
7007352264196,-0.0980682,-0.00289917,-0.0479126,4
7007366912634,-0.696716,-6.95828,7.711,1
7007396697790,-0.67688,-6.95035,7.71893,1
7007411834509,0.370483,-0.0260468,-0.014801,4
7007426971228,-0.150024,-5.92441,8.47827,1
7007441619665,0.167892,-0.028183,-0.0283356,4
7007456756384,-0.0841675,-5.53482,7.95935,1
7007486541540,-0.482483,-6.33859,7.67926,1
7007501678259,-0.267548,0.0583344,-0.0272675,4
7007516326696,-0.945068,-6.52109,7.84033,1
7007531463415,-0.202393,0.146637,-0.0678558,4
7007576385290,-1.27594,-7.26376,7.60864,1
7007591522009,0.376892,-0.0509644,0.040741,4
7007606170446,0.153076,-5.52609,8.5108,1
7007621307165,0.210617,0.035553,-0.0112457,4
7007666229040,-0.454712,-6.98605,7.20239,1
7007680877478,-0.0492859,-0.0420685,0.0346832,4
7007696014196,-1.0387,-5.74667,7.93396,1
7007710662634,-0.179962,0.00634766,-0.0155182,4
7007725799353,-1.08551,-6.25766,7.74353,1
7007740936071,-0.26683,0.0686646,-0.0557404,4
7007755584509,-0.880005,-6.60202,7.64435,1
7007785857946,-0.563416,-6.82022,7.87128,1
7007800506384,-0.0133362,0.108185,-0.0493317,4
7007815643103,-0.552307,-7.04874,7.66418,1
7007830779821,0.186401,0.0362549,-0.00767517,4
7007860564978,0.11734,0.009552,-0.0140839,4
7007875213415,-0.750671,-6.63693,7.72528,1
7007890350134,0.0827942,0.0284271,-0.00518799,4
7007905486853,-0.365051,-6.46158,7.79987,1
7007920135290,0.119827,0.0430298,0.0012207,4
7007935272009,-0.196838,-6.01407,8.36481,1
7007949920446,0.00802612,0.0127563,0.0254364,4
7007980193884,-0.0848999,0.00527954,-0.00518799,4
7007994842321,-1.42352,-6.02994,7.8808,1
7008025115759,-1.46082,-7.28995,6.99133,1
7008039764196,-0.058197,-0.0335236,-0.0318909,4
7008054900915,-0.626099,-6.71866,7.59833,1
7008069549353,0.0301056,-0.0413513,-0.00163269,4
7008114471228,0.0348511,-6.12039,8.14423,1
7008129607946,-0.0243683,-0.00930786,0.0293427,4
7008144744665,-0.9776,-6.1188,8.20215,1
7008159393103,-0.162506,0.0383911,-0.00198364,4
7008174529821,-1.21008,-6.27115,7.59912,1
7008189178259,-0.30777,0.0583344,-0.0379486,4
7008219451696,-0.251877,0.0437317,-0.0503998,4
7008234100134,-0.177002,-6.62186,8.06726,1
7008249236853,-0.251526,0.112091,-0.0322418,4
7008264373571,-0.768127,-7.31851,7.08972,1
7008279022009,0.0322418,0.0465851,-0.0347443,4
7008294158728,-1.24579,-7.32962,7.18652,1
7008308807165,0.380096,-0.0712585,-0.0365143,4
7008323943884,-0.810974,-6.42587,8.21326,1
7008398650915,0.0728302,-0.0175018,0.0243683,4
7008413787634,-0.46582,-6.49332,7.91968,1
7008443572790,-1.245,-6.08072,7.52057,1
7008458709509,-0.202026,-0.00967407,-0.0251312,4
7008473357946,-1.28784,-6.85989,7.31824,1
7008488494665,-0.215561,-0.0178528,-0.0372314,4
7008503631384,-0.785583,-6.61551,7.75067,1
7008518279821,-0.245468,0.00564575,-0.0215607,4
7008563201696,-0.315063,-7.00192,7.74512,1
7008578338415,0.0949097,0.00314331,0.0122528,4
7008592986853,-0.595947,-6.70279,7.68402,1
7008608123571,0.229843,0.00706482,0.0165253,4
7008623260290,-0.312683,-6.53299,7.80939,1
7008637908728,0.0895691,0.00813293,0.0300598,4
7008653045446,-0.476135,-6.69962,7.78717,1
7008667693884,0.121246,0.00137329,0.0207977,4
7008682830603,-0.746704,-5.94424,7.84827,1
7008697967321,-0.0549927,0.0152588,-0.0236969,4
7008712615759,-1.43701,-6.33701,7.79907,1
7008727752478,-0.281433,0.0220184,-0.0539703,4
7008742889196,-1.30212,-7.5145,6.92786,1
7008757537634,-0.0115509,-0.0392151,-0.0197906,4
7008802459509,0.0372314,-6.59964,7.82843,1
7008817596228,0.0518188,-0.0456238,0.0147552,4
7008832244665,-0.0317993,-6.64169,7.55707,1
7008847381384,0.000198364,-0.0413513,0.050705,4
7008862518103,-0.706238,-6.31717,7.92603,1
7008877166540,-0.0898743,0.0209503,-0.0251312,4
7008937225134,-0.00158691,-0.028183,0.0119019,4
7008951873571,-0.319031,-6.79562,7.62769,1
7008982147009,0.267334,-6.03073,8.03632,1
7008996795446,0.0820923,-0.0185699,0.0257874,4
7009011932165,-0.586426,-6.55124,8.09979,1
7009026580603,-0.0791931,0.0238037,-0.0233459,4
7009041717321,-1.38068,-6.87814,7.23016,1
7009056854040,-0.125488,-0.00860596,-0.0336761,4
7009071502478,-1.11884,-7.17331,6.91199,1
7009086639196,0.024765,-0.0595093,0.00263977,4
7009101775915,-0.416626,-6.5679,7.42456,1
7009116424353,0.161133,0.00421143,-0.015152,4
7009131561071,-0.180176,-6.02994,8.09186,1
7009146209509,0.135498,0.0725708,-0.0415039,4
7009176482946,-0.078125,0.109253,-0.0115967,4
7009191131384,-0.67688,-6.83609,7.53168,1
7009236053259,0.834747,-0.145676,-0.0625153,4
7009251189978,-1.19659,-5.37454,8.59094,1
7009265838415,0.167542,-0.0730438,-0.0457764,4
7009280975134,-0.839539,-6.12833,7.57135,1
7009296111853,-0.171417,-0.0210571,-0.0322418,4
7009310760290,-0.134155,-6.05295,7.73639,1
7009325897009,-0.175323,0.0896606,-0.0404358,4
7009340545446,-0.125427,-6.56949,7.81097,1
7009355682165,-0.0617523,0.0975037,0.0115509,4
7009370818884,-0.31427,-6.1561,8.12201,1
7009385467321,-0.0895233,0.0640259,0.068161,4
7009400604040,-0.649109,-8.10324,7.19843,1
7009475311071,-0.215561,-0.019989,-0.00163269,4
7009490447790,-0.842712,-5.97678,7.68878,1
7009520232946,-0.542786,-5.5975,8.93689,1
7009535369665,-0.537064,0.197906,-0.0365143,4
7009565154821,-0.36795,0.456024,-0.136566,4
7009579803259,-0.795898,-6.00534,8.16089,1
7009624725134,0.450592,0.613754,-0.429581,4
7009639861853,-1.07202,-6.68771,6.75171,1
7009654998571,0.164688,0.187225,-0.351974,4
7009669647009,-0.69751,-6.74643,6.06854,1
7009684783728,-0.310623,-0.214752,-0.263321,4
7009699432165,0.142761,-9.45767,8.96783,1
7009729705603,-1.15216,-6.77499,6.75806,1
7009744354040,-0.24939,0.0148926,-0.0464935,4
7009759490759,-0.858582,-6.62344,6.65729,1
7009804412634,0.0600128,-0.0242615,-0.0105286,4
7009819061071,-1.07599,-6.56155,7.38013,1
7009834197790,0.0877838,-0.0360107,-0.050766,4
7009849334509,-0.916504,-6.93448,7.65942,1
7009863982946,0.272919,-0.0256958,-0.0137329,4
7009879119665,-1.17041,-7.45102,7.52374,1
7009894256384,0.490814,-0.0769653,0.0514221,4
7009908904821,-0.471375,-6.14261,8.24182,1
7009953826696,0.208481,-6.10352e-05,0.0386047,4
7009968963415,-0.364258,-5.75223,8.17517,1
7009983611853,-0.153961,0.0408936,0.0211639,4
7009998748571,-1.00061,-5.80142,7.6499,1
7010013397009,-0.156464,0.0341187,-0.0471954,4
7010028533728,-1.80438,-6.49252,7.88318,1
7010043670446,-0.199539,0.00457764,-0.098114,4
7010088592321,0.103882,-6.48221,8.01965,1
7010103240759,0.232697,-0.0221252,-0.0251312,4
7010118377478,0.283997,-5.93472,8.28387,1
7010133025915,0.115204,0.0138245,0.00442505,4
7010148162634,-0.831604,-5.43246,8.57428,1
7010163299353,-0.208801,0.108887,-0.06073,4
7010193084509,-0.378265,0.0967865,-0.0877838,4
7010208221228,-1.73218,-7.28757,7.27539,1
7010222869665,-0.0172424,-0.0050354,-0.0796051,4
7010238006384,-0.967285,-6.91147,7.60706,1
7010252654821,0.223083,-0.0253296,-0.0311737,4
7010267791540,0.0221558,-6.22275,7.76337,1
7010312713415,-0.0710144,0.0120544,0.0172424,4
7010327850134,-0.046875,-5.30948,8.35767,1
7010342498571,-0.555573,0.0597534,0.0151062,4
7010357635290,-0.670532,-7.0535,7.40314,1
7010387420446,-1.60364,-6.78134,7.47455,1
7010402557165,-0.0624695,0.0462341,-0.0219269,4
7010417205603,-1.79645,-6.88846,7.8078,1
7010432342321,0.0432739,0.0209503,-0.041153,4
7010446990759,-1.50525,-6.68454,7.62927,1
7010462127478,0.145111,-0.0331726,0.000152588,4
7010477264196,-0.545166,-6.21402,7.89191,1
7010507049353,0.260193,-6.36636,8.04028,1
7010522186071,0.122314,-0.00788879,0.0346832,4
7010551971228,0.00233459,-0.000762939,0.0332642,4
7010566619665,-0.945862,-6.13785,7.98157,1
7010626678259,-1.33386,-7.21219,7.33728,1
7010641326696,0.00588989,0.0127563,-0.0543213,4
7010656463415,-0.471375,-6.85434,7.79669,1
7010671600134,0.0970459,0.0113373,-0.00447083,4
7010686248571,0.081665,-6.06009,7.8689,1
7010716522009,-0.431702,-5.78317,8.2807,1
7010731170446,-0.310272,0.0715027,0.000152588,4
7010746307165,-1.099,-6.64169,7.6745,1
7010760955603,-0.274658,0.103912,-0.0450592,4
7010791229040,0.0496826,0.0383911,-0.0938416,4
7010805877478,-1.44495,-7.45737,6.92072,1
7010835662634,-0.759399,-6.55997,7.86572,1
7010850799353,0.442398,-0.0595093,-0.0233459,4
7010865936071,0.0507202,-6.43539,8.41083,1
7010880584509,0.455215,-0.0263977,0.00193787,4
7010925506384,-0.585632,-5.9006,8.35052,1
7010940643103,-0.196335,0.00741577,0.04216,4
7010970428259,-0.493622,0.0180969,0.0332642,4
7010985564978,-1.11487,-6.47903,7.45392,1
7011015350134,-1.20294,-7.40262,7.15875,1
7011030486853,-0.199188,0.017746,-0.0415039,4
7011060272009,-0.220551,0.0465851,-0.0585938,4
7011074920446,-0.475342,-6.71628,7.63007,1
7011105193884,-0.515808,-6.84482,7.76257,1
7011119842321,-0.0649567,0.0882416,-0.0115967,4
7011134979040,-1.3053,-7.50815,7.19763,1
7011150115759,0.31601,-0.0424194,0.0151062,4
7011179900915,0.381165,-0.0830078,-0.0386505,4
7011194549353,-0.874451,-6.08151,8.20135,1
7011209686071,0.155075,-0.0235596,-0.0276184,4
7011269256384,0.130859,-0.0306702,0.0040741,4
7011284393103,-0.161133,-6.4346,7.8808,1
7011314178259,-0.172241,-5.84109,8.4751,1
7011329314978,-0.0742188,0.0298462,0.0268555,4
7011344451696,-1.08472,-6.37033,7.30237,1
7011359100134,-0.117645,-0.00361633,-0.0162201,4
7011374236853,-1.70996,-6.69565,7.44202,1
7011389373571,-0.0834656,-0.0192871,-0.0561066,4
7011404022009,-1.1236,-6.60757,7.88873,1
7011419158728,-0.0318451,-0.0157166,-0.032608,4
7011433807165,-0.526917,-6.45364,7.58246,1
7011448943884,-0.0350494,0.00244141,-0.0115967,4
7011464080603,-0.339661,-6.12277,8.0863,1
7011478729040,-0.157883,0.0444489,-0.00340271,4
7011493865759,-0.542786,-6.68295,7.93237,1
7011508514196,-0.153259,0.0558472,0.0357513,4
7011523650915,-0.715759,-6.80038,7.39441,1
7011568572790,-0.242615,0.0586853,-0.0176544,4
7011583709509,-1.22357,-6.86227,7.54755,1
7011598357946,-0.180313,0.0896606,-0.0432892,4
7011613494665,-1.22675,-7.03842,7.3349,1
7011673064978,-0.917297,-7.38516,7.39124,1
7011688201696,0.599762,-0.113983,0.00798035,4
7011703338415,-0.503113,-6.66232,8.31958,1
7011717986853,0.661011,-0.110428,0.0254364,4
7011733123571,-0.273804,-5.18491,8.36322,1
7011747772009,0.0952606,-0.0538177,0.059967,4
7011762908728,-0.284912,-5.6951,8.25293,1
7011778045446,-0.253296,-0.00289917,0.0752716,4
7011792693884,-0.532471,-6.23703,7.68164,1
7011837615759,-0.104126,0.00172424,-0.0422211,4
7011852752478,-1.57507,-7.15744,7.03259,1
7011882537634,-0.475342,-6.5322,7.92999,1
7011897674353,0.0753174,-0.0299683,-0.0251312,4
7011912322790,-0.207153,-6.53696,7.92365,1
7011927459509,0.110565,-0.0566711,0.0567627,4
7011957244665,0.0422058,-0.0360107,0.032547,4
7011972381384,-0.978394,-6.00931,7.90857,1
7012002166540,-1.01886,-6.45523,7.27539,1
7012017303259,-0.0222321,-0.0043335,-0.0404358,4
7012031951696,-0.481689,-6.12039,8.25452,1
7012047088415,0.0582275,0.113876,-0.070694,4
7012062225134,-0.65863,-6.15054,7.9411,1
7012076873571,-0.0567627,0.109955,-0.0724792,4
7012106658728,-0.347656,0.0882416,0.0400238,4
7012121795446,-0.600708,-6.23941,7.89191,1
7012136932165,-0.456604,0.0618896,0.0859528,4
7012181365759,-1.34418,-7.98422,6.76361,1
7012196502478,0.684143,-0.221863,0.0724335,4
7012211639196,-1.37592,-7.06381,7.77606,1
7012226287634,1.11603,-0.274567,-0.00270081,4
7012241424353,-0.987122,-4.15579,9.49866,1
7012256561071,0.0909882,-0.125732,-0.0436401,4
7012271209509,-0.788757,-5.39438,8.45764,1
7012286346228,-0.483307,-0.0260468,-0.0521851,4
7012316131384,-0.361542,0.063324,-0.0746155,4
7012331268103,-0.356323,-6.82498,7.21906,1
7012345916540,-0.184586,0.0120544,-0.0265503,4
7012361053259,-0.287292,-6.06088,8.13153,1
7012405975134,-0.963242,0.26413,-0.0176544,4
7012420623571,-0.938721,-6.50443,7.17859,1
7012435760290,-0.0396729,0.396576,-0.204575,4
7012450897009,-1.17755,-6.70834,7.68085,1
7012465545446,1.6362,0.453537,-0.476944,4
7012480682165,-0.807007,-5.48959,7.94983,1
7012495818884,0.462341,0.283707,-0.363007,4
7012510467321,-0.857788,-8.3508,7.1286,1
7012540252478,-0.856201,-8.19052,6.91675,1
7012555389196,-0.203812,-0.1026,0.0532074,4
7012570525915,-1.04108,-7.37643,6.67792,1
7012585174353,0.382584,-0.178436,0.0108337,4
7012600311071,-0.621338,-5.39438,8.56396,1
7012614959509,0.0418549,-0.083725,-0.0553894,4
7012719939978,-0.848267,-6.51395,7.94666,1
7012734588415,0.098114,-0.0345917,0.00228882,4
7012839568884,-1.14343,-6.55521,7.68561,1
7012854217321,0.125168,-0.00468445,-0.0532532,4
7012959197790,-0.608643,-6.17673,8.26007,1
7012973846228,0.406799,-0.0677032,0.022934,4
7013078826696,-1.11725,-6.0347,7.79828,1
7013093475134,-0.136871,-0.0449219,-0.014801,4
7013198455603,0.00787354,-5.90933,8.74091,1
7013213104040,0.0956116,-0.00396729,-0.00198364,4
7013318084509,-0.380127,-6.85355,7.61499,1
7013332732946,-0.286057,0.0718689,-0.0443573,4
7013437225134,-0.965698,-5.19522,8.17914,1
7013452361853,0.00198364,-0.0872803,-0.0461273,4
7013557342321,-1.51318,-6.38382,8.2688,1
7013571990759,0.140839,0.0298462,-0.0529022,4
7013676482946,-0.224609,-6.03232,8.01172,1
7013691619665,0.0536041,0.0444489,-0.0354462,4
7013796600134,-0.654663,-6.0704,8.44415,1
7013915740759,-1.11566,-6.63138,8.21643,1
7013930877478,0.0098114,0.0494385,-0.0571747,4
7014035369665,-0.499146,-6.2283,8.12677,1
7014050506384,-0.132248,-0.00753784,0.00584412,4
7014154998571,-0.348389,-6.63455,7.64197,1
7014170135290,0.1241,-0.027832,-0.00553894,4
7014274627478,-1.08948,-6.6409,7.32935,1
7014289764196,-0.240479,0.0059967,-0.00804138,4
7014394256384,-0.80542,-7.04477,7.60071,1
7014409393103,0.363007,-0.0410004,-0.0226288,4
7014513885290,-0.253174,-5.05557,8.23785,1
7014529022009,-0.410675,0.0537109,0.00514221,4
7014633514196,-0.588806,-6.62979,7.74194,1
7014648650915,0.0788879,-0.0328064,0.0475006,4
7014753143103,-0.279358,-5.87997,7.82446,1
7014768279821,-0.462646,0.0138245,-0.00839233,4
7014872772009,-1.80914,-9.50052,6.33594,1
7014887908728,0.712631,-0.14212,-0.0781708,4
7014992400915,0.106262,-4.84055,7.32538,1
7015007537634,-0.491486,-0.131439,-0.0165863,4
7015112021249,-0.714172,-7.6962,7.43567,1
7015127157968,-2.146,0.906067,-0.251205,4
7015231650156,-1.72028,-9.43466,4.64746,1
7015246786874,-0.429901,0.169067,-0.0489807,4
7015351279062,-0.831604,-8.21115,5.6615,1
7015366415781,0.594421,0.00172424,0.0905914,4
7015470907968,-1.27118,-7.74619,6.21692,1
7015486044687,0.165405,0.369873,0.0998383,4
7015590536874,-2.10034,-7.88345,6.34943,1
7015605673593,-0.0667419,0.756165,0.04039,4
7015710165781,-2.43359,-8.02707,6.15503,1
7015725302499,-0.293533,0.073288,-0.0664215,4
7015829794687,-2.1662,-8.17783,5.58295,1
7015844931406,-0.38147,-0.0531006,0.0179596,4
7015949423593,-2.15906,-8.52139,5.36871,1
7015964560312,-0.059967,0.0180969,0.0215149,4
7016069052499,-2.22095,-8.44681,5.27826,1
7016083700937,-0.0813293,-0.027832,0.0207977,4
7016188681406,-2.26776,-8.55313,5.17908,1
7016203329843,0.1241,0.0113373,-0.00946045,4
7016308310312,-2.19,-8.39444,5.40601,1
7016322958749,0.00732422,-0.00967407,-0.0486298,4
7016427939218,-2.12415,-8.28336,5.49963,1
7016442587656,0.0610809,-0.00860596,-0.0350952,4
7016547568124,-2.13684,-8.35318,5.43298,1
7016562216562,0.0375824,-0.000762939,-0.0258331,4
7016667197031,-2.12732,-8.33652,5.4671,1
7016681845468,-0.0108337,0.00634766,0.00335693,4
7016756552499,-2.07892,-8.34683,5.47821,1
7016771689218,0.0144348,0.0102692,0.0165253,4
