Inicio: 31-12-1969-20:59:59:999
Fim: 09-01-2019-11:43:25:031
4100915704463,-9.155762,-1.654022,2.958984,1
4100945733760,-9.164490,-1.662750,2.999451,1
4100945733760,-0.018600,0.058792,0.046921,4
4100975793574,-9.132751,-1.634186,3.008972,1
4100975793574,-0.025009,0.066620,0.063644,4
4101005853389,-9.204956,-1.708771,3.023254,1
4101095971797,-9.282715,-1.725433,3.076416,1
4101095971797,-0.001877,0.088699,0.111359,4
4101126001094,-0.030350,0.073380,0.093552,4
4101156060908,-9.304138,-1.714325,2.992310,1
4101156060908,-0.043533,0.061630,0.082520,4
4101246179316,-9.730225,-1.714325,2.931213,1
4101186090205,-0.041748,0.058792,0.082169,4
4101216119502,-0.042816,0.076233,0.088577,4
4101246179316,-0.027863,0.094742,0.110641,4
4101276208613,-9.519165,-1.652435,2.934387,1
4101276208613,0.014145,0.063766,0.139481,4
4101306268428,-9.107361,-1.600067,2.874878,1
4101306268428,-0.003647,0.031021,0.144119,4
4101336328242,-8.962158,-1.611969,2.736816,1
4101366357539,-0.100143,-0.012772,0.144119,4
4101366357539,-9.034363,-1.535797,2.697937,1
4101396386836,-0.227249,-0.021683,0.143753,4
4101426446650,-9.458069,-1.656403,2.765381,1
4101456475947,-9.227966,-1.338226,3.147034,1
4101426446650,-0.288834,-0.044815,0.142685,4
4101456475947,-0.359329,-0.093597,0.106735,4
4101516565058,-8.693176,-1.404877,3.017700,1
4101546685908,-8.848694,-1.475494,3.220032,1
4101636743281,-8.348022,-1.746857,3.072449,1
4101666803096,-8.336121,-1.896027,3.164490,1
4101666803096,0.325333,0.076950,-0.236847,4
4101696832392,-8.392456,-2.012665,3.148621,1
4101696832392,0.567078,0.155624,-0.273163,4
4101726892207,-8.679688,-2.054718,3.020081,1
4101726892207,0.717682,0.216156,-0.333694,4
4101786981318,0.610870,0.288788,-0.593246,4
4101817010615,0.786758,0.257095,-0.750259,4
4101817010615,-9.763550,-3.235382,2.466248,1
4101847070430,-10.040466,-3.575775,2.122681,1
4101847070430,0.863663,0.191940,-0.964233,4
4101907159541,-9.783386,-1.671478,1.736267,1
4101907159541,1.552597,0.128571,-1.159698,4
4101937219355,-9.468384,-1.268402,2.305969,1
4101937219355,1.448990,0.112198,-1.228058,4
4101967248652,-9.363647,-2.626801,2.398804,1
4101997338984,-9.380310,-2.506195,2.466248,1
4101967248652,1.021378,0.231110,-1.286804,4
4101997338984,1.098648,0.292343,-1.268295,4
4102027368281,-9.096252,-2.374481,2.389282,1
4102117517207,0.752213,0.409485,-0.936813,4
4105827325557,-9.333496,-1.967438,2.760620,1
4106048181269,-9.294617,-2.265778,2.694763,1
4106077966426,-9.258911,-2.283234,2.636047,1
4106128259394,-0.057770,-0.035568,0.001694,4
4106138025019,-9.155762,-2.249908,2.598755,1
4106158349726,-0.047089,-0.022751,0.004547,4
4106188348506,-0.025726,-0.009933,0.016296,4
4106168298457,-9.159729,-2.252289,2.632874,1
4106198571894,-9.173218,-2.184052,2.668579,1
4106218377803,-0.025009,0.006088,0.021637,4
4106248437617,-0.013260,0.024963,0.020569,4
4106258630488,-9.207336,-2.235626,2.663025,1
4106278466914,0.025894,0.035294,0.018433,4
4106318689082,-9.238281,-2.110260,2.710632,1
4106338556025,0.015213,0.032089,0.009537,4
4106348474238,-9.153381,-2.103912,2.762207,1
4106368615840,-0.010773,0.031021,0.006683,4
4106378747676,-9.131165,-2.096771,2.791565,1
4106408532832,-9.151001,-2.118988,2.835205,1
4106398645137,-0.012192,0.030304,0.012375,4
4106428674433,0.003113,0.026382,0.026260,4
4106458703730,-0.002579,0.022110,0.035172,4
4106468591426,-9.170837,-2.067413,2.821716,1
4106498864863,-9.191467,-2.108673,2.840759,1
4106558923457,-9.242249,-2.120575,2.757446,1
4106578881953,-0.030350,-0.013489,0.019852,4
4106608941767,-0.046021,-0.021683,0.013443,4
4106618982051,-9.246216,-2.137238,2.723328,1
4106638971064,-0.043884,-0.026306,0.008469,4
4106669000361,-0.047806,-0.032715,0.002762,4
4106679040644,-9.188293,-2.086456,2.644775,1
4106699029658,-0.060623,-0.030930,-0.002213,4
4106708825801,-9.147827,-2.107086,2.619385,1
4106729089473,-0.057419,-0.024887,-0.006134,4
4106768884394,-9.199402,-2.121368,2.613831,1
4106789148066,-0.046738,-0.011703,-0.004715,4
4106799157832,-9.191467,-2.106293,2.638428,1
4106889489863,-9.187500,-2.122955,2.663818,1
4106909295771,-0.018250,0.006454,-0.009338,4
4106919275019,-9.162903,-2.141205,2.701111,1
4106949548457,-9.156555,-2.131683,2.671753,1
4106969384883,0.018784,0.013931,-0.000076,4
4106979333613,-9.161316,-2.183258,2.697144,1
4106999414180,0.046906,0.023178,0.016296,4
4107009607051,-9.204956,-2.180878,2.748718,1
4107029473994,0.066132,0.028168,0.033386,4
4107039392207,-9.125610,-2.260223,2.725708,1
4107059472773,0.103867,0.030304,0.043350,4
4107069665644,-9.058167,-2.291962,2.714600,1
4107089532588,0.174362,0.037781,0.055817,4
4107159509394,-9.462830,-2.236420,2.829651,1
4107179650996,0.220291,0.020691,0.149460,4
4107189782832,-9.504089,-2.193573,2.805054,1
4107209649775,0.083221,-0.034134,0.139481,4
4107219567988,-9.439026,-2.145172,2.697144,1
4107249841426,-9.564392,-2.170563,2.634460,1
4107239709590,-0.039612,-0.086838,0.103882,4
4107269738887,-0.151764,-0.107483,0.070770,4
4107279626582,-9.934143,-2.172150,2.592407,1
4107309900019,-9.753235,-2.005524,2.707458,1
4107299768183,-0.237930,-0.147003,0.067917,4
4107329797480,-0.380341,-0.199692,0.072556,4
4107430017207,-8.925659,-2.203094,2.812988,1
4107449914668,0.053314,0.087265,0.086075,4
4107459802363,-9.062134,-1.552460,3.794495,1
4107479974482,0.202850,0.093674,0.091415,4
4107490075801,-8.935181,-0.754242,3.858765,1
4107519860957,-8.596375,-0.693146,5.398865,1
4107540063594,-0.834290,-0.205399,0.115280,4
4107550134394,-7.947327,-1.061310,5.536133,1
4107570092891,-1.043991,-0.186874,0.119186,4
4107579941508,-7.706116,-2.263397,4.472900,1
4107600144144,-0.392090,-0.093597,0.264450,4
4107610214945,-7.796570,-1.744476,4.298340,1
4107630173441,-0.168854,0.044907,0.396194,4
4107640000101,-8.244080,-1.605621,3.759583,1
4107660202738,-0.117935,0.162033,0.496597,4
4107730332133,-8.916138,-1.865082,3.799255,1
4107750321146,-0.098358,0.326172,0.481995,4
4107760117289,-9.090698,-2.092010,3.685791,1
4107790390726,-9.577881,-2.353058,3.654846,1
4107820664164,-9.687378,-2.445892,3.793701,1
4107840470072,0.232040,0.444733,0.212479,4
4107850449320,-10.409424,-2.433990,3.792908,1
4107870499369,0.344559,0.479263,0.116699,4
4107880722758,-11.267944,-2.533173,4.114258,1
4107910507914,-10.919617,-2.495880,4.666504,1
4107900528666,0.504410,0.386337,0.030533,4
4107930557963,0.601257,0.144943,-0.115433,4
4108000839945,-8.138550,-1.963470,3.413635,1
4108020676371,0.580963,-0.241348,-0.713943,4
4108050705668,0.591644,-0.366318,-0.707535,4
4108030625101,-8.643188,-1.991241,3.266052,1
4108060898539,-9.082764,-2.176117,3.073242,1
4108080765482,0.618698,-0.399429,-0.595383,4
4108090683695,-10.057922,-2.544281,2.846313,1
4108110794779,0.753281,-0.432541,-0.400269,4
4108120957133,-10.913269,-2.947357,2.852661,1
4108140824076,0.897125,-0.572113,-0.227234,4
4108170883890,0.648254,-0.698502,-0.232574,4
4108150742289,-10.610168,-2.684723,2.933594,1
4108210800883,-9.579468,-2.131683,1.821167,1
4108230942484,-0.184525,-0.797485,-0.649490,4
4108241074320,-9.270813,-2.234833,1.560120,1
4108261002299,-0.386749,-0.809235,-0.873093,4
4108270859476,-8.914551,-2.430023,1.426025,1
4108291031596,-0.400635,-0.751556,-1.006607,4
4108301132914,-8.745544,-2.550629,1.245911,1
4108321060892,-0.252884,-0.642258,-1.020126,4
4108330918070,-8.632080,-2.579193,1.232422,1
4108351090189,-0.031418,-0.501968,-0.901215,4
4108361191508,-8.524170,-2.522858,1.431580,1
4108390976664,-8.463867,-2.404633,1.772766,1
4108411179301,0.187180,-0.149490,-0.449753,4
4108471268412,0.137344,0.121094,0.128799,4
4108481308695,-9.326355,-1.801605,2.217102,1
4108511093851,-10.103943,-1.645294,1.907654,1
4108501297709,-0.027145,0.200485,0.378738,4
4108531327006,-0.410599,0.525558,0.667496,4
4108541367289,-12.282776,-1.605621,2.159973,1
4108571152445,-9.748474,-1.546112,3.563599,1
4108601425883,-6.965027,-1.354889,4.570496,1
4108561356303,-0.640244,0.451859,0.920639,4
4108591416117,-0.665878,0.445801,0.978317,4
4108691757914,-10.620483,-1.602448,4.625244,1
4108711533305,-0.627075,0.244278,0.545731,4
4108721543070,-11.438538,-1.476288,5.243347,1
4108751816508,-9.635010,-1.780182,5.065613,1
4108741593119,-1.211334,-0.092880,0.462769,4
4108771622416,-1.590866,-0.202545,0.324982,4
4108781601664,-8.460693,-2.546661,4.090454,1
4108801651713,-1.367630,-0.278381,0.220306,4
