Inicio: 02-05-2017-14:21:23:155
Fim: 02-05-2017-14:21:43:930
6840680929117,-9.13196,-4.06454,0.922974,1
6840713552408,-9.08276,-3.9606,1.03168,1
6840738363199,-9.05182,-3.86777,0.98407,1
6840773214273,-9.17719,-3.74875,0.862671,1
6840802999429,-9.21527,-3.64639,0.68811,1
6840833272867,-9.19781,-3.4758,0.66748,1
6840863058023,-9.06372,-3.37424,0.722229,1
6840892843179,-8.9455,-3.40756,0.664307,1
6840923116617,-9.1026,-3.44247,0.692078,1
6840952921046,-9.01849,-3.66464,1.02454,1
6840963144435,-0.121567,0.0643921,0.104477,4
6840982706202,-8.97406,-4.06851,1.24988,1
6840993082179,-0.0250854,0.0305634,0.0984192,4
6841012979640,-9.00818,-3.87411,1.14355,1
6841023050441,0.0464783,0.0205994,0.060318,4
6841042764796,-9.13593,-3.79874,0.989624,1
6841072549952,-9.22479,-3.59402,0.812683,1
6841082956447,0.126953,-0.0171509,0.0172424,4
6841112985743,0.0888519,-0.0424194,0.0122528,4
6841132608546,-9.1994,-3.41232,0.798401,1
6841222452296,-8.98279,-3.37344,1.0896,1
6841232767238,-0.0788422,-0.0748291,-0.024765,4
6841252725734,-9.12164,-3.51468,0.983276,1
6841262704982,-0.107681,-0.0744629,-0.0340271,4
6841342569484,-9.13593,-3.72336,1.09357,1
6841352609767,-0.1091,-0.0673523,-0.0397186,4
6841372354640,-9.14703,-3.60593,1.15784,1
6841402139796,-9.19147,-3.49484,1.18085,1
6841412515773,-0.100204,-0.0502625,-0.0269012,4
6841432413234,-9.10974,-3.57339,1.26654,1
6841442484034,-0.106964,-0.0424194,-0.014801,4
6841472421779,-0.050354,-0.0296021,-0.0108795,4
6841491983546,-8.93756,-3.65909,1.22925,1
6841502359523,-0.0200958,-0.0242615,-0.0105286,4
6841522256984,-8.92407,-3.58926,1.10071,1
6841552042140,-9.09387,-3.63211,1.0293,1
6841562265529,-0.0710144,-0.00361633,-0.00305176,4
6841622171534,-0.0848999,-0.0125122,0.00621033,4
6841641885890,-9.2962,-3.87808,1.24353,1
6841671671046,-9.15259,-3.72098,1.28717,1
6841682077540,0.0172882,-0.0356598,-0.0311737,4
6841731729640,-9.09625,-3.71066,1.10547,1
6841741983546,-0.0115509,-0.0591583,-0.0251312,4
6841761514796,-9.08832,-3.75986,1.03644,1
6841771921290,-0.0215149,-0.0687714,-0.0244141,4
6841791788234,-9.04626,-3.77176,0.987244,1
6841831827296,-0.030777,-0.0701904,-0.0301056,4
6841851358546,-9.05817,-3.6456,1.16339,1
6841941202296,-9.06769,-3.83603,1.27765,1
6841951608790,-0.0856018,-0.0189209,0.0183105,4
6842001260890,-9.03833,-3.96774,1.34827,1
6842011514796,0.044342,0.00634766,0.014389,4
6842031046046,-9.03516,-3.87015,1.32843,1
6842041483058,0.0664215,0.0088501,0.00904846,4
6842061319484,-9.0542,-3.78445,1.2348,1
6842101419581,0.0482635,0.00492859,0.0154572,4
6842121378077,-9.10815,-3.7543,1.24591,1
6842131357325,0.0304565,-0.00254822,0.0161743,4
6842151163234,-9.02246,-3.69717,1.19592,1
6842161295070,0.0261841,0.00634766,0.0168915,4
6842180948390,-9.02087,-3.69876,1.25702,1
6842221231593,0.0436401,0.00741577,0.0165253,4
6842241006984,-9.02484,-3.6702,1.23401,1
6842251169337,0.0301056,0.00813293,0.00834656,4
6842270792140,-9.078,-3.61703,1.22052,1
6842281137599,0.00553894,0.00137329,-0.00126648,4
6842301065577,-9.10577,-3.61624,1.23401,1
6842311075343,-0.0115509,-0.00682068,-0.00518799,4
6842330850734,-9.11609,-3.7178,1.27368,1
6842341043605,-0.0243683,-0.0014801,-0.0062561,4
6842360635890,-9.09625,-3.82889,1.21021,1
6842371011866,-0.0012207,-0.00860596,-0.0208588,4
6842400949611,0.0226288,0.00100708,-0.032959,4
6842420694484,-9.03278,-3.64719,1.17133,1
6842430917872,-0.00514221,-0.000762939,-0.0390167,4
6842450479640,-9.00659,-3.64084,1.20386,1
6842460825099,-0.0300598,-0.0014801,-0.0340271,4
6842480753077,-9.04388,-3.74319,1.25702,1
6842510538234,-9.09308,-3.79318,1.29272,1
6842520761622,-0.0197449,-0.0014801,-0.0219269,4
6842540323390,-9.18036,-3.77731,1.29907,1
6842550699366,0.000198364,-0.00646973,-0.0172882,4
6842570596827,-9.13275,-3.76303,1.34906,1
6842580667628,0.00767517,-0.0128784,-0.0165863,4
6842600381984,-9.17957,-3.71463,1.28955,1
6842610605372,0.0158691,-0.0171509,-0.0169373,4
6842630167140,-9.09705,-3.70352,1.24512,1
6842670511378,-0.000152588,-0.0338745,-0.0144501,4
6842690225734,-9.00659,-3.71622,1.24512,1
6842700479640,-0.0115509,-0.0296021,-0.014801,4
6842720010890,-9.04626,-3.75668,1.26813,1
6842730447902,-0.00727844,-0.0231934,-0.0126648,4
6842750284327,-9.01849,-3.72812,1.31653,1
6842760385646,-0.0112,-0.0217743,-0.0201416,4
6842780069484,-9.01849,-3.7178,1.29034,1
6842790323390,-0.0275726,-0.00788879,-0.0240631,4
6842809854640,-9.08356,-3.80746,1.27289,1
6842820291652,-0.0204468,-0.00219727,-0.0236969,4
6842840128077,-9.08673,-3.85269,1.34113,1
6842869913234,-9.06531,-3.70511,1.45459,1
6842880197657,0.0140839,0.0141907,-0.0101776,4
6842929971827,-9.20258,-3.6456,1.37048,1
6842970041407,0.0180054,0.00421143,0.0215149,4
6842989542140,-9.0907,-3.81461,1.39429,1
6843139444484,-8.78363,-4.36923,1.2229,1
6843149728907,-0.0706482,-6.10352e-05,-0.0290375,4
6843169229640,-8.84155,-4.16214,1.39191,1
6843389352931,0.016571,0.102478,0.059967,4
6843408975734,-9.19226,-3.68924,1.04437,1
6843598978175,-0.146133,0.101059,0.0432281,4
6843618936671,-9.18036,-3.76462,0.542908,1
6843678506984,-8.89075,-3.47659,0.470703,1
6843688852443,-0.203461,0.169418,0.0642395,4
6843708780421,-8.8114,-3.34885,0.484985,1
6843738565577,-8.96216,-3.38852,0.551636,1
6843748788966,-0.230164,0.325012,0.160721,4
6843768350734,-9.06451,-3.68369,0.522278,1
6843778726710,-0.181732,0.390869,0.213776,4
6843798624171,-9.28827,-3.75034,0.577026,1
6843808664454,-0.0870361,0.412598,0.238693,4
6843828409327,-9.33588,-3.71304,0.563538,1
6843838632716,0.032959,0.408325,0.230865,4
6843858194484,-9.36603,-3.57736,0.312012,1
6843868570460,0.130157,0.390518,0.18956,4
6843888467921,-9.37317,-3.37106,0.127136,1
6843898508204,0.199936,0.369156,0.156448,4
6843918253077,-9.56598,-3.02432,0.114441,1
6843928476466,0.178223,0.336395,0.157516,4
6843948038234,-9.57233,-2.71646,-0.152161,1
6843958414210,0.00588989,0.274811,0.15538,4
6843978311671,-9.51996,-2.87198,-0.144226,1
6843988382472,-0.201324,0.22496,0.139359,4
6844008096827,-9.44458,-3.42899,-0.102173,1
6844018320216,-0.233368,0.181168,0.114441,4
6844037881984,-9.39935,-3.7059,0.067627,1
6844048288478,-0.133667,0.136658,0.0802612,4
6844068155421,-9.29144,-3.64481,0.12793,1
6844078226222,-0.0443115,0.0903778,0.0439453,4
6844097940577,-9.1391,-3.36154,0.0922241,1
6844108163966,0.0340271,0.0665283,0.0350494,4
6844127725734,-9.21289,-3.0878,-0.141052,1
6844168100490,0.00732422,0.0686646,0.0386047,4
6844187784327,-9.18671,-3.14413,-0.196594,1
6844198038234,-0.0186768,0.0569153,0.00941467,4
6844217569484,-9.25891,-3.4274,-0.344971,1
6844228006495,0.014801,0.0476532,-0.0315399,4
6844247842921,-9.41443,-3.4631,-0.543335,1
6844257944240,0.128021,0.0205994,-0.0568085,4
6844277628077,-9.24701,-3.14651,-0.437805,1
6844287912501,0.133713,-0.00289917,-0.0870819,4
6844307901515,-9.30811,-3.09097,-0.506042,1
6844317850245,0.122314,0.00991821,-0.0888519,4
6844337686671,-9.23828,-3.21078,-0.581421,1
6844347818507,0.232697,0.0270081,-0.0806732,4
6844367471827,-9.46442,-4.78262,-0.997986,1
6844407663478,3.32631,-0.0228424,-0.243027,4
6844437631740,7.7597,-0.711426,-0.580185,4
6844457315577,-13.2151,-5.79587,4.04047,1
6844467569484,10.2715,-1.96609,-0.340576,4
6844487100734,-11.0172,2.67667,7.22382,1
6844497507228,6.21663,-3.45541,0.0460815,4
6844517374171,-7.3443,2.83853,9.25348,1
6844527475490,1.55359,-3.54727,-0.239456,4
6844547159327,-5.95575,-0.155975,7.20557,1
6844587381495,-0.674133,-2.83519,-0.11058,4
6844607217921,-4.40533,-1.18192,5.84003,1
6844617319240,-1.24487,-2.39299,-0.125168,4
6844637003077,-5.08533,-2.29355,5.61072,1
6844647287501,-0.761368,-2.06543,0.113373,4
6844667276515,-5.32257,-2.65457,5.26398,1
6844677255763,-0.030777,-1.6008,0.448044,4
6844697061671,-6.25964,-2.93546,5.48297,1
6844707162990,0.118042,-1.15753,0.709381,4
6844726846827,-6.76508,-2.43082,5.43219,1
6844737131251,-0.391449,-0.803986,0.739639,4
6844757120265,-6.86108,-2.16422,5.04022,1
6844797037257,-1.36378,-0.240021,0.57373,4
6844816690577,-7.14355,-3.72098,4.49115,1
6844826975001,-1.14055,-0.179855,0.570877,4
6844846964015,-6.823,-4.16928,4.60779,1
6844856912745,-0.640671,-0.0445557,0.581558,4
6844876749171,-7.06818,-3.47104,5.24811,1
6844906534327,-6.896,-2.72202,5.21558,1
6844916818751,-0.401413,0.0992737,0.497894,4
6844966592921,-6.60718,-3.18539,4.98309,1
6844976724757,-0.402481,0.297943,0.372574,4
6844996378077,-6.72461,-2.56729,4.94025,1
6845006662501,-0.32486,0.260208,0.379333,4
6845036630763,-0.517838,0.342102,0.406036,4
6845056436671,-7.25623,-2.96402,5.00531,1
6845066599025,-0.329498,0.440369,0.456589,4
6845086221827,-7.58154,-2.73312,5.69403,1
6845096536769,-0.336258,0.403687,0.446976,4
6845116495265,-7.40063,-3.03702,5.41235,1
6845126474513,-0.476532,0.376633,0.37114,4
6845146280421,-7.5863,-3.03622,5.88843,1
6845156412257,-0.447342,0.299011,0.355835,4
6845176065577,-7.7569,-3.49484,5.93842,1
6845186380519,-0.376846,0.278717,0.389297,4
6845236124171,-7.82434,-5.04367,6.12646,1
6845246256007,-0.562347,0.233505,0.297806,4
6845265909327,-7.25623,-4.71835,4.9093,1
6845276193751,-0.259003,0.19577,0.341599,4
6845296182765,-5.69788,-3.12668,3.66675,1
6845306131495,-0.213425,0.45282,0.595093,4
6845326456202,-13.5491,-12.3744,12.3107,1
6845355753077,-11.0505,5.03561,4.06982,1
6845366037501,1.56427,-0.20549,1.02162,4
6845386026515,-9.15179,0.855682,6.43512,1
6845396005763,-2.20688,0.268036,-0.0724792,4
6845415811671,-5.89624,-7.43356,5.02753,1
6845455881251,0.793808,0.475967,0.311691,4
6845485849513,0.215607,0.294388,0.168198,4
6845505655421,-8.11871,-3.35361,5.29968,1
6845515787257,0.330963,0.0889587,0.0435944,4
6845535440577,-7.24512,-1.86588,6.26691,1
6845545725001,0.0874329,0.20929,0.100906,4
6845565714015,-8.02747,-1.8389,5.71307,1
6845575662745,-0.575165,0.227448,0.078125,4
6845595499171,-8.04889,-3.43216,5.16162,1
6845625284327,-7.59741,-3.48373,4.9101,1
6845635568751,0.255829,0.171906,0.00050354,4
6845655557765,-8.11871,-2.47128,5.36078,1
6845685342921,-7.97113,-2.31656,5.30048,1
6845695444240,-0.0866699,0.0348358,-0.0336761,4
6845715128077,-7.8045,-2.68314,5.69006,1
6845725381984,-0.430252,0.0234375,-0.0952606,4
6845744913234,-7.86084,-3.15842,4.85455,1
6845755319728,-0.129044,0.072937,-0.100967,4
6845775186671,-8.17188,-2.82358,5.37903,1
6845785287990,-0.174973,0.0494385,-0.164688,4
6845875131740,-0.19313,-0.028183,-0.098114,4
6845894815577,-7.92352,-3.34409,5.21002,1
6845994882716,0.0539551,-0.489609,-0.608322,4
6846014444484,-7.59979,-5.44675,6.55017,1
6846044717921,-6.26837,-6.91861,9.65497,1
6846054758204,0.365845,-1.33342,-0.929825,4
6846074503077,-3.35718,-9.31406,9.40027,1
6846084726466,-0.26683,-1.52213,-1.21288,4
6846104288234,-3.03662,-6.83847,7.54358,1
6846114633693,0.170029,-1.45625,-1.18439,4
6846134561671,-2.87555,-5.50626,6.56049,1
6846144571437,0.710495,-1.21771,-1.29262,4
6846164346827,-3.69122,-4.66519,6.85168,1
6846204477443,0.254761,-0.393478,-0.995331,4
6846224405421,-5.86688,-1.65958,5.44727,1
6846234415187,-0.829376,0.370941,-0.635376,4
6846254190577,-8.51703,-0.717743,4.17773,1
6846264352931,-0.976059,0.791412,-0.131226,4
6846283975734,-10.4515,-2.94656,-0.627441,1
6846294290675,-0.743561,1.18626,0.0745697,4
6846314249171,-10.5372,-0.95578,0.0914307,1
6846324228419,0.885666,0.879364,0.326279,4
6846344034327,-8.41626,-3.13937,10.5317,1
6846354166163,-0.210571,0.973709,0.282135,4
6846373819484,-9.44379,-8.94272,8.90118,1
6846404092921,-4.44818,-3.83365,7.25397,1
6846414072169,-0.250092,0.51976,0.121918,4
6846433878077,-8.06476,-4.14865,5.10846,1
6846444009913,-0.142212,0.511566,0.210571,4
6846463663234,-7.38318,-4.46921,5.67816,1
6846473947657,-0.195618,0.0821838,0.0756378,4
6846493448390,-6.32391,-5.4523,5.6853,1
6846503885402,-0.289978,-0.00396729,0.0371857,4
6846523721827,-6.25409,-5.28409,5.36395,1
6846533823146,0.185699,-0.0947571,0.0770569,4
6846553506984,-6.69604,-4.8461,5.92493,1
6846563760890,0.044342,-0.196945,-0.00340271,4
6846593759669,0.202423,-0.262817,-0.0400848,4
6846613565577,-6.70477,-4.51682,5.91223,1
6846623666896,0.285736,-0.294861,-0.0454254,4
6846643350734,-6.604,-4.86197,6.17804,1
6846653574122,0.245148,-0.371399,-0.0443573,4
6846683542384,0.234467,-0.436203,-0.000564575,4
6846703409327,-6.23029,-5.25949,6.36133,1
6846713480128,0.143677,-0.450806,0.0709991,4
6846733194484,-6.45166,-5.69113,6.4859,1
6846743448390,0.249786,-0.566513,0.181381,4
6846762979640,-6.75873,-5.98788,6.90247,1
6846773386134,0.450226,-0.712128,0.220184,4
6846793253077,-5.38763,-7.61209,6.02332,1
6846823038234,-2.34235,-11.7944,6.52478,1
6846833292140,-1.12987,-0.57933,-0.899551,4
6846852823390,-2.85016,-7.74857,7.30078,1
6846863199366,-0.262558,-0.243225,-0.674545,4
6846883096827,-2.51532,-6.46475,6.31055,1
6846893167628,-0.0101318,-0.21582,-0.913437,4
6846923074855,0.207413,0.109604,-0.835464,4
6846942667140,-3.65155,-4.08835,7.66101,1
6846953012599,0.231262,0.140228,-0.436356,4
6846972940577,-4.22839,-1.52151,7.5285,1
6846982980861,-0.184586,-0.0523987,0.0578308,4
6847002725734,-5.12738,-0.724884,7.0564,1
6847012918605,-0.529236,0.073288,0.503952,4
6847032510890,-6.91821,-1.73019,6.59381,1
6847042856349,-0.681976,0.34993,0.813705,4
6847062784327,-9.21051,-2.28879,2.75269,1
6847072794093,0.22522,0.698486,1.41968,4
6847092569484,-16.4649,-2.2991,12.098,1
6847102731837,1.34175,0.213928,0.988876,4
6847122354640,-8.70984,1.27066,6.46924,1
6847132669581,-0.827591,-0.350037,0.203812,4
6847162607325,-1.03729,0.0622559,0.106247,4
6847182413234,-4.33234,-7.37564,6.18518,1
6847192545070,0.616501,0.519409,0.376846,4
6847212198390,-5.45349,-5.52054,6.04712,1
6847222482814,0.906677,0.501953,0.446976,4
6847252390040,0.690552,0.313965,0.543472,4
6847272256984,-6.78571,-4.21451,6.14948,1
6847282358302,0.710144,0.10141,0.594742,4
6847302042140,-7.2951,-3.90506,6.57953,1
6847312296046,0.5047,-0.203354,0.510361,4
6847331827296,-8.14331,-4.38113,7.54199,1
6847342233790,0.422104,-0.533051,0.412445,4
6847362100734,-8.91693,-4.25101,7.37775,1
6847372171534,-0.145782,-0.875198,0.211639,4
6847391885890,-9.7453,-6.51474,3.10339,1
6847402078761,-1.27121,-0.722809,-0.397903,4
6847421671046,-10.4166,-7.28757,0.777771,1
6847432047023,-1.12061,-0.676178,-0.756073,4
6847481729640,-5.28925,-6.00455,3.82306,1
6847511514796,-3.05725,-4.01773,5.7337,1
6847521860255,0.667419,0.295807,-0.68985,4
6847541788234,-1.12756,-1.65164,7.65625,1
6847551797999,0.296417,0.535065,-0.397537,4
6847571573390,0.537109,1.06516,8.29657,1
6847581766261,-0.407471,0.761505,0.105179,4
6847601358546,1.56146,4.02872,6.93738,1
6847631631984,-8.87329,-5.05795,18.3909,1
6847641641749,-0.0154724,0.700989,0.944717,4
6847661417140,-9.86353,-1.84048,1.42523,1
6847671579493,-1.1377,0.055481,0.802658,4
6847720987452,-6.35803,-3.57974,6.7049,1
6847731424464,-0.314545,0.364166,0.0791931,4
6847751260890,-5.24402,-5.51974,5.84399,1
6847761362208,-0.0350494,0.410461,0.260773,4
6847781046046,-6.01129,-5.32852,5.39728,1
6847791299952,0.198868,0.284424,0.410309,4
6847810831202,-7.22687,-3.79239,5.83923,1
6847821268214,-0.0254364,0.0116882,0.514267,4
6847841104640,-7.30383,-3.61942,6.086,1
6847851205958,-0.34729,-0.257477,0.446274,4
6847911081447,0.0941925,-0.162415,0.259705,4
6847930948390,-6.70715,-3.56705,6.48669,1
6847941019191,0.0724792,-0.0520325,0.213058,4
6847960733546,-6.96344,-3.89395,6.26849,1
6847970956935,0.0895691,0.0380402,0.230148,4
6847990518702,-6.87537,-4.23752,6.53589,1
6848000894679,0.256195,0.017395,0.287476,4
6848020792140,-6.77936,-4.46762,6.50732,1
6848050577296,-7.98145,-4.64853,6.41846,1
6848060770167,0.724731,-0.22757,0.150757,4
6848080362452,-8.06952,-3.98282,6.92786,1
6848090707911,0.56131,-0.724243,-0.0219269,4
6848110635890,-6.34375,-6.69882,8.48065,1
6848120676173,-0.869965,-1.05109,-0.797379,4
6848140421046,-1.51477,-10.7256,7.565,1
6848150583400,-1.41612,-1.02545,-1.39766,4
6848170206202,-1.57745,-6.78928,8.58777,1
6848180551661,-0.300659,-0.689697,-1.47812,4
6848200479640,-0.534058,-5.83395,7.96252,1
6848210489406,-0.0257874,-0.601044,-1.80745,4
6848230264796,-0.89032,-6.58774,7.94745,1
6848260049952,-2.85968,-3.89633,7.75146,1
6848270334376,0.602615,0.0202332,-1.58458,4
6848290323390,-3.30005,-0.956573,5.76782,1
6848320108546,-5.05597,0.849335,4.62842,1
6848330240382,-0.475464,1.14781,-0.112,4
6848349893702,-8.909,-0.63681,1.16339,1
6848360178126,-1.12488,1.72174,0.56163,4
6848380167140,-17.3042,-8.70071,5.01086,1
6848390115870,0.931244,1.17024,1.31679,4
6848410440577,-15.2152,4.60239,5.93921,1
6848420114650,1.10962,-1.11339,0.0492859,4
6848439737452,-3.61267,-1.5231,9.03607,1
6848449991359,-2.97095,-0.780853,-1.06369,4
6848469522609,-0.758606,-10.7931,4.95056,1
6848479929103,-0.976776,0.0590515,-0.396835,4
6848499796046,-3.25165,-8.18735,6.03839,1
6848509866847,0.79808,0.569244,-0.241241,4
6848539774074,0.738983,0.443573,0.0389557,4
6848559366359,-7.58313,-4.09152,6.1582,1
6848569742335,0.573425,0.191132,0.00157166,4
6848589639796,-6.87219,-4.40891,6.47003,1
6848599649562,-0.102341,-0.186264,-0.231979,4
6848689493312,0.240875,-0.158142,-0.101669,4
6848709268702,-6.27869,-6.38382,6.71838,1
6848719431056,0.159698,-0.441193,-0.191757,4
6848739053859,-7.32208,-8.65469,5.73053,1
6848749399318,0.235901,-0.843155,-0.235901,4
6848769327296,-7.03247,-12.3133,2.15918,1
6848779306544,0.411072,-0.837463,-0.467682,4
6848799112452,-6.62939,-13.2956,0.911072,1
6848828897609,-5.17419,-7.60098,2.2179,1
6848859171046,-0.796692,-3.77176,4.77045,1
6848869150294,1.4126,0.649002,-1.69281,4
6848888956202,0.547424,-2.07059,7.85858,1
6848899088038,0.732925,1.34969,-1.1584,4
6848918741359,-1.26404,1.49759,9.41772,1
6848929025782,-0.281067,1.48605,-0.28717,4
6848948526515,-4.65289,3.70816,11.7719,1
6848958963527,1.32822,0.82132,1.5863,4
6848978799952,-13.5317,1.87448,14.7632,1
6848988901271,-1.15408,0.0576172,0.856064,4
6849018839015,-1.60483,-0.337585,0.149689,4
6849038370265,-4.47516,-5.48245,8.10614,1
6849048746241,0.245514,0.559998,0.0809784,4
6849068643702,-5.43207,-6.0831,6.90167,1
6849078714503,-0.19455,0.456024,0.180313,4
6849098428859,-4.8338,-6.71707,5.79321,1
6849108652247,0.0763855,0.336395,0.380402,4
6849128214015,-5.38129,-5.83475,6.09869,1
6849138589991,0.0180054,0.185089,0.610046,4
6849158487452,-5.75818,-5.34677,6.16138,1
6849168527736,-0.198822,-0.0424194,0.770981,4
6849198465480,-0.178528,-0.276703,0.783081,4
6849218057765,-5.75262,-5.1611,6.37958,1
6849228403224,0.0468445,-0.370331,0.714722,4
6849248331202,-5.7439,-5.00162,6.87231,1
6849258371486,0.160767,-0.343628,0.679825,4
6849278116359,-5.80103,-5.28568,6.82867,1
6849288309230,0.169678,-0.317642,0.673065,4
6849307901515,-5.88513,-5.69113,6.59619,1
6849348184718,0.743256,-0.547287,0.842896,4
6849367960109,-6.53497,-6.79086,8.16406,1
6849378122462,1.0555,-0.703583,0.798035,4
6849408090724,-0.962524,-1.33022,-0.16861,4
6849428018702,-0.238098,-10.9763,5.99554,1
6849438028468,-1.10815,-0.820724,-0.405731,4
6849457803859,-2.5177,-5.19681,6.54462,1
6849467935695,-0.0564117,-0.435135,-0.382233,4
6849487589015,-2.82318,-4.47238,5.8067,1
6849497873439,0.1241,-0.348969,-0.751801,4
6849517862452,-2.27332,-3.49326,6.52478,1
6849527841700,0.865021,0.129898,-0.53212,4
6849547647609,-3.27069,1.42697,7.17303,1
6849577432765,-5.29797,3.30746,6.12012,1
6849607706202,-9.44299,1.27463,5.78845,1
6849617654933,-0.691589,0.940948,1.83731,4
6849637491359,-16.9362,-2.02933,8.90753,1
6849647592677,0.49118,-0.203705,0.963242,4
6849667276515,-8.13696,0.215363,8.06012,1
6849677530421,-1.38336,-0.532684,-0.0724792,4
6849697061671,-2.7843,-5.39359,7.07385,1
6849707468165,-0.801239,0.0775604,0.205231,4
6849767374171,0.260468,0.372009,0.535995,4
6849786905421,-6.00574,-4.15897,6.26929,1
6849797281398,0.319214,0.402985,0.757095,4
6849817178859,-7.25305,-3.00131,6.7287,1
6849827249659,-0.169281,0.114944,0.691574,4
6849846964015,-6.85712,-2.98703,6.95721,1
6849857187404,-0.423492,-0.036377,0.60791,4
6849876749171,-6.02399,-3.72733,7.31189,1
6849887125148,-0.256149,0.101059,0.471542,4
6849907022609,-5.85101,-4.15421,6.84137,1
6849917062892,0.0536041,0.301147,0.365448,4
6849936807765,-6.54211,-4.14786,6.17407,1
6849946970118,0.482269,0.440369,0.313461,4
6849966592921,-6.95233,-3.51944,6.46051,1
6850006906642,0.457001,0.222107,0.168915,4
6850026651515,-6.85077,-2.89261,6.44623,1
6850036813868,0.212036,0.132034,0.12085,4
6850056436671,-6.992,-3.22189,6.62317,1
6850066751613,-0.0240173,0.0401764,0.0891571,4
6850086710109,-6.6413,-3.26474,6.40894,1
6850096689357,0.118759,0.0415955,0.122986,4
6850116495265,-6.86426,-3.27664,6.49701,1
6850126627101,0.149384,0.0982056,0.0724335,4
6850146280421,-6.88647,-2.91959,6.54462,1
6850156564845,0.387207,0.143784,0.0656586,4
6850176065577,-7.00391,-2.74582,6.73187,1
6850186502589,0.165039,0.147705,0.0724335,4
6850216440333,0.0714111,0.143784,0.133667,4
6850236612452,-6.91742,-3.03702,6.40973,1
6850246439113,0.0888519,0.128113,0.135803,4
6850265909327,-7.06024,-2.69901,6.47083,1
6850276315822,0.118042,0.130615,0.108383,4
6850296182765,-7.14276,-2.73312,6.47559,1
6850306253566,0.0863647,0.114227,0.068161,4
6850325967921,-7.16736,-2.83865,6.39465,1
6850336191310,0.118042,0.073288,0.00549316,4
6850355753077,-7.53949,-3.06558,6.23914,1
6850366129054,0.0859985,-0.0794525,-0.150452,4
6850386026515,-7.79895,-3.87173,6.38434,1
6850396036281,-0.247955,-0.368561,-0.260468,4
6850415811671,-8.53766,-4.79294,8.07123,1
6850426004542,-1.05296,-0.708923,-0.494736,4
6850475870265,-4.60846,-12.1991,3.67627,1
6850485849513,-2.05557,-1.65207,-2.08267,4
6850505655421,-4.81873,-9.25693,5.05609,1
6850515817775,-2.04311,-1.10092,-2.85172,4
6850535440577,-4.25299,-8.68961,4.41895,1
6850545755519,-2.45468,-0.944275,-3.35658,4
6850565714015,-1.51556,-7.14554,4.62128,1
6850575693263,-2.80432,-0.384583,-3.48332,4
6850595499171,-1.05219,-4.62711,5.11877,1
6850605631007,-4.72087,0.352417,-3.25902,4
6850625284327,-2.42963,-5.40311,4.00317,1
6850635538234,-7.0547,0.719147,-2.82857,4
6850655069484,-3.63885,-9.28311,2.16394,1
6850665506495,-7.29004,0.770416,-2.15744,4
6850685342921,-3.67139,-9.79727,2.71619,1
6850695413722,-5.25031,0.682465,-1.38127,4
6850715128077,-3.42224,-10.8748,0.53418,1
6850725381984,-3.68266,0.686035,-1.12564,4
6850744913234,-5.40985,-9.54099,4.08014,1
6850755289210,-3.91693,0.22496,-0.945847,4
6850775186671,-6.42786,-10.1964,3.45807,1
6850785226954,-3.63852,-0.697174,-0.802353,4
6850804971827,-3.74677,-10.3178,-0.361633,1
6850815195216,-1.1879,-0.644485,-0.420334,4
6850834756984,-2.12732,-9.56161,-5.11761,1
6850845132960,1.49805,-0.473587,0.123703,4
6850904977931,2.17203,0.149124,0.541336,4
6850924600734,-0.648315,-10.6058,-2.05328,1
6850934915675,1.43289,-0.115051,0.532425,4
6850954853874,0.198303,-10.6153,-2.42938,1
6850964833122,1.25168,-0.241089,0.40889,4
6850984639030,-0.0667114,-10.4074,-2.4024,1
6850994801384,0.550278,-0.205139,0.354416,4
6851014424187,-0.854614,-10.167,-3.1673,1
6851024739128,0.533188,-0.13678,0.370071,4
6851044209343,-1.46002,-10.4535,-3.1546,1
6851054646355,0.722961,-0.0203552,0.328064,4
6851114521843,0.879257,-0.427307,0.0944977,4
6851134053093,-1.75757,-14.2898,-3.56085,1
6851144459587,1.67358,-0.732788,-0.166473,4
6851164326530,-1.07678,-15.1015,-0.293396,1
6851174397331,3.34874,-1.02652,-0.573776,4
6851194111687,0.0626221,-12.6902,1.90448,1
6851204335075,3.92624,-1.35585,-1.08932,4
6851223896843,0.998108,-10.9264,2.2655,1
6851234272819,3.44522,-1.46231,-1.29832,4
6851254170280,1.38214,-9.62906,3.01294,1
6851283955437,1.12427,-7.12967,2.83997,1
6851294117790,3.36014,-0.751648,-0.987503,4
6851313740593,1.01318,-5.49832,2.45831,1
6851324086052,2.12682,-0.278122,-0.700882,4
6851344014030,1.07587,-3.32028,2.7392,1
6851354023796,1.25275,0.461014,0.0727844,4
6851373799187,0.15625,0.497833,4.84583,1
6851403584343,-2.25665,-8.72928,6.01062,1
6851413899284,-2.40341,0.404755,0.382187,4
6851433857780,-4.19507,-14.5636,5.88843,1
6851443806511,-0.168564,-0.484268,0.382889,4
6851463642937,-1.47351,-10.5542,7.20081,1
6851473774773,0.740051,-1.02438,0.153244,4
6851493428093,0.281616,-8.43887,4.84979,1
6851503712517,-0.51178,-1.23907,0.0841827,4
6851523701530,1.72968,-13.1076,2.67889,1
6851533650261,-0.388596,-1.53316,-0.205643,4
6851553486687,3.96881,-16.0211,3.8175,1
6851563588005,2.76875,-1.4559,-0.75856,4
6851583271843,4.27826,-11.9071,6.29944,1
6851593525749,4.83342,-1.48651,-1.13063,4
6851613056999,4.92175,-8.05801,7.75702,1
6851623463493,4.70738,-1.64958,-1.16017,4
6851643330437,4.19733,-5.96011,8.03711,1
6851653401237,5.13,-1.1814,-1.00316,4
6851673115593,3.33563,-3.61545,6.44623,1
6851683338982,5.80933,-0.669052,-0.75145,4
6851702900749,2.66992,-1.59927,5.46234,1
6851743183952,3.72578,1.12076,-0.570938,4
6851762959343,0.0673828,1.09848,5.91064,1
6851773121696,1.05229,1.82713,-0.563812,4
6851792744499,-2.07257,2.50211,3.91113,1
6851803059441,0.0464783,1.82358,-0.068924,4
6851822529655,-4.81079,1.48648,10.9745,1
6851832966667,0.722244,0.823456,-0.0276184,4
6851852803093,-0.891907,2.42435,11.0118,1
6851862934929,-0.816559,0.127045,0.289261,4
6851882588249,0.961609,-1.23666,7.35077,1
6851892842155,-0.257935,0.229233,0.368652,4
6851942646843,0.762451,0.853302,10.6746,1
6851952717644,0.320633,0.167633,0.464066,4
6851972431999,0.744202,-0.838348,11.1125,1
6851982655388,-0.125839,-0.0506134,0.311691,4
6852002217155,0.940186,-1.21048,10.9412,1
6852012593132,0.0650024,-0.260315,0.172836,4
6852032490593,1.66064,-0.732025,10.2382,1
6852042500359,0.00161743,-0.390274,0.0350494,4
6852062764030,2.07959,-0.998627,9.79144,1
6852072499138,-0.126556,-0.370697,-0.0596619,4
6852122334343,1.66779,-1.00974,10.8801,1
6852132313591,-0.27858,-0.46611,-0.322418,4
6852152119499,1.9574,-1.00101,10.4714,1
6852162251335,-0.452682,-0.507416,-0.318146,4
6852181904655,2.11768,-0.620148,9.94379,1
6852192158562,-0.87851,-0.632736,-0.39006,4
6852211689812,3.45782,-1.8627,9.04797,1
6852222096306,-0.593674,-0.655518,-0.436356,4
6852241963249,4.61548,-2.6149,8.07043,1
6852252034050,0.14119,-0.456848,-0.502213,4
6852271748405,4.19415,-2.21896,8.33704,1
6852281971794,0.123383,-0.193024,-0.804855,4
6852331806999,3.50385,-1.54611,9.38519,1
6852341847282,0.670624,0.208939,-1.35243,4
6852361592155,2.45172,0.321686,9.6637,1
6852371785027,0.158279,0.257721,-1.27339,4
6852401722771,-0.125122,0.443924,-1.13774,4
6852421650749,-0.46106,-0.916901,7.16589,1
6852431629997,0.610443,0.77005,-0.998184,4
6852451435905,-2.66052,4.04935,8.60522,1
6852461567741,1.20325,0.37735,-0.1241,4
6852481221062,-2.77875,5.88699,11.6624,1
6852491505485,-0.32309,-0.33046,-0.351974,4
6852511006218,0.744202,-0.0171204,8.47351,1
6852521473747,-0.27858,-0.0502625,-0.116623,4
6852571064812,1.40833,-0.0440979,11.2657,1
6852581349235,-0.286407,-0.0513306,0.119431,4
6852600849968,1.80426,-0.41861,10.6119,1
6852611286980,-0.455887,-0.171661,0.168915,4
6852631123405,2.50726,-1.02798,10.4103,1
6852641224724,-0.359756,-0.139984,0.146484,4
6852660908562,2.09229,-1.70718,10.7357,1
6852671162468,-0.295319,-0.219727,0.0517731,4
6852690693718,2.39618,-1.61197,10.4072,1
6852701100212,-0.202026,-0.366776,0.00834656,4
6852720967155,2.88098,-1.30649,9.4693,1
6852731037956,-0.367584,-0.315506,0.0257874,4
6852760975700,-0.335907,-0.23291,0.0831146,4
6852780537468,2.02008,-2.02536,7.20953,1
6852790913444,-0.380402,-0.132141,0.137939,4
6852810810905,1.99548,-1.20175,6.57953,1
6852820851189,-0.599365,0.188995,0.2444,4
6852840596062,1.10364,-1.73099,5.97015,1
6852850788933,-0.313477,0.41188,0.316315,4
6852870381218,0.671204,-3.2576,8.04822,1
6852880696159,-0.000152588,0.589905,0.294235,4
6852900654655,0.0999146,-3.4028,8.68933,1
6852910633903,-0.183868,0.867615,0.236206,4
6852930439812,1.47894,-3.2457,8.42828,1
6852940571648,-0.302795,1.24002,0.216263,4
6852960224968,2.33588,-1.54294,7.28888,1
6853020283562,-0.69989,-1.04465,9.70099,1
6853030384880,-0.724335,1.91544,1.01059,4
6853050068718,-0.335693,-1.22397,11.6148,1
6853060322624,-0.584778,1.65765,1.27975,4
6853079853874,-1.0379,-1.25095,13.0978,1
6853110127312,-1.74963,-1.75955,14.1332,1
6853120198112,-0.905914,0.989014,1.58488,4
6853139912468,-1.7179,-2.6387,13.485,1
6853169697624,-1.6806,-3.32901,11.6957,1
6853180073601,-1.27335,0.501251,1.61122,4
6853199971062,-1.23151,-3.94315,9.60181,1
6853210041862,-1.03943,0.515137,1.38051,4
6853229756218,-1.28625,-3.07193,8.14899,1
6853259541374,-1.90118,-2.77914,7.08813,1
6853269917351,-0.51712,0.970856,1.09283,4
6853319599968,-4.38947,-3.62497,8.36957,1
6853329792839,-0.236572,1.30661,0.809433,4
6853359730583,-0.0791931,1.27634,0.658463,4
6853379658562,-5.32178,-2.89182,8.56714,1
6853389637810,-0.247955,1.22437,0.473328,4
6853409443718,-5.17181,-2.76883,8.59094,1
6853419606071,-0.145782,1.17665,0.425613,4
6853449543816,0.0375824,1.08337,0.383606,4
6853469502312,-5.86768,-2.15152,9.91602,1
6853479481560,0.00126648,0.899292,0.350845,4
6853499287468,-5.95654,-2.20786,8.83295,1
6853509419304,-0.188141,0.648651,0.230515,4
6853529072624,-5.54315,-2.25943,7.59991,1
6853539357048,0.0450592,0.567474,0.157166,4
6853558857780,-5.30908,-2.14279,8.47272,1
6853569325310,0.412842,0.691727,0.108032,4
6853589131218,-5.36383,-0.738373,9.07495,1
6853618916374,-5.64313,-1.1105,9.47961,1
6853648701530,-6.03271,-1.02084,6.69696,1
6853659138542,-0.618958,0.431824,0.213425,4
6853708760124,-7.55377,-3.19888,8.30054,1
6853719014030,-0.40889,-0.342209,-0.0924225,4
6853738545280,-5.73358,-2.68234,5.75751,1
6853768818718,-5.50348,-1.7413,6.40338,1
6853778889519,0.0122986,0.133102,-0.0400848,4
6853798603874,-6.24139,-2.76883,7.07147,1
6853808827263,0.0418549,0.240265,-0.0625153,4
6853828389030,-6.67224,-3.20999,8.01886,1
6853838765007,0.265808,0.105682,-0.111649,4
6853858662468,-6.45483,-3.3187,8.40448,1
6853868702751,0.0564575,-0.0345917,-0.247299,4
6853888935905,-6.92456,-3.52261,8.53937,1
6853898701530,0.175018,-0.252838,-0.340576,4
6853918232780,-6.99835,-2.93546,8.59094,1
6853928578239,0.273285,-0.468246,-0.38829,4
6853948506218,-6.6286,-2.62125,8.48383,1
6853958546501,0.0546722,-0.648041,-0.423538,4
6853978291374,-6.00415,-2.9791,8.02759,1
6853988453728,-0.169983,-0.703232,-0.487625,4
6854008076530,-5.62012,-3.65115,7.81415,1
6854018391472,-0.167145,-0.696823,-0.558472,4
6854038349968,-5.29797,-4.21371,8.10059,1
6854048329216,-0.0293579,-0.686859,-0.609024,4
6854068135124,-4.7243,-4.82785,7.50867,1
6854108204704,0.0407867,-0.637726,-0.742905,4
6854128193718,-1.79645,-3.93918,6.62079,1
6854138142448,0.0457764,-0.203003,-0.679169,4
6854157978874,-3.29846,-3.44168,8.2569,1
6854168080193,0.695892,-0.0623627,-0.588379,4
6854187764030,-2.33838,-1.95792,7.68323,1
6854198017937,0.400024,0.150543,-0.543167,4
6854227955681,-0.920166,0.655762,-0.452377,4
6854247822624,-5.09009,-2.9791,6.41846,1
6854277607780,-7.14435,-2.64822,5.76306,1
6854287831169,-1.3766,0.963745,0.23407,4
6854307392937,-9.21844,-5.33328,3.40808,1
6854317768913,-0.212708,0.698486,0.226944,4
6854337666374,-9.44855,-4.37241,8.48938,1
6854347706657,1.6985,0.0366211,0.282852,4
6854367451530,-7.27289,-1.16684,10.3048,1
6854377613884,0.109497,-0.238953,0.012619,4
6854397236687,-5.54474,-4.37241,8.17438,1
6854407551628,-0.383606,-0.125381,-0.0835114,4
6854427510124,-4.61957,-5.57846,8.4743,1
6854437489372,0.490814,0.116364,-0.0543213,4
6854457295280,-4.3847,-4.89688,7.95856,1
6854467427116,0.663147,0.218552,-0.0119476,4
6854487080437,-4.91077,-4.26291,7.71179,1
6854516865593,-5.8042,-4.29861,8.34338,1
6854527272087,-0.00799561,0.0287781,-0.0657196,4
6854547139030,-6.03192,-4.80325,7.74512,1
6854557240349,0.0845795,-0.152084,-0.0322418,4
6854576924187,-6.63177,-5.28329,8.68219,1
6854587147575,0.00588989,-0.520935,-0.0379486,4
6854606709343,-6.13904,-5.29123,7.90222,1
6854617115837,-0.537064,-0.897629,-0.212402,4
6854636982780,-3.62378,-4.35336,3.5033,1
6854647053581,-1.88431,-0.886948,-0.402878,4
6854666767937,-2.33441,-9.13394,2.78522,1
6854676960808,-1.21318,-0.370697,-0.548859,4
6854726826530,-3.92688,-5.69907,6.24707,1
6854736836296,-0.857849,0.0266418,-0.863602,4
6854766743523,-0.858917,0.381622,-0.615082,4
6854786396843,-3.86023,-3.56467,7.88794,1
6854796681267,-0.763855,0.51442,-0.271866,4
6854816670280,-3.64044,-2.88864,8.17279,1
6854826649528,-1.05652,0.646515,-0.0222778,4
6854846455437,-5.0155,-1.53183,7.2865,1
6854856556755,-0.542755,0.698486,1.19716,4
6854876240593,-9.12482,-1.18271,13.3945,1
6854886463982,0.567368,-0.303757,1.29044,4
6854906025749,-6.86902,-5.44437,11.6934,1
6854916432243,-0.857849,-0.462906,0.642441,4
6854936299187,-5.53839,-6.74326,6.68427,1
6854946339470,0.461273,-0.118973,0.681259,4
6854966084343,-5.74548,-4.50967,5.87256,1
6854976277214,1.26947,0.223892,0.715073,4
6854995869499,-6.34375,-4.91116,6.28119,1
6855006214958,1.38127,0.187225,0.646713,4
6855026142937,-5.76453,-5.36264,7.31348,1
6855036122185,1.9812,0.243835,0.727188,4
6855055928093,-5.1004,-4.83023,8.29498,1
6855066059929,1.39729,0.124557,0.617874,4
6855085713249,-5.69629,-2.75455,8.89325,1
6855095997673,0.123749,-0.13678,0.733597,4
6855115498405,-6.49609,-4.7739,8.17358,1
6855125935417,-0.158951,-0.432648,0.597946,4
6855145771843,-5.9621,-6.61948,8.69965,1
6855155873161,-0.617172,-0.815735,0.280716,4
6855175556999,-4.81158,-7.9509,8.10931,1
6855215748650,-2.70926,-0.99234,-0.281479,4
6855235615593,-1.65997,-8.38492,4.49432,1
6855245686394,-1.86153,-0.865936,-0.37262,4
6855265400749,-3.29211,-7.88345,7.43646,1
6855275593620,0.843292,-0.540527,-0.384018,4
6855295185905,-3.68488,-3.15762,8.78058,1
6855305531364,0.814819,-0.500641,-0.51326,4
6855325459343,-3.07153,-1.66354,8.51001,1
6855355244499,-3.80865,-2.53476,6.10107,1
6855365406853,-1.27905,0.666092,-0.367996,4
6855385029655,-5.1615,-1.4025,5.9035,1
6855395344597,-0.942947,1.0257,0.130463,4
6855415303093,-6.75159,-0.350372,5.22827,1
6855425251823,0.243011,1.04776,0.745697,4
6855445088249,-7.16736,0.709686,5.13306,1
6855455220085,1.20682,0.874725,1.18861,4
6855474873405,-8.24884,-2.09836,9.93744,1
6855485096794,0.466965,0.804947,0.972488,4
6855504658562,-8.93994,-8.12546,11.3752,1
6855515065056,0.340927,0.287979,0.587616,4
6855604878288,0.315643,0.555008,0.475815,4
6855624775749,-6.74762,-3.45438,6.29865,1
6855634785515,0.422455,0.337112,0.38681,4
6855654560905,-6.94202,-3.10287,6.64618,1
6855664753777,0.284317,0.324646,0.384674,4
6855684346062,-7.01105,-2.86801,6.78821,1
6855694661003,0.00874329,0.174042,0.241196,4
6855715107780,-6.60876,-3.51071,6.59857,1
6855724659782,0.0201416,0.12384,0.160019,4
6855744404655,-6.71747,-3.5488,6.69696,1
6855784443718,0.407867,0.0715027,-0.0390167,4
6855803974968,-7.16101,-3.90268,6.85724,1
6855814411980,0.560608,-0.0292511,-0.178223,4
6855834248405,-7.64978,-5.14603,7.27856,1
6855844319206,1.05408,-0.333664,-0.343063,4
6855864033562,-7.95844,-5.61258,7.77844,1
6855874256950,1.5098,-0.754501,-0.638931,4
6855893818718,-5.63123,-5.25394,5.27985,1
6855904194694,0.674896,-0.914719,-1.22853,4
6855924092155,-3.65472,-5.60226,5.59009,1
6855934132439,-0.275726,-0.677246,-1.37558,4
6855983662468,-3.68726,-4.52078,6.50177,1
6855994007927,0.303192,-0.475372,-1.52939,4
6856013935905,-4.04749,-4.33511,7.25079,1
6856023945671,0.106293,0.120285,-1.51622,4
6856043721062,-5.20197,-1.8143,7.43884,1
6856053883415,-0.625,0.358826,-1.25844,4
6856073506218,-4.8822,0.375641,6.02014,1
6856083790642,-1.13342,0.550735,-0.622559,4
6856103779655,-6.59528,1.18735,5.64642,1
6856113758903,0.653534,0.550735,0.591537,4
6856143666130,-0.418854,0.218201,0.0727844,4
6856163349968,-7.56091,-4.12405,5.07751,1
6856173603874,-1.71234,-0.466461,-0.206345,4
6856193135124,-3.31909,-6.44174,7.67529,1
6856203541618,-0.616455,0.232086,-0.416412,4
6856223408562,-4.99567,-5.28964,7.1048,1
6856233479362,0.202423,0.644379,-0.252991,4
6856253193718,-5.29242,-5.18253,7.0318,1
6856263417107,0.0966797,0.513,-0.319931,4
6856282978874,-4.62909,-5.83395,6.82153,1
6856293354851,0.199936,0.550385,-0.256195,4
6856313252312,-5.60742,-5.39517,6.21216,1
6856323292595,0.273285,0.476685,-0.12944,4
6856353230339,0.0233459,0.199326,-0.0806732,4
6856372822624,-6.10095,-5.19284,6.47003,1
6856383137566,-0.0311279,-0.00682068,-0.0062561,4
6856403096062,-5.37732,-4.92545,6.52478,1
6856413075310,-0.0717163,-0.153503,0.069931,4
6856432881218,-5.3067,-5.29758,6.75885,1
6856443013054,-0.157532,-0.149231,0.141144,4
6856462666374,-5.72327,-5.04208,6.64301,1
6856472950798,-0.0375366,-0.191254,0.149338,4
6856492451530,-5.73834,-5.08652,6.96515,1
6856502888542,0.0511169,-0.248932,0.117996,4
6856532795769,0.261536,-0.250702,0.12085,4
6856552510124,-5.54395,-5.3793,6.97864,1
6856562764030,0.497223,-0.333313,0.106613,4
6856582295280,-5.27179,-5.42294,6.83978,1
6856592701775,0.647125,-0.381012,0.200607,4
6856612568718,-5.59473,-6.05057,7.17383,1
6856622609001,1.14343,-0.449738,0.325928,4
6856642353874,-5.62488,-4.96115,7.16907,1
6856652546745,1.05157,-0.40274,0.445557,4
6856672139030,-5.73358,-6.22672,5.99078,1
6856682484489,-0.19989,-0.374969,0.0923615,4
6856702412468,-4.30853,-8.95462,4.8728,1
6856712422234,-0.261139,-0.238251,-0.132645,4
6856742359978,0.685211,-0.0249786,-0.213821,4
6856761982780,-5.39478,-5.82919,7.82446,1
6856772297722,0.088501,-0.278473,-0.452011,4
6856792256218,-2.89618,-5.13809,5.24255,1
6856802235466,0.705872,0.178314,-0.463409,4
6856822041374,-2.67242,-2.05869,7.63324,1
6856832173210,0.501495,0.621948,-0.231628,4
6856851826530,-3.68329,-1.47708,7.51978,1
6856881611687,-4.50055,0.189178,7.60785,1
6856892018181,0.491882,0.393005,1.19182,4
6856941670280,-6.73334,-0.754242,6.00031,1
6856951893669,-2.87268,-0.252136,0.788773,4
6856981800896,-0.914459,0.0209503,0.576935,4
6857001728874,-4.8941,-3.29727,7.4809,1
6857101551872,0.506134,0.460663,0.64743,4
6857121357780,-6.43341,-3.26474,6.6319,1
6857221272331,0.431,0.112457,0.594025,4
6857240986687,-6.71588,-2.4451,7.38727,1
6857341023308,-1.37732,-0.778351,-0.875702,4
6857360615593,-6.00891,-6.96622,6.34625,1
6857460743767,-0.450195,0.222473,-0.774948,4
6857480732780,-5.14404,-2.62045,5.76385,1
6857580494743,-0.572311,-0.343277,0.451248,4
6857600361687,-7.10468,-1.55246,6.89691,1
6857700184685,-0.130463,0.412949,-0.380447,4
6857719990593,-5.80737,-5.16269,6.45892,1
6857819935661,-0.240479,-0.114349,-0.189255,4
6857839619499,-6.00574,-4.13913,6.81122,1
6857939656120,0.0183563,-0.0456238,-0.136215,4
6857959248405,-5.83673,-4.37082,6.66602,1
6858059376579,-0.0229492,-0.0360107,0.0560455,4
6858079365593,-5.76135,-4.53506,6.99371,1
6858179097038,0.336655,-0.167755,0.0588989,4
6858198994499,-6.27789,-4.54379,7.47455,1
6858298848015,-0.615753,-1.18709,-0.200653,4
6858318623405,-2.53119,-6.91068,8.27039,1
6858418568474,-0.911255,-0.894424,-0.543869,4
6858438252312,-2.87872,-6.54092,5.84241,1
6858538288933,-0.525314,0.562485,0.141495,4
6858557881218,-4.3244,-3.81064,5.95984,1
6858658009392,-0.349792,0.67749,0.756378,4
6858677998405,-8.14014,-5.09286,6.01617,1
6858777760368,-0.621445,-0.524139,0.390732,4
6858797627312,-5.79706,-5.74985,7.711,1
6858897480827,-3.84787,-1.51321,-0.753586,4
6858917256218,-5.16388,-9.85043,7.6507,1
6859017201286,-4.9021,-0.0890656,-1.28728,4
6859036885124,-2.55499,-4.37955,-1.97394,1
6859136921745,-2.76337,-0.472519,-0.479782,4
6859156514030,-1.91705,-8.52457,-3.31329,1
6859256642204,0.635727,-0.368195,-0.385086,4
6859276142937,-2.49707,-10.5733,-3.4942,1
6859376393181,2.09549,-0.825714,-0.590164,4
6859396260124,-1.3291,-10.0789,-1.58276,1
6859496052605,4.6376,-0.0958252,-0.168961,4
6859515889030,-0.606262,-10.1408,-0.259277,1
6859615803581,2.53056,-0.065918,-1.1171,4
6859635517937,0.873535,-12.2935,5.07513,1
6859735524040,2.59964,-0.15387,-1.46886,4
6859755146843,1.03143,-7.41135,4.31738,1
6859855275017,0.996399,1.05133,-0.266876,4
6859875264030,-2.08368,-1.98569,7.5293,1
6859974995476,-0.491486,0.164429,-0.0301056,4
6859994892937,-0.388855,-3.8392,12.3956,1
6860094746452,-2.86057,-0.0876465,0.210571,4
6860114521843,-0.130188,-7.84616,5.10211,1
6860214466911,-0.23407,-0.0231934,0.164291,4
6860234150749,0.150696,-5.65225,7.71179,1
6860334187370,0.0991821,0.0708008,0.0767059,4
6860353779655,-0.305542,-5.31583,8.91071,1
6860453907829,-0.0119019,-0.0310364,-0.00518799,4
6860473896843,0.318115,-5.81015,8.61633,1
6860573628288,0.0692749,0.0337677,-0.060379,4
6860593525749,-0.161133,-5.55783,8.48541,1
6860693348747,0.0365143,0.0522766,0.004776,4
6860713154655,-0.0294189,-5.56973,8.43701,1
6860813069206,0.0283203,0.0163269,-0.0162201,4
6860832783562,0.083252,-5.63956,8.56476,1
6860932789665,0.00839233,0.00741577,0.00050354,4
6860952412468,0.0102539,-5.48642,8.49969,1
6861052524323,0.0418549,0.035553,-0.00376892,4
6861072055573,-0.0794067,-5.561,8.71631,1
6861172214265,0.0550232,0.0415955,-0.00447083,4
6861192661042,-0.00878906,-5.41422,8.59808,1
6861291934724,-0.0375366,-0.0135803,0.0193787,4
6861311801667,-0.0460815,-5.465,8.53064,1
6861411655183,-0.0012207,-0.00895691,0.00869751,4
6861431430573,0.0308838,-5.40073,8.52191,1
6861531375642,-0.0104828,0.000305176,0.01297,4
6861551059479,-0.0437012,-5.57529,8.56,1
6861651065583,-0.0101318,-0.0132294,0.00300598,4
6861670688386,-0.0690918,-5.47293,8.60999,1
6861770755524,0.00375366,0.0134735,-0.00839233,4
6861790317292,-0.0960693,-5.5126,8.65442,1
6861890506501,-0.00300598,0.00457764,0.00193787,4
6861910434479,-0.0540161,-5.40311,8.54968,1
6862010226960,-0.00762939,-0.0050354,-0.00340271,4
6862030063386,-0.0817871,-5.5015,8.51953,1
6862129916901,-0.0108337,-0.0167847,-0.00804138,4
6862149692292,-0.0587769,-5.49991,8.5838,1
6862249637360,-0.0250854,-0.0132294,0.0012207,4
6862269321198,0.00152588,-5.52768,8.55127,1
6862369296784,0.0365143,0.0323486,0.00370789,4
6862388950104,-0.0770264,-5.45865,8.63141,1
6862489017243,0.00482178,0.0205994,0.00050354,4
6862508579011,-0.0928955,-5.55386,8.58142,1
6862608707184,0.0101624,0.000656128,-0.014801,4
6862628207917,-0.100037,-5.42532,8.5354,1
6862743350739,-0.00193787,0.00920105,-0.0101776,4
6862758304352,-0.0928955,-5.55148,8.53302,1
6862863071198,0.0753174,0.00386047,-0.00660706,4
6862878024811,-0.0738525,-5.45071,8.52588,1
6862982761140,0.0269012,0.0163269,-0.00839233,4
6862997714753,-0.0960693,-5.4523,8.61792,1
6863102451081,-0.00656128,0.00279236,-0.000198364,4
6863117404694,-0.0238647,-5.39041,8.61554,1
6863222141022,0.0379333,0.0088501,-0.00483704,4
6863237094636,-0.111938,-5.40549,8.62585,1
6863341800446,0.0283203,0.0316315,0.00335693,4
6863356784577,-0.136536,-5.37851,8.57428,1
6863461520905,0.000198364,0.00920105,0.00050354,4
6863476474518,-0.149231,-5.30948,8.5957,1
6863581210847,-0.022583,0.00137329,0.012619,4
6863596164460,-0.182556,-5.36264,8.59253,1
6863700900788,-0.01297,-0.0171509,0.0154572,4
6863715854401,-0.122253,-5.29599,8.68219,1
6863820590729,0.00447083,0.00279236,0.0108337,4
6863835544343,-0.146851,-5.32932,8.63934,1
6863940341706,-0.0147552,-0.0118103,0.0140381,4
6863955264802,-0.194458,-5.31583,8.62427,1
6864060001130,0.0115967,0.0088501,0.0211639,4
6864074954743,-0.142883,-5.30234,8.66235,1
6864179691071,-0.00621033,0.0059967,0.01297,4
6864194644684,-0.154785,-5.39835,8.62744,1
6864299381013,-0.00479126,-0.00646973,0.00193787,4
6864314334626,-0.184143,-5.33963,8.6076,1
6864419070954,-0.00479126,0.00527954,0.00442505,4
6864434024567,-0.228577,-5.33011,8.58142,1
6864538760895,-0.0176086,0.0127563,0.0040741,4
6864553745026,-0.563416,-5.65543,8.71075,1
6864658450837,0.121964,0.414368,0.102341,4
6864673404450,-2.00513,-5.38882,7.4928,1
6864774631257,0.630737,0.99472,-0.175735,4
6864787631745,-5.60425,-5.63956,4.93787,1
6864907871003,-8.19965,-3.7543,7.06592,1
6865027560944,-7.6228,-4.51285,7.79272,1
6865017368073,0.152939,2.3288,0.810135,4
6865147250886,-4.73541,-1.98013,8.3775,1
6865136996979,-2.59105,0.527588,1.87862,4
6865266940827,-7.34192,-11.5889,3.89923,1
6865256625886,-10.0216,-0.945343,0.638535,4
6865386661286,-12.1907,-3.26553,0.521484,1
6865376254792,3.72827,-1.16252,0.0873871,4
6865506381745,-6.94916,-1.71353,2.71381,1
6865496371979,-1.33281,-1.68518,-0.305328,4
6865626071686,-6.65479,-5.52689,5.41077,1
6865616000886,-0.668793,0.0213013,0.109818,4
6865745761628,-6.79761,-4.32401,7.67291,1
6865735629792,1.0174,-0.0442047,0.585831,4
6865865482087,-5.04565,-4.34622,5.47821,1
6865855258698,-1.43179,-0.988068,0.304565,4
6865985202546,-7.50299,-4.65567,6.20184,1
6865974887604,-1.27975,-1.48117,0.774887,4
6866104892487,-6.38977,-3.63449,5.54248,1
6866094516511,-1.63936,-0.990555,0.716141,4
6866134830231,-6.23029,-3.79239,5.77576,1
6866124789948,-1.37589,-0.765533,0.881699,4
