Inicio: 02-05-2017-14:08:20:744
Fim: 02-05-2017-14:08:26:830
6058518345414,-9.37634,-2.72916,1.53076,1
6058549107132,-9.33112,-2.63235,1.60535,1
6058579105912,-9.36523,-2.6879,1.52124,1
6058638950882,-9.36206,-2.71725,1.51965,1
6058668888627,-9.37396,-2.74106,1.52124,1
6058698826371,-9.37158,-2.74979,1.53156,1
6058723789750,-9.29858,-2.75296,1.57361,1
6058758762894,-9.32239,-2.76566,1.5498,1
6058758762894,-0.00621033,0.0113373,0.00193787,4
6058788700638,-9.34698,-2.80374,1.56647,1
6058788700638,0.015152,0.00634766,0.0040741,4
6058818638382,-9.36206,-2.77121,1.56171,1
6058848606644,-9.30017,-2.73868,1.53394,1
6058848606644,0.016571,0.000656128,-0.00305176,4
6058878544388,0.0322418,0.017746,-0.00447083,4
6058908482132,-9.27875,-2.66885,1.5387,1
6058908482132,0.0507507,0.0102692,-0.00340271,4
6058938450394,-9.29144,-2.64029,1.55933,1
6058968357621,-9.2962,-2.66092,1.53949,1
6058968357621,0.0457764,0.00314331,0.00691223,4
6058998325882,0.0219116,0.0020752,0.00442505,4
6059028294144,-9.35651,-2.7363,1.50934,1
6059028294144,0.0140839,-0.00361633,0.00263977,4
6059058231888,-9.34778,-2.78549,1.47125,1
6059058231888,0.0190735,-0.00183105,-0.000198364,4
6059088169632,-9.38904,-2.74344,1.49109,1
6059148075638,-9.35651,-2.65457,1.56488,1
6059148075638,0.0254822,0.00778198,-0.00946045,4
6059207981644,0.0244141,-0.000411987,-0.00163269,4
6059237919388,-9.3335,-2.65219,1.52917,1
6059267857132,0.0244141,0.0109863,0.00370789,4
6059297825394,-9.33826,-2.73788,1.51965,1
6059327763138,-9.31921,-2.70139,1.52203,1
6059327763138,0.0311737,0.0106201,0.00300598,4
6059357700882,0.0290375,0.0102692,0.00050354,4
6059387669144,-9.34619,-2.72519,1.51727,1
6059447544632,-9.37952,-2.69028,1.54901,1
6059447544632,0.0144348,0.0152588,-0.00233459,4
6059477512894,-9.3327,-2.64743,1.57837,1
6059477512894,0.0290375,0.00991821,-0.00447083,4
6059537388382,0.0336609,-0.000762939,-0.00198364,4
6059567326127,-9.31683,-2.63632,1.5022,1
6059597294388,-0.000152588,0.00671387,0.00904846,4
6059627232132,-0.0119019,0.0113373,0.00656128,4
6059657169877,-9.36761,-2.74185,1.45459,1
6059657169877,0.0062561,0.017395,0.00656128,4
6059687107621,-9.32635,-2.65695,1.49268,1
6059717045365,-0.00228882,0.0298462,0.00727844,4
6059776920853,-9.43506,-2.61172,1.38953,1
6059776920853,-0.00228882,0.0415955,0.0247192,4
6059806858597,0.000549316,0.0473022,0.0265045,4
6059836826859,-9.35095,-2.57761,1.30939,1
6059836826859,-0.000869751,0.0686646,0.0268555,4
6059866734086,-9.38666,-2.53714,1.29272,1
6059896702347,-9.42078,-2.50858,1.30383,1
6059896702347,0.0108795,0.115662,0.0482178,4
6059926640091,-9.41205,-2.50302,1.23004,1
6059926640091,0.000549316,0.12883,0.059967,4
6059956608353,-9.49615,-2.50064,1.18085,1
6059956608353,-0.0115509,0.151611,0.0692291,4
6060016514359,0.0354462,0.167633,0.0724335,4
6060046452103,-9.69769,-2.17453,0.852356,1
6060046452103,0.00340271,0.23172,0.0820465,4
6060076389847,-9.3454,-1.52072,0.64447,1
6060076389847,-0.0368347,0.205734,0.157166,4
6060106327591,-9.22876,-1.7294,0.769043,1
6060106327591,-0.112671,0.330704,0.253647,4
6060136295853,-9.43744,-1.74765,0.298523,1
6060136295853,-0.148621,0.391586,0.336258,4
6060166233597,-9.4303,-1.71274,0.0787354,1
6060226139603,-9.65405,-1.63498,-0.229919,1
6060226139603,-0.282852,0.494125,0.452682,4
6060256077347,-9.61676,-1.4017,-0.456848,1
6060286045609,-9.46124,-1.01608,-0.559998,1
6060286045609,-0.314545,0.607697,0.51712,4
6060315983353,-9.50409,-0.78598,-0.677429,1
6060315983353,-0.335907,0.674637,0.596878,4
6060345921097,-9.29938,-0.629669,-0.89563,1
6060345921097,-0.325226,0.71167,0.659531,4
6060375889359,-9.47235,-0.0718689,-1.29791,1
6060405888138,-9.51678,0.333588,-1.79779,1
6060405888138,-0.255798,0.836273,0.791977,4
6060435764847,-9.07483,0.45816,-2.2215,1
6060435764847,-0.254364,0.858704,0.896301,4
6060465702591,0.00375366,0.99472,1.01772,4
6060495670853,-9.50568,0.664459,-2.11041,1
6060495670853,0.151871,1.06201,1.08464,4
6060525089798,-10.4729,0.459747,-2.30084,1
6060555546341,-10.4737,0.0693665,-2.92926,1
6060535435257,-0.0457306,1.16917,1.03302,4
6060585484086,-9.80957,0.0455627,-3.29187,1
6060565708695,-0.233368,1.06949,0.913742,4
6060615452347,-9.7937,0.00985718,-3.30933,1
6060595493851,-0.166428,1.13927,0.805511,4
6060645390091,-8.93439,0.582733,-3.41724,1
6060655552445,0.241943,1.2233,0.592606,4
6060705265580,-8.08698,0.687469,-3.99329,1
6060685337601,0.452011,1.38066,0.564468,4
6060735203324,-7.06104,2.07602,-3.47357,1
6060715122757,0.954742,1.32619,0.656326,4
6060765171586,-7.25305,1.53726,-3.52435,1
6060745396195,1.07187,1.27278,0.785934,4
6060795109330,-8.06476,1.17465,-1.85413,1
6060775181351,0.943695,1.29807,0.832565,4
6060825047074,-7.77515,2.27914,-1.35663,1
6060804966507,0.767456,1.05133,0.871017,4
6060854984818,-6.79126,1.23019,-2.48492,1
6060944828568,-6.87695,1.63406,-6.03088,1
6060925083695,-0.310974,0.557495,0.338745,4
6060974766312,-7.62518,1.99588,-7.36389,1
6060954868851,0.080658,0.521545,0.298157,4
6061004673539,-7.99731,1.30637,-6.11658,1
6060984654007,0.230194,0.477036,0.263977,4
6061034641800,-7.91321,1.83481,-5.11047,1
6061014439164,0.297485,0.112091,0.131531,4
6061064579545,-7.8172,0.47403,-4.41144,1
6061124455033,-10.7379,5.63785,-7.82489,1
6061104282914,0.207413,-0.565796,-0.312088,4
6061154392777,-10.9331,2.32993,-3.93695,1
6061134556351,-0.56163,-0.642349,-0.278625,4
6061184330521,-10.7736,2.72507,-5.16443,1
6061164341507,-0.00158691,-0.93573,-0.573425,4
6061214268265,-8.45038,1.95938,-3.79016,1
6061194126664,0.0842285,-1.12158,-0.739334,4
6061244206009,-7.53314,2.24344,-3.93536,1
6061224400101,0.260818,-1.00266,-0.850784,4
6061274174271,-8.00604,0.278046,-5.47229,1
6061254185257,0.39682,-1.04965,-0.779922,4
6061314243851,-0.00727844,-1.20917,-0.879623,4
6061363987504,-8.71619,0.804901,-3.06653,1
6061493931351,0.488678,-1.39038,-1.15199,4
6061543644486,-9.26605,-1.33902,-1.56531,1
6061573612748,-9.466,-1.86588,-0.558411,1
6061553501664,0.538177,-1.353,-1.0701,4
6061603519974,-10.0595,-3.34647,0.434204,1
6061583775101,0.480499,-1.55452,-0.967911,4
6061633488236,-9.80243,-1.90317,-0.934509,1
6061613560257,0.303192,-1.69159,-0.844376,4
6061663425980,-9.73578,-2.13803,1.49109,1
6061643345414,0.450943,-2.01025,-0.731506,4
6061693394242,-7.38318,-2.17294,0.730164,1
6061673618851,0.172516,-2.22778,-1.04945,4
6061723331986,-5.88434,1.15878,3.5025,1
6061703404007,0.720459,-2.11101,-1.41724,4
6061753239212,-10.1627,-3.39804,3.72864,1
6061733189164,0.92804,-1.96646,-1.44215,4
6061783207474,-10.2912,-10.0702,3.71991,1
6061762974320,-0.0791931,-1.79378,-1.92673,4
6061793247757,-0.0364685,-1.46622,-2.24361,4
6061843082962,-7.59106,-5.11429,1.98779,1
6061823032914,-0.386108,-1.4502,-2.27173,4
6061873051224,-5.11469,-1.56039,7.26666,1
6061852818070,1.22818,-1.63036,-1.35457,4
6061902958451,-5.15198,-3.41074,4.02222,1
6061883091507,1.41403,-1.81335,-0.546005,4
6061932926712,-7.51013,-5.69827,4.33722,1
6061912876664,0.531769,-1.7126,-0.567368,4
6061962864457,-6.18427,-4.28195,5.37744,1
6061942661820,0.72403,-1.70264,-0.577347,4
6061992802201,-4.44501,-3.92569,6.36133,1
6061972935257,1.32111,-2.16869,-0.614731,4
6062022770462,-3.44922,-4.98178,7.63641,1
6062052677689,-2.58911,-5.561,7.11829,1
6062032505570,0.747528,-2.83804,-0.653885,4
6062112614212,-1.37274,-5.89981,8.57507,1
6062092564164,1.00423,-2.65967,-0.329178,4
6062142521439,-0.968872,-3.25998,10.9856,1
6062122349320,1.60309,-2.33638,0.108032,4
6062172489701,-1.63538,-3.79636,11.4569,1
6062152622757,1.44643,-1.27574,0.34053,4
6062202427445,-2.35901,-0.159943,11.2054,1
6062182407914,1.27945,-0.458282,0.128677,4
6062232426224,-2.96997,0.120941,9.65894,1
6062212193070,0.682007,0.0672302,-0.328476,4
6062272251664,-0.617889,0.140228,-0.465897,4
6062322208939,-1.49811,-5.03653,8.55127,1
6062302036820,-0.350494,-0.164185,-0.466965,4
6062352116166,-1.74329,-4.06851,8.76471,1
6062332310257,0.299271,-0.0388641,-0.350906,4
6062382084427,-2.18683,-3.50119,9.00513,1
6062362095414,0.233765,-0.0413513,-0.238754,4
6062412022171,-2.42169,-3.82889,8.56,1
6062391880570,-0.42598,0.0665283,-0.104874,4
6062441959916,-1.49335,-3.79715,9.78351,1
6062422154007,-0.078125,-0.206207,0.100555,4
6062471897660,-1.48224,-3.39249,9.11621,1
6062451939164,-0.0318451,-0.236816,0.10376,4
6062501835404,-1.172,-3.21237,9.83508,1
6062481724320,-0.00549316,-0.152435,0.0816803,4
6062531773148,-1.18628,-3.1965,9.58673,1
6062511997757,-0.130112,-0.136063,-0.0112457,4
6062561710892,-2.17255,-3.5607,8.95197,1
6062541782914,-0.297806,0.136658,-0.0778198,4
6062591648636,-1.94324,-3.94315,8.8996,1
6062571568070,-0.39856,0.083252,-0.101669,4
6062621616898,-1.29181,-4.40891,8.85754,1
6062601841507,-0.417084,-0.137131,-0.113419,4
6062651554642,-1.33069,-4.71042,8.8877,1
6062631626664,-0.312042,-0.156708,-0.0796051,4
6062661411820,-0.113739,-0.0826569,-0.0521851,4
6062711430130,-1.70837,-4.24307,8.93292,1
6062691685257,-0.0222321,-0.0335236,-0.00340271,4
6062741367875,-1.72504,-4.10739,9.13446,1
6062721470414,0.0283203,-0.0410004,0.0329132,4
6062771336136,-1.6441,-4.17245,9.09955,1
6062751255570,0.0325928,-0.083725,0.0361176,4
6062801273880,-1.34259,-3.94473,9.30902,1
6062781529007,0.0767517,-0.0879974,0.0286407,4
6062831211625,-1.29736,-4.08121,9.22888,1
6062811314164,0.23056,-0.0406494,0.0161743,4
6062891087113,-0.274597,-2.23404,9.31537,1
6062871372757,0.38472,-0.350037,0.0425262,4
6062921024857,2.32001,-4.18436,11.3633,1
6062930943070,0.992126,-0.895142,-0.366562,4
6062980930863,-0.299988,-3.91855,10.1683,1
6062960728226,1.40121,-0.866302,-0.529984,4
6063010868607,-0.134949,-1.64926,10.2509,1
6062991001664,1.92566,-0.891571,-0.555618,4
6063040806351,0.833862,0.32486,9.55975,1
6063020786820,1.92139,-1.07208,-0.503281,4
6063050571976,1.1089,-1.21059,-0.31636,4
6063100681839,0.655334,-0.124237,4.6062,1
6063080845414,-0.207367,-0.769806,0.0517731,4
6063130619584,0.2229,-0.2258,2.64478,1
6063110630570,-1.18434,-0.303406,0.458725,4
6063160557328,-1.02759,0.585114,3.92224,1
6063140415726,-1.59628,0.429321,0.813339,4
6063190495072,-4.10382,-0.443207,15.137,1
6063170689164,-2.05165,1.64235,1.13663,4
6063220432816,-8.16632,-10.9867,12.4114,1
6063200474320,-1.88823,3.11528,0.762787,4
6063230259476,-5.68182,0.844467,-0.0738983,4
6063280338822,-0.700684,-12.6077,5.27112,1
6063260532914,-2.69572,-0.49353,-0.63324,4
6063310276566,-0.547546,-5.76334,7.66974,1
6063320103226,1.88043,-0.267792,-0.068924,4
6063370152054,-1.14185,-4.10342,9.23047,1
6063350376664,0.965057,0.0679474,0.0788422,4
6063400089798,-0.714966,-4.91592,8.79248,1
6063409946976,0.109497,0.0156097,-0.00697327,4
6063459965287,-0.980774,-4.28513,9.04797,1
6063519840775,-0.666565,-5.29282,8.69171,1
6063499790726,-0.154327,-0.055603,-0.013382,4
6063639622269,-1.04822,-5.0278,8.71948,1
6063619419632,-0.0172424,0.0337677,0.0190277,4
6063759373246,-0.883972,-4.74454,8.86786,1
6063739536820,0.0365143,-0.00326538,-0.00660706,4
6063879154740,-0.850647,-4.93497,8.80121,1
6063859165726,0.000198364,-0.0253296,-0.0062561,4
6063998905716,-0.871277,-5.05081,8.78772,1
6063978794632,-0.0233002,-0.00967407,-0.00518799,4
6064118687211,-0.821289,-4.86752,8.84644,1
6064098911820,0.0301056,-0.0210571,-0.0105286,4
6064238407670,-0.858582,-4.89926,8.80994,1
6064218540726,0.00553894,0.00527954,0.00762939,4
6064358158646,-0.838745,-4.8699,8.80994,1
6064338169632,0.0112305,0.000305176,0.00442505,4
6064477909623,-0.819702,-4.86832,8.81311,1
6064457798539,0.0144348,-0.0125122,0.00193787,4
6064597660599,-0.858582,-4.90561,8.81946,1
6064577915726,-0.0136871,-0.010376,-0.0062561,4
6064717381058,-0.803833,-4.90482,8.82501,1
6064697544632,-0.00300598,-0.00717163,-0.00198364,4
6064837132035,-0.809387,-4.92148,8.82977,1
6064817173539,-0.0144043,-0.00753784,-0.00163269,4
6064956913529,-0.8078,-4.91037,8.81311,1
6064936802445,0.0215607,-0.00289917,0.000152588,4
6065076664505,-0.800659,-4.94925,8.82343,1
6065056919632,-0.0040741,-0.00895691,-0.000915527,4
6065196384964,-0.803833,-4.91354,8.81152,1
6065176548539,-0.00727844,-0.000762939,-0.000564575,4
6065286198197,-0.797485,-4.94608,8.82343,1
6065266392289,-0.0108337,-0.00967407,-0.00305176,4
