Inicio: 31-12-1969-20:59:59:999
Fim: 08-01-2019-15:53:16:392
105010705985667,-9.492981,-1.780182,1.220520,1
105010737235667,-9.525513,-1.753204,1.307800,1
105010768485667,-9.547729,-1.815887,1.340332,1
105010799735667,-9.588196,-1.836517,1.362549,1
105010823173167,-9.631042,-1.860321,1.319702,1
105010854423167,-9.622314,-1.864288,1.364929,1
105010885673167,-9.579468,-1.959503,1.276855,1
105010916923167,-9.576294,-1.988068,1.177673,1
105010948173167,-9.472351,-1.900787,1.180847,1
105010979423167,-9.489807,-1.906342,1.153870,1
105011010673167,-9.492188,-1.930145,1.101501,1
105011023337962,-0.069870,0.012146,-0.025009,4
105011041923167,-9.550903,-1.932526,1.091187,1
105011083335520,0.047974,0.029587,-0.006134,4
105011104423167,-9.528687,-1.821442,1.103882,1
105011113334300,0.056519,0.028885,-0.017166,4
105011143302561,0.041916,0.034927,-0.029282,4
105011159110667,-9.528687,-1.836517,1.156250,1
105011190360667,-9.542969,-1.861115,1.084045,1
105011203300120,0.077530,0.046326,-0.020020,4
105011252860667,-9.628662,-1.786530,1.143555,1
105011263297679,0.127014,0.042770,-0.018951,4
105011284110667,-9.654053,-1.729401,1.166565,1
105011293265940,0.082870,0.019974,-0.036392,4
105011307548167,-9.644531,-1.718292,1.125305,1
105011338798167,-9.584229,-1.734161,1.146729,1
105011383231761,0.042633,0.021759,-0.031769,4
105011401298167,-9.540588,-1.763519,1.103088,1
105011463798167,-9.594543,-1.746857,1.127686,1
105011473197581,0.078949,0.005386,0.012024,4
105011503196360,0.064713,0.000397,0.016296,4
105011487235667,-9.601685,-1.754791,1.133240,1
105011518485667,-9.619934,-1.784149,1.111816,1
105011533164622,0.046188,0.000397,0.012741,4
105011549735667,-9.590576,-1.814301,1.093567,1
105011563163401,0.060440,-0.008499,0.007751,4
105011580985667,-9.584229,-1.764313,1.103882,1
105011593162181,0.059006,-0.011703,0.005615,4
105011612235667,-9.578674,-1.743683,1.122131,1
105011623160960,0.028030,-0.016693,0.004547,4
105011653159739,0.016998,-0.013138,0.009171,4
105011643485667,-9.555664,-1.746857,1.073730,1
105011674735667,-9.558044,-1.769073,1.103882,1
105011698173167,-9.535034,-1.770660,1.093567,1
105011713157298,0.035507,-0.008499,0.026978,4
105011729423167,-9.535034,-1.743683,1.109436,1
105011743125559,0.025192,-0.010635,0.026627,4
105011760673167,-9.502502,-1.742096,1.104675,1
105011803123118,0.020920,-0.008148,0.029114,4
105011877834544,-9.582642,-1.766693,1.086426,1
105011893062815,0.014862,0.002884,0.039795,4
105011909084544,-9.546143,-1.770660,1.080872,1
105011971584544,-9.565979,-1.688934,1.157837,1
105011953060374,0.029099,0.007156,0.034103,4
105011983059153,0.030533,0.008942,0.031601,4
105012002834544,-9.562805,-1.639740,1.087219,1
105012013057933,0.016647,0.010010,0.036240,4
105012034084544,-9.550110,-1.677826,1.103088,1
105012043117747,0.026260,0.014633,0.049408,4
105012057522044,-9.526306,-1.623077,1.063416,1
105012073055491,0.053314,0.033859,0.062943,4
105012088772044,-9.493774,-1.421539,1.045959,1
105012133022532,0.035156,0.042770,0.133438,4
105012151272044,-9.630249,-1.415985,1.039612,1
105012163021311,0.070755,0.053452,0.189682,4
105012182522044,-9.669922,-1.339020,1.003906,1
105012192989573,0.087494,0.078720,0.224228,4
105012268459544,-9.698486,-1.279510,0.926941,1
105012299709544,-9.602478,-1.188263,1.009460,1
105012252987132,0.093903,0.115753,0.248795,4
105012282985911,0.130936,0.110764,0.256973,4
105012312984690,0.149094,0.137833,0.266235,4
105012330959544,-9.604065,-1.105743,0.929321,1
105012342952952,0.169739,0.134628,0.265518,4
105012432918772,0.066132,0.157410,0.303970,4
105012448147044,-9.147034,-0.564606,0.752380,1
105012462917552,0.095322,0.183044,0.357376,4
105012479397044,-9.099426,-0.313873,0.569885,1
105012541897044,-8.611450,-0.104401,0.325500,1
105012552883372,0.100311,0.271347,0.505142,4
105012573147044,-8.316284,0.058258,0.039063,1
105012582882151,0.195724,0.291641,0.561386,4
105012604397044,-7.650574,0.634308,-0.042664,1
105012612880931,0.217804,0.351807,0.634384,4
105012659084544,-8.716187,0.370880,0.688110,1
105012672847972,0.412552,0.827118,0.980087,4
105012690334544,-9.622314,0.501007,-0.448914,1
105012762813792,0.502640,0.374954,0.760422,4
105012784084544,-8.710632,1.406342,-1.709717,1
105012792782054,0.617279,0.284515,0.603409,4
105012807522044,-7.856079,1.832428,-2.031067,1
105012822811351,0.464890,0.318344,0.520447,4
105012852779612,0.222427,0.445084,0.498367,4
105012838772044,-7.961609,1.853058,-3.118896,1
105012870022044,-9.123230,2.071259,-3.706055,1
105012882778392,0.133423,0.354660,0.457077,4
105012901272044,-8.742371,2.055389,-3.072876,1
105012912777171,0.047256,0.328308,0.397614,4
105013018459544,-10.256287,1.115143,-0.250549,1
105013032741770,0.928452,1.075638,-0.017532,4
105013049709544,-10.055542,2.669525,-0.916260,1
105013062710032,1.236786,0.956360,-0.340805,4
105013080959544,-10.338806,2.873444,-2.745178,1
105013092708811,1.074783,0.594986,-0.570816,4
105013112209544,-9.444580,4.711884,-4.469360,1
105013122677073,0.795654,0.050247,-0.657333,4
105013166897044,-8.100464,2.283905,-5.133484,1
105013260647044,-11.277466,-1.208893,-4.770874,1
105013272640452,0.871490,-0.744431,-0.513840,4
105013302639231,1.072296,-1.815750,-0.973129,4
105013291897044,-9.845276,1.315887,0.119202,1
105013323147044,-8.109985,1.200836,2.653503,1
105013377834544,-11.782104,-1.392975,-3.207764,1
105013392605052,-0.435883,-2.169296,-0.998764,4
105013409084544,-10.513367,-1.101776,2.200439,1
105013440334544,-12.531128,-1.365204,5.103699,1
105013422603831,-0.439438,-2.835098,-0.984528,4
105013452602610,-1.263321,-2.535660,-0.880203,4
105013471584544,-12.322449,-1.483429,2.345642,1
105013557522044,-10.395935,-0.799469,2.966125,1
105013572536692,-0.582932,-1.184494,0.154083,4
105013588772044,-9.680237,-0.414642,2.262329,1
105013620022044,-9.447754,-1.353302,4.226135,1
105013651272044,-9.800842,-3.816986,5.637695,1
105013602535472,-0.578659,-1.060593,0.049759,4
105013632503733,-0.507095,-0.993301,-0.185928,4
105013662502513,-0.593246,-0.894333,-0.490707,4
105013682522044,-8.077454,-2.826752,5.046570,1
105013692470774,-0.550522,-1.020370,-0.587906,4
105013713772044,-6.726990,0.357391,4.842651,1
105013722469554,-0.570465,-1.313736,-0.572235,4
105013842434153,-0.642029,-1.318375,-0.872375,4
105013862209544,-5.339233,-1.227936,8.592529,1
105013872493968,-0.335480,-1.205856,-0.623505,4
105013893459544,-4.485474,-4.150238,8.843262,1
105013916897044,-7.017395,-4.735016,5.188599,1
105013932399974,-0.421280,-0.304367,-0.706100,4
105013948147044,-8.248047,-2.757721,4.677612,1
105014041897044,-7.138000,-5.493561,5.530579,1
105014052334056,-0.270676,-0.636200,-0.996277,4
105014073147044,-6.433411,-6.107697,5.890015,1
105014082302317,-0.139664,-0.752975,-0.899078,4
105014096584544,-6.166016,-4.877838,6.036804,1
105014112301097,0.041214,-0.805313,-0.833923,4
105014172298655,0.381226,-0.990463,-0.823959,4
105014190334544,-5.273376,-5.202362,6.458130,1
105014221584544,-5.213867,-4.195465,7.527710,1
105014252834544,-4.697327,-5.107941,7.087341,1
105014262264476,0.049393,-0.985123,-0.453323,4
105014276272044,-4.560059,-5.361053,7.109558,1
105014292232737,0.106369,-1.038162,-0.386734,4
105014307522044,-4.033203,-5.332489,7.427734,1
105014370022044,-3.142944,-5.871246,8.181519,1
105014412197337,0.564590,-0.877594,-0.215836,4
105014401272044,-3.168335,-5.826019,7.956970,1
105014432522044,-3.001709,-5.149200,8.142639,1
105014442196116,0.730148,-0.864777,-0.157806,4
105014463772044,-2.833496,-4.480316,8.640930,1
105014532161936,0.887512,-0.236008,-0.272812,4
105014549709544,-3.041382,-3.031464,8.021240,1
105014562160716,0.540024,-0.124573,-0.351852,4
105014580959544,-3.129456,-3.761444,9.069397,1
105014643459544,-2.537537,-3.458344,9.720032,1
105014652126536,-0.511002,0.059143,-0.306992,4
105014682125315,-0.482162,0.302322,-0.327637,4
105014666897044,-3.105652,-5.101593,7.883972,1
105014698147044,-3.594421,-5.764130,8.175964,1
105014729397044,-3.188965,-5.119843,9.120178,1
105014760647044,-2.974731,-4.822296,8.520325,1
105014791897044,-1.517944,-3.505951,8.266418,1
105014712124095,0.465958,0.030304,-0.277435,4
105014742092356,0.415756,0.121811,-0.264618,4
105014832088694,0.822006,0.014999,-0.146057,4
105014823147044,-0.380127,-2.570465,8.329102,1
105014846584544,0.015808,-2.119781,8.736145,1
105014862087474,0.900330,-0.006729,0.017365,4
105014877834544,-0.134949,-2.503021,10.798340,1
105014892055735,0.140900,0.030304,0.167969,4
105014909084544,-1.625854,-3.709869,10.407166,1
105014922054515,-0.344025,0.064835,0.286530,4
105014940334544,-2.325684,-3.879669,9.134460,1
105014982021556,0.363068,-0.023453,0.380173,4
105015002834544,-2.749390,-2.815643,9.753357,1
105015011989817,-0.019318,0.220078,0.292587,4
105015057522044,-3.843567,-2.980682,8.846436,1
105015120022044,-2.392334,-3.776520,9.090820,1
105015101986155,-0.219055,-0.235306,-0.009689,4
105015131954417,0.042282,-0.302231,-0.033905,4
105015161953196,0.103867,-0.125290,-0.002213,4
105015151272044,-1.976563,-3.438507,9.309814,1
105015191921458,0.087143,0.040985,0.029831,4
105015205959544,-2.514526,-3.183014,9.208252,1
105015221920237,0.045120,0.070541,0.027695,4
105015237209544,-2.647827,-3.228241,9.131287,1
